0,8,57.7235,0
0,16,124.78,0
0,29,108.853,0
0,44,97.8008,0
0,69,115.849,0
0,70,155.024,5.64336
0,78,79.3095,0
0,88,128.996,0
1,2,145.599,9.95705
1,7,35.0143,0
1,8,131.21,10.1948
1,9,136.813,9.41736
1,12,63.5138,0
1,16,65.729,5.25655
1,17,167.862,9.60689
1,20,80.4193,6.88372
1,27,105.686,8.55844
1,29,77.1299,6.5576
1,36,43.0116,0
1,44,167.735,13.0559
1,69,76.7651,6.55626
1,70,28.178,0
1,71,124.697,8.45325
1,72,100.703,4.11965
1,80,112.071,0
1,83,83.9155,5.23184
1,88,144.028,12.1513
1,93,22.2036,0
1,95,99.6037,8.05734
1,98,89.71,1.76435
2,1,145.599,9.95705
2,7,137.612,0
2,9,7.81025,0
2,12,137.768,11.6533
2,17,31.9531,0
2,20,65.5134,0
2,36,137.778,2.61577
2,41,141.014,0
2,42,93.2363,0
2,46,97.0824,0
2,50,88.1419,0
2,51,62.2656,0
2,63,129.468,0
2,64,142.046,0
2,70,139.718,0
2,71,137.615,0
2,72,55.1543,0
2,77,75.7694,0
2,80,158.813,11.1498
2,83,111.417,9.14163
2,86,110.941,0
2,93,116.181,0
2,95,45.2217,0
2,98,171.488,12.7464
3,6,180.095,15.3008
3,10,196.978,9.42861
3,11,123.321,10.4516
3,18,274.204,0
3,19,130.277,8.09692
3,21,108.509,9.24313
3,23,127.612,10.9164
3,25,58.1378,0
3,26,203.946,10.6933
3,30,181.38,13.4117
3,31,132.749,11.1623
3,33,164.195,0
3,34,125.876,10.671
3,35,276.724,0
3,37,226.771,16.5531
3,39,164.069,8.42889
3,43,90.4442,6.44934
3,48,86.8332,0
3,56,128.087,7.37069
3,57,161.029,13.069
3,62,185.089,14.2296
3,65,145.118,8.72886
3,68,132.441,8.82941
3,73,101.32,7.21131
3,74,116.056,6.85443
3,76,162.612,8.66746
3,79,61.0574,0
3,81,72.3452,6.20608
3,84,283.387,0
3,85,187.537,5.8878
3,87,145.737,8.06143
3,90,167.093,0
3,97,89.8443,0
4,11,135.004,0
4,21,146.751,0
4,23,116.211,0
4,30,78.2432,0
4,32,93.0054,0
4,38,118.878,0
4,39,66.5733,0
4,43,141.989,0
4,52,26.4197,0
4,56,107.782,0
4,58,101.491,7.56751
4,62,140.071,0
4,65,73.5527,0
4,73,119.641,0
4,74,125.22,0
4,76,60.9262,0
4,81,146.277,0
4,89,144.779,0
4,94,63.8905,0
5,13,158.844,9.66594
5,15,109.038,2.42272
5,22,106.925,6.79024
5,24,109.293,0
5,35,227.168,16.9293
5,45,55.5698,0
5,54,119.573,8.84526
5,59,63.4481,5.33925
5,71,144.75,9.30111
5,75,168.939,9.50352
5,80,116.867,0
5,91,28.8617,0
6,3,180.095,15.3008
6,18,37.1457,3.14646
6,19,53.7122,0
6,25,214.435,12.0172
6,33,183.346,7.02513
6,43,106.042,0
6,49,101.868,0
6,55,103,0
6,56,130.801,0
6,57,18.1108,0
6,68,42.0476,0
6,73,132.136,0
6,74,113.851,0
6,79,159.204,11.4059
6,81,130.188,0
6,84,87.0938,5.1041
6,85,227.874,12.5236
6,87,73.7564,0
6,90,160.04,6.92908
6,97,205.832,10.5327
7,1,35.0143,0
7,2,137.612,0
7,8,97.0464,0
7,9,129.808,0
7,12,52,0
7,16,30.2655,0
7,20,109.37,8.96701
7,27,156.844,12.2216
7,29,59.0339,0
7,36,13.4164,0
7,50,172.065,10.6889
7,69,38.1182,0
7,70,76.1977,6.52751
7,71,168.435,11.816
7,72,146.23,10.26
7,80,147.085,0
7,83,80.0897,5.2917
7,88,191.839,16.227
7,93,57.1402,0
7,95,92.4554,0
7,98,73.6817,1.46829
8,0,57.7235,0
8,1,131.21,10.1948
8,7,97.0464,0
8,16,67.3647,0
8,27,162.961,13.6709
8,29,52.6972,0
8,36,111.042,0.982023
8,44,85.0941,0
8,69,59,0
8,70,87.4185,0
8,78,81.4002,0
8,88,98.326,0
8,93,110.675,0
9,1,136.813,9.41736
9,2,7.81025,0
9,7,129.808,0
9,12,134.501,11.5261
9,17,36.4966,0
9,20,58.6941,0
9,27,180.624,13.5468
9,36,129.997,2.61647
9,42,95.1315,0
9,46,100.975,0
9,50,86.4523,0
9,51,69.9714,0
9,63,129.557,0
9,70,134.729,1.01252
9,71,134.183,0
9,72,51.9711,0
9,77,82.7647,0
9,80,153.622,10.3509
9,83,103.599,8.66392
9,86,109.604,0
9,93,109.238,0
9,95,37.4433,0
9,98,161.637,11.8106
10,3,196.978,9.42861
10,18,251.446,15.2444
10,25,139.855,8.28524
10,26,27.4591,0
10,33,76.8008,6.58602
10,37,34.7131,0
10,48,135.695,7.9034
10,57,239.956,15.6816
10,79,161.012,10.1535
10,84,218.499,15.0632
10,85,23.6008,0
10,90,93.2098,7.99594
10,97,101.045,8.37686
11,3,123.321,10.4516
11,4,135.004,0
11,13,112.947,0
11,21,16.5529,0
11,23,23.8537,0
11,25,181.425,14.2566
11,30,64.0312,0
11,31,19.105,0
11,34,17.4929,0
11,35,137.761,8.63756
11,39,111.041,0
11,43,95.5249,0
11,48,185.262,13.7067
11,52,134.239,0
11,56,104.12,0
11,58,128.011,3.39705
11,60,106.677,0
11,61,119.017,0
11,62,58.6686,0
11,65,79.3977,0
11,66,120.934,0
11,73,76.4199,0
11,74,107.787,0
11,75,102.786,0
11,76,101.912,0
11,79,182.124,14.9195
11,81,63.5689,0
11,82,133.959,0
11,92,105.394,0
11,94,119.331,0
11,97,216.084,15.7795
12,1,63.5138,0
12,2,137.768,11.6533
12,7,52,0
12,9,134.501,11.5261
12,16,82.0975,0
12,17,172.312,14.1793
12,20,70.3491,0
12,27,170.689,13.9608
12,29,129.805,8.65369
12,36,40.4475,0
12,42,162.149,11.4885
12,50,119.108,9.18384
12,63,164.232,10.3129
12,69,90.05,0
12,70,91.586,0
12,72,112.183,3.272
12,83,27.9785,2.18014
12,86,135.101,9.71216
12,93,79.9062,0
12,95,103.663,6.56555
12,98,26.6724,1.64741
13,5,158.844,9.66594
13,11,112.947,0
13,15,101.193,0
13,21,115.521,0
13,23,136.308,0
13,28,148.018,3.13629
13,31,96.3016,0
13,34,99.925,0
13,35,56.7032,3.32307
13,53,126.574,0
13,54,50,0
13,59,140.481,5.52617
13,60,94.0479,0
13,61,112.641,0
13,62,95.1755,3.51801
13,66,55.7853,0
13,75,11.3137,0
13,82,71.5122,0
13,92,98.656,0
13,96,137.743,0
14,15,68.0074,0
14,28,72.765,1.62156
14,40,66.4906,0
14,41,94.3027,0
14,45,145.152,0
14,46,76.2168,0
14,47,200.164,10.529
14,51,145.621,0.527555
14,53,66.4831,0
14,54,118.224,0
14,59,141.24,8.67723
14,60,133.034,0
14,61,131.973,0
14,64,47.5079,0
14,66,113.088,0
14,67,64.0312,0
14,77,99.925,0
14,82,98.3717,0
14,92,137.004,0
14,96,63.0714,0
15,5,109.038,2.42272
15,13,101.193,0
15,14,68.0074,0
15,28,105.252,0.531463
15,35,146.573,2.83094
15,40,134.201,0
15,45,100.499,0
15,46,113.504,4.83599
15,53,91.6788,0
15,54,56.0357,0
15,59,74.8741,4.65937
15,60,125.782,0
15,61,134.402,0
15,64,113.649,0
15,66,84.8999,0
15,67,129.711,0
15,75,106.733,0
15,80,170.001,12.1932
15,82,79.1581,0
15,91,137.881,2.45515
15,92,131.229,0
15,96,97.1442,0
16,0,124.78,0
16,1,65.729,5.25655
16,7,30.2655,0
16,8,67.3647,0
16,12,82.0975,0
16,20,137.203,11.6867
16,27,137.083,10.7863
16,29,31.8277,0
16,36,44.202,0.501739
16,44,120.603,0
16,69,10.6301,0
16,70,64.2639,5.47704
16,71,195.792,16.6161
16,72,164.464,11.7794
16,78,129.692,0
16,80,207.094,17.7548
16,83,109.289,5.63471
16,88,147.782,12.5334
16,93,84.6524,7.25051
16,95,132.385,7.23823
16,98,103.861,1.48109
17,1,167.862,9.60689
17,2,31.9531,0
17,9,36.4966,0
17,12,172.312,14.1793
17,20,94.0479,0
17,41,135.772,0
17,42,63.7024,0
17,46,117.201,0
17,50,69.3542,0
17,51,48.3735,0
17,63,103.446,0
17,72,87.0919,0
17,77,81.0062,0
17,83,144.32,11.9697
17,86,89.7385,0
17,93,143.892,0
17,95,68.6586,0
17,98,157.168,13.4676
18,3,274.204,0
18,6,37.1457,3.14646
18,10,251.446,15.2444
18,19,90.879,4.32793
18,25,264,0
18,33,192.51,0
18,37,239.529,16.9621
18,43,144.75,6.21881
18,49,131.718,3.32052
18,55,136.501,3.76382
18,57,56.019,4.80567
18,68,79.2619,4.24617
18,74,152.746,5.61885
18,79,217.559,0
18,84,50.3587,0
18,85,228.394,8.05235
18,87,108.992,3.80963
18,90,169.387,0
18,97,243.614,0
19,3,130.277,8.09692
19,6,53.7122,0
19,18,90.879,4.32793
19,23,141.76,0
19,25,183.528,15.4358
19,32,126.02,0
19,33,194.628,15.5604
19,38,126.479,0
19,39,118.224,0
19,43,63.3246,0
19,49,67.9412,0
19,55,58.3095,0
19,56,79.196,0
19,57,47.1699,0
19,65,124.326,0
19,68,11.7047,0
19,73,87.3212,0
19,74,63.2535,0
19,76,125.607,0
19,79,130.189,10.9479
19,81,96.1873,0
19,84,142.107,12.1061
19,87,23.7697,0
19,90,176.828,14.478
19,94,121.264,0
19,97,185.262,15.5483
20,1,80.4193,6.88372
20,2,65.5134,0
20,7,109.37,8.96701
20,9,58.6941,0
20,12,70.3491,0
20,16,137.203,11.6867
20,17,94.0479,0
20,27,124.555,10.6828
20,29,117.29,4.47974
20,36,106.84,8.52078
20,42,143.892,0
20,46,117.546,0
20,50,137.376,7.20295
20,51,126.289,0
20,69,147.824,12.3548
20,70,74.3303,0
20,71,91.9674,0
20,72,37.3363,0
20,77,125.32,0
20,80,91.8096,0
20,83,82.7935,6.83649
20,86,161.74,8.06252
20,88,177.002,14.2719
20,93,50.6952,0
20,95,29.5466,0
20,98,131.965,11.0389
21,3,108.509,9.24313
21,4,146.751,0
21,11,16.5529,0
21,13,115.521,0
21,23,30.8707,0
21,25,165.412,11.1167
21,30,79.1581,0
21,31,20.025,0
21,34,16,0
21,35,135.888,9.34313
21,39,116,0
21,43,88.1419,0
21,48,169.455,10.0459
21,52,143.59,0
21,56,102.883,0
21,58,144.357,3.44214
21,60,120.673,0
21,61,133.959,0
21,62,72.8011,0
21,65,85.4283,0
21,66,144.881,6.39976
21,73,72.7324,0
21,74,103.846,0
21,75,106.212,0
21,76,108.074,0
21,79,164.349,12.6517
21,81,53.3385,0
21,82,145.592,0.519916
21,92,119.808,0
21,94,124.523,0
21,97,200.304,12.0592
22,5,106.925,6.79024
22,24,90.7191,3.86523
22,45,139.928,10.8525
22,54,227.413,16.3736
22,59,170.172,13.6967
22,91,71.7168,3.74696
23,3,127.612,10.9164
23,4,116.211,0
23,11,23.8537,0
23,13,136.308,0
23,19,141.76,0
23,21,30.8707,0
23,25,180.832,14.9771
23,30,54.0833,0
23,31,42.638,0
23,32,147.054,0
23,34,40.3113,0
23,35,161.888,9.19262
23,39,87.3212,0
23,43,78.4474,0
23,48,190.22,15.3914
23,52,112.77,0
23,56,81.5843,0
23,58,123.162,3.6221
23,60,119.269,0
23,61,128.825,0
23,62,72.7805,0
23,65,55.8659,0
23,66,140.014,0
23,73,56.2228,0
23,74,87,0
23,75,125.936,0
23,76,78.492,0
23,79,158.88,13.3595
23,81,52.4976,0
23,87,143.014,0
23,92,117,0
23,94,95.6713,0
23,97,215.736,16.6708
24,5,109.293,0
24,22,90.7191,3.86523
24,27,149.188,1.38036
24,44,119.365,0
24,45,127.532,3.30965
24,59,162.359,7.09367
24,71,171.734,12.5813
24,78,133.015,0
24,80,176.677,11.8277
24,88,114.127,0
24,91,82.4621,0
25,3,58.1378,0
25,6,214.435,12.0172
25,10,139.855,8.28524
25,11,181.425,14.2566
25,18,264,0
25,19,183.528,15.4358
25,21,165.412,11.1167
25,23,180.832,14.9771
25,26,147.12,9.64646
25,31,186.108,12.4072
25,33,117.593,0
25,34,181.518,11.9019
25,35,282.567,0
25,37,168.046,13.9591
25,43,139.795,11.992
25,48,49.3964,0
25,56,179.058,14.5839
25,57,192.284,8.33052
25,68,181.695,15.091
25,73,153.277,13.1029
25,74,164.885,13.6447
25,79,54.5894,0
25,81,128.09,9.60675
25,84,262.8,0
25,85,131.141,5.67788
25,87,197.404,16.8555
25,90,126.57,0
25,97,35.609,0
26,3,203.946,10.6933
26,10,27.4591,0
26,25,147.12,9.64646
26,33,102.898,8.50063
26,37,54.231,0
26,48,124.261,9.17513
26,79,186.838,10.4128
26,85,49.7695,0
26,90,125.413,10.7529
26,97,126.134,9.0962
27,1,105.686,8.55844
27,7,156.844,12.2216
27,8,162.961,13.6709
27,9,180.624,13.5468
27,12,170.689,13.9608
27,16,137.083,10.7863
27,20,124.555,10.6828
27,24,149.188,1.38036
27,29,125.079,3.17585
27,36,153.837,13.1693
27,44,88.1722,0.989627
27,45,133.434,7.32219
27,69,138.07,11.7081
27,70,82.6096,3.44822
27,71,57.0197,2.49127
27,72,133.313,11.1094
27,78,112.043,1.5117
27,80,73.7061,3.18431
27,83,223.499,14.7031
27,88,50.1733,0.961655
27,93,90.9921,3.85404
27,95,154.182,12.5842
28,13,148.018,3.13629
28,14,72.765,1.62156
28,15,105.252,0.531463
28,40,115.245,9.88644
28,41,158.038,12.604
28,46,154.915,4.57707
28,47,91.4802,1.20188
28,53,19.3763,1.49571
28,54,131.252,0.986387
28,58,269.306,1.97929
28,60,105.095,8.54054
28,61,100.849,8.64417
28,62,151.141,9.35269
28,64,132.07,11.3104
28,66,95.0697,3.67912
28,67,99.4077,8.32865
28,75,145.803,3.75617
28,82,78.1651,3.51725
28,92,107.418,8.70164
28,96,7.2111,0
29,0,108.853,0
29,1,77.1299,6.5576
29,7,59.0339,0
29,8,52.6972,0
29,12,129.805,8.65369
29,16,31.8277,0
29,20,117.29,4.47974
29,27,125.079,3.17585
29,36,72.45,0
29,44,89.0505,0
29,69,32.6497,0
29,70,34.8281,0
29,71,184.542,14.1221
29,72,136.242,0
29,78,99.7246,0
29,80,202.252,16.0838
29,83,160.258,13.3824
29,88,109.409,9.38302
29,93,57.9828,0
29,95,172.385,14.3937
29,98,145.584,7.33283
30,3,181.38,13.4117
30,4,78.2432,0
30,11,64.0312,0
30,21,79.1581,0
30,23,54.0833,0
30,31,79.4292,0
30,32,142.127,0
30,34,79.7621,0
30,39,85.1469,0
30,43,118.849,0
30,52,86.5332,0
30,56,104.062,0
30,58,70.0882,3.54849
30,60,94.5304,0
30,61,96.421,0
30,62,63.5138,0
30,65,59.2284,0
30,66,131.472,0
30,73,92.8009,0
30,74,116.73,0
30,75,153.104,6.75173
30,76,73.171,0
30,81,102.903,0
30,82,137.786,0
30,92,90.1998,0
30,94,90.7965,0
31,3,132.749,11.1623
31,11,19.105,0
31,13,96.3016,0
31,21,20.025,0
31,23,42.638,0
31,25,186.108,12.4072
31,30,79.4292,0
31,34,4.12311,0
31,35,118.503,8.21557
31,39,129.958,0
31,43,108.074,0
31,48,175.919,12.2244
31,54,145.169,0
31,56,120.905,0
31,58,139.157,3.34076
31,60,104.235,0
31,61,118.87,0
31,62,57.3847,0
31,65,98.4124,0
31,66,124.329,5.91629
31,73,91.6788,0
31,74,123,0
31,75,86.6833,0
31,76,120.967,0
31,79,189.631,14.5208
31,81,73.3348,0
31,82,137.989,5.72107
31,92,103.966,0
31,94,138.293,0
31,97,221.762,13.2501
32,4,93.0054,0
32,19,126.02,0
32,23,147.054,0
32,30,142.127,0
32,38,27.0185,0
32,39,60.4152,0
32,43,117,0
32,49,97.3088,0
32,52,67.4685,0
32,55,80.5295,0
32,56,79.7559,0
32,65,92.2822,0
32,68,137.463,0
32,73,110.436,0
32,74,91.1811,0
32,76,71.1758,0
32,81,143.391,0
32,87,104.346,0
32,89,69.2026,0
32,94,52.8015,0
32,99,82.1523,0
33,3,164.195,0
33,6,183.346,7.02513
33,10,76.8008,6.58602
33,18,192.51,0
33,19,194.628,15.5604
33,25,117.593,0
33,26,102.898,8.50063
33,37,85.2979,6.21217
33,43,206.219,15.8014
33,48,146.82,0
33,57,163.641,5.69043
33,68,189.46,14.0441
33,79,111.427,0
33,81,205.192,14.6654
33,84,172.29,0
33,85,47.2218,4.01056
33,90,23.3238,0
33,97,82.801,0
34,3,125.876,10.671
34,11,17.4929,0
34,13,99.925,0
34,21,16,0
34,23,40.3113,0
34,25,181.518,11.9019
34,30,79.7621,0
34,31,4.12311,0
34,35,122.758,8.8322
34,39,127.562,0
34,43,104.12,0
34,48,173.432,11.6468
34,56,117.546,0
34,58,140.748,3.35608
34,60,107.935,0
34,61,122.348,0
34,62,60.8276,0
34,65,96.1769,0
34,66,128.449,5.94464
34,73,88.0568,0
34,74,119.331,0
34,75,90.4268,0
34,76,118.794,0
34,79,184.126,14.0276
34,81,69.2604,0
34,82,142.08,5.73603
34,92,107.564,0
34,94,135.949,0
34,97,217.081,12.722
35,3,276.724,0
35,5,227.168,16.9293
35,11,137.761,8.63756
35,13,56.7032,3.32307
35,15,146.573,2.83094
35,21,135.888,9.34313
35,23,161.888,9.19262
35,25,282.567,0
35,31,118.503,8.21557
35,34,122.758,8.8322
35,48,240.608,0
35,54,90.526,2.70274
35,60,146.319,4.64249
35,62,129.05,5.97245
35,66,111.309,3.47565
35,75,62.5413,3.86285
35,82,127.654,3.5757
35,92,151.096,5.07109
36,1,43.0116,0
36,2,137.778,2.61577
36,7,13.4164,0
36,8,111.042,0.982023
36,9,129.997,2.61647
36,12,40.4475,0
36,16,44.202,0.501739
36,20,106.84,8.52078
36,27,153.837,13.1693
36,29,72.45,0
36,50,158.439,9.87814
36,69,52.0935,0.961726
36,70,85.5948,6.88382
36,71,161.44,6.85943
36,72,147.216,10.4834
36,83,69.1933,4.89246
36,88,203.647,17.4606
36,93,65,0
36,95,87.7268,0
36,98,60.7433,1.43866
37,3,226.771,16.5531
37,10,34.7131,0
37,18,239.529,16.9621
37,25,168.046,13.9591
37,26,54.231,0
37,33,85.2979,6.21217
37,48,169.715,14.0415
37,79,189.42,14.695
37,84,196.416,15.7403
37,85,40.1995,0
37,90,104.326,8.7972
37,97,136.349,11.6848
38,4,118.878,0
38,19,126.479,0
38,32,27.0185,0
38,39,85.44,0
38,43,130.633,0
38,49,83.672,0
38,52,93.9042,0
38,55,72.8354,0
38,56,96.8969,0
38,65,116.867,0
38,68,137.179,0
38,73,128.693,0
38,74,104.862,0
38,76,96.7678,0
38,87,103.121,0
38,89,54.4925,2.18561
38,94,78.4474,0
38,99,64.3018,1.95051
39,3,164.069,8.42889
39,4,66.5733,0
39,11,111.041,0
39,19,118.224,0
39,21,116,0
39,23,87.3212,0
39,30,85.1469,0
39,31,129.958,0
39,32,60.4152,0
39,34,127.562,0
39,38,85.44,0
39,43,79.404,0
39,49,123.859,0
39,52,44.9222,0
39,55,100.225,0
39,56,42.0595,0
39,58,138.353,5.38594
39,62,143.68,0
39,65,31.9061,0
39,68,129.53,0
39,73,61.9839,0
39,74,59.4643,0
39,76,12,0
39,81,93.9628,0
39,87,104.661,0
39,89,129.248,0
39,94,8.60233,0
39,99,142.524,0
40,14,66.4906,0
40,15,134.201,0
40,28,115.245,9.88644
40,41,48.4883,3.02714
40,46,115.398,3.83998
40,47,104.12,0
40,51,123.045,0
40,53,121.421,10.1184
40,64,33.6155,0
40,67,16.0312,0
40,77,92.5743,0
40,82,173.67,11.999
40,96,112.288,9.61689
41,2,141.014,0
41,14,94.3027,0
41,17,135.772,0
41,28,158.038,12.604
41,40,48.4883,3.02714
41,46,104.738,0
41,47,143.224,0
41,51,87.9204,0
41,53,168.574,13.313
41,64,47.4131,0
41,67,65.009,3.52718
41,77,78.6858,3.92951
41,96,154.315,12.0246
42,2,93.2363,0
42,9,95.1315,0
42,12,162.149,11.4885
42,17,63.7024,0
42,20,143.892,0
42,50,42.19,0
42,51,91.0055,0
42,63,43.7379,0
42,72,147.027,0
42,77,135.351,0
42,83,147.216,11.2133
42,86,45.1774,0
42,95,114.56,0
42,98,140.42,8.40676
43,3,90.4442,6.44934
43,4,141.989,0
43,6,106.042,0
43,11,95.5249,0
43,18,144.75,6.21881
43,19,63.3246,0
43,21,88.1419,0
43,23,78.4474,0
43,25,139.795,11.992
43,30,118.849,0
43,31,108.074,0
43,32,117,0
43,33,206.219,15.8014
43,34,104.12,0
43,38,130.633,0
43,39,79.404,0
43,48,176.876,14.6362
43,49,111.973,0
43,52,123.794,0
43,55,90.8735,0
43,56,39.3192,0
43,57,91.2195,0
43,65,71.1969,0
43,68,70.7743,0
43,73,26.1725,0
43,74,25.9422,0
43,76,81.4923,0
43,79,100.582,7.79569
43,81,36.6879,0
43,87,67.2681,0
43,90,194.6,15.4293
43,94,86.0523,0
43,97,160.042,13.5213
44,0,97.8008,0
44,1,167.735,13.0559
44,8,85.0941,0
44,16,120.603,0
44,24,119.365,0
44,27,88.1722,0.989627
44,29,89.0505,0
44,69,118.929,0
44,70,141.603,11.9946
44,71,126.979,1.66827
44,78,25,0
44,80,153.653,6.24425
44,88,41.1461,0
44,93,174.296,14.951
45,5,55.5698,0
45,14,145.152,0
45,15,100.499,0
45,22,139.928,10.8525
45,24,127.532,3.30965
45,27,133.434,7.32219
45,46,119.265,1.50128
45,54,148.133,10.4
45,59,56.4323,4.73181
45,71,82.3094,5.29527
45,72,194.5,16.2604
45,80,61.9839,0
45,88,149.49,8.73828
45,91,69.4046,0
46,2,97.0824,0
46,9,100.975,0
46,14,76.2168,0
46,15,113.504,4.83599
46,17,117.201,0
46,20,117.546,0
46,28,154.915,4.57707
46,40,115.398,3.83998
46,41,104.738,0
46,45,119.265,1.50128
46,51,97.8366,0
46,53,142.636,0
46,59,122.379,3.40543
46,64,84.3423,4.62204
46,67,127.45,5.26049
46,71,163.29,14.0058
46,72,80.2309,0
46,77,55.0091,0
46,80,148.946,12.4122
46,95,122.188,0
46,96,144.477,2.591
47,14,200.164,10.529
47,28,91.4802,1.20188
47,40,104.12,0
47,41,143.224,0
47,53,105.095,4.51514
47,58,176.796,11.5473
47,60,111.417,9.14163
47,61,95.4239,8.1845
47,62,158.049,11.2355
47,64,136.073,4.76441
47,66,146.295,11.7423
47,67,89.2066,0.495466
47,82,137.112,11.7166
47,92,111.315,9.27628
47,96,99.5828,3.69368
48,3,86.8332,0
48,10,135.695,7.9034
48,11,185.262,13.7067
48,21,169.455,10.0459
48,23,190.22,15.3914
48,25,49.3964,0
48,26,124.261,9.17513
48,31,175.919,12.2244
48,33,146.82,0
48,34,173.432,11.6468
48,35,240.608,0
48,37,169.715,14.0415
48,43,176.876,14.6362
48,57,242.324,8.39029
48,68,230.35,17.5871
48,73,188.939,15.652
48,74,202.337,17.3578
48,79,103.788,0
48,81,160.437,9.13036
48,85,137.156,6.71545
48,90,161.307,0
48,97,68.7314,0
49,6,101.868,0
49,18,131.718,3.32052
49,19,67.9412,0
49,32,97.3088,0
49,38,83.672,0
49,39,123.859,0
49,43,111.973,0
49,55,24.3311,0
49,56,102.176,0
49,57,105.702,0
49,65,144.931,0
49,68,74.0608,0
49,73,126.89,0
49,74,95.5249,0
49,76,135.074,0
49,87,48.2597,0
49,89,117.209,0
49,94,122.102,0
49,99,118.271,0
50,2,88.1419,0
50,7,172.065,10.6889
50,9,86.4523,0
50,12,119.108,9.18384
50,17,69.3542,0
50,20,137.376,7.20295
50,36,158.439,9.87814
50,42,42.19,0
50,51,112.294,0
50,63,48.7545,0
50,72,133.959,0
50,83,106.405,8.80853
50,86,23.4307,0
50,95,105.225,5.79659
50,98,98.8794,7.37047
51,2,62.2656,0
51,9,69.9714,0
51,14,145.621,0.527555
51,17,48.3735,0
51,20,126.289,0
51,40,123.045,0
51,41,87.9204,0
51,42,91.0055,0
51,46,97.8366,0
51,50,112.294,0
51,63,134.733,0
51,64,105.802,0
51,67,138.813,0
51,72,105.475,0
51,77,46.3249,0
51,83,191.443,16.0938
51,86,129.016,0
51,95,107.378,0
52,4,26.4197,0
52,11,134.239,0
52,21,143.59,0
52,23,112.77,0
52,30,86.5332,0
52,32,67.4685,0
52,38,93.9042,0
52,39,44.9222,0
52,43,123.794,0
52,55,134.317,0
52,56,86.977,0
52,58,122.141,7.4509
52,65,61.6117,0
52,73,104.019,0
52,74,104.355,0
52,76,43.0116,0
52,81,133.735,0
52,87,145.602,0
52,89,124.197,0
52,94,40.2492,0
52,99,139.058,0
53,13,126.574,0
53,14,66.4831,0
53,15,91.6788,0
53,28,19.3763,1.49571
53,40,121.421,10.1184
53,41,168.574,13.313
53,46,142.636,0
53,47,105.095,4.51514
53,54,114.11,0
53,58,185.875,15.6719
53,60,72.1249,0
53,61,67.0298,0
53,62,119.231,0
53,64,116.028,7.73522
53,66,72.6705,0
53,67,105.84,9.00746
53,75,123.309,0
53,82,55.7584,0
53,92,74.9533,0
53,96,11.4018,0
54,5,119.573,8.84526
54,13,50,0
54,14,118.224,0
54,15,56.0357,0
54,22,227.413,16.3736
54,28,131.252,0.986387
54,31,145.169,0
54,35,90.526,2.70274
54,45,148.133,10.4
54,53,114.11,0
54,59,91.2349,4.93292
54,60,112.894,0
54,61,128.016,0
54,62,125.096,0
54,66,64.8999,0
54,75,58.5491,0
54,82,71.5122,0
54,91,148.387,10.2873
54,92,118.461,0
54,96,123.584,0
55,6,103,0
55,18,136.501,3.76382
55,19,58.3095,0
55,32,80.5295,0
55,38,72.8354,0
55,39,100.225,0
55,43,90.8735,0
55,49,24.3311,0
55,52,134.317,0
55,56,78.0256,0
55,57,102.591,0
55,65,120.619,0
55,68,67.4463,0
55,73,103.755,0
55,74,72.3671,0
55,76,111.234,0
55,81,127.389,0
55,87,34.8855,0
55,89,114.272,0
55,94,98.9798,0
55,99,118.406,0
56,3,128.087,7.37069
56,4,107.782,0
56,6,130.801,0
56,11,104.12,0
56,19,79.196,0
56,21,102.883,0
56,23,81.5843,0
56,25,179.058,14.5839
56,30,104.062,0
56,31,120.905,0
56,32,79.7559,0
56,34,117.546,0
56,38,96.8969,0
56,39,42.0595,0
56,43,39.3192,0
56,49,102.176,0
56,52,86.977,0
56,55,78.0256,0
56,57,119.202,0
56,65,46.1411,0
56,68,89.9389,0
56,73,31.8904,0
56,74,17.4642,0
56,76,47.1699,0
56,79,140.821,9.04863
56,81,64.0312,0
56,87,70.2353,0
56,89,146.103,0
56,94,47.676,0
57,3,161.029,13.069
57,6,18.1108,0
57,10,239.956,15.6816
57,18,56.019,4.80567
57,19,47.1699,0
57,25,192.284,8.33052
57,33,163.641,5.69043
57,43,91.2195,0
57,48,242.324,8.39029
57,49,105.702,0
57,55,102.591,0
57,56,119.202,0
57,68,36,0
57,73,117.388,0
57,74,101.872,0
57,79,135.072,8.67743
57,81,113.177,0
57,84,101.741,5.45042
57,85,209.805,11.432
57,87,70.0286,0
57,90,142.021,5.37959
57,97,183.928,7.23526
58,4,101.491,7.56751
58,11,128.011,3.39705
58,21,144.357,3.44214
58,23,123.162,3.6221
58,28,269.306,1.97929
58,30,70.0882,3.54849
58,31,139.157,3.34076
58,34,140.748,3.35608
58,39,138.353,5.38594
58,47,176.796,11.5473
58,52,122.141,7.4509
58,53,185.875,15.6719
58,60,95.4063,3.22921
58,61,89.8013,5.11958
58,62,96.6395,2.87395
58,65,120.886,4.49554
58,66,142.698,3.17062
58,76,127.546,5.41391
58,82,143.948,4.34166
58,92,89.7459,3.20861
58,94,143.475,6.53729
58,96,258.077,10.5241
59,5,63.4481,5.33925
59,13,140.481,5.52617
59,14,141.24,8.67723
59,15,74.8741,4.65937
59,22,170.172,13.6967
59,24,162.359,7.09367
59,45,56.4323,4.73181
59,46,122.379,3.40543
59,54,91.2349,4.93292
59,66,145.015,3.99857
59,71,127.796,8.18181
59,75,149.077,5.19047
59,80,116.006,7.63958
59,82,142.679,3.19848
59,91,90.0739,6.27542
60,11,106.677,0
60,13,94.0479,0
60,14,133.034,0
60,15,125.782,0
60,21,120.673,0
60,23,119.269,0
60,28,105.095,8.54054
60,30,94.5304,0
60,31,104.235,0
60,34,107.935,0
60,35,146.319,4.64249
60,47,111.417,9.14163
60,53,72.1249,0
60,54,112.894,0
60,58,95.4063,3.22921
60,61,19.105,0
60,62,48.0208,0
60,66,48.0104,0
60,67,204.423,17.4911
60,75,85.2115,0
60,82,46.8722,0
60,92,5.65685,0
60,96,81.7068,0
61,11,119.017,0
61,13,112.641,0
61,14,131.973,0
61,15,134.402,0
61,21,133.959,0
61,23,128.825,0
61,28,100.849,8.64417
61,30,96.421,0
61,31,118.87,0
61,34,122.348,0
61,47,95.4239,8.1845
61,53,67.0298,0
61,54,128.016,0
61,58,89.8013,5.11958
61,60,19.105,0
61,62,61.5224,0
61,66,63.561,0
61,67,199.526,17.0304
61,75,104.077,0
61,82,58.258,0
61,92,16.1555,0
61,96,89.9779,6.04543
62,3,185.089,14.2296
62,4,140.071,0
62,11,58.6686,0
62,13,95.1755,3.51801
62,21,72.8011,0
62,23,72.7805,0
62,28,151.141,9.35269
62,30,63.5138,0
62,31,57.3847,0
62,34,60.8276,0
62,35,129.05,5.97245
62,39,143.68,0
62,47,158.049,11.2355
62,53,119.231,0
62,54,125.096,0
62,58,96.6395,2.87395
62,60,48.0208,0
62,61,61.5224,0
62,65,113.358,0
62,66,70.406,0
62,73,128.725,0
62,75,85.1088,3.92728
62,76,132.197,0
62,81,121.742,0
62,82,80.0062,0
62,92,47.0106,0
62,96,129.283,0
63,2,129.468,0
63,9,129.557,0
63,12,164.232,10.3129
63,17,103.446,0
63,42,43.7379,0
63,50,48.7545,0
63,51,134.733,0
63,83,149.676,9.2762
63,86,29.1548,0
63,95,150.482,4.92535
63,98,144.02,9.31532
64,2,142.046,0
64,14,47.5079,0
64,15,113.649,0
64,28,132.07,11.3104
64,40,33.6155,0
64,41,47.4131,0
64,46,84.3423,4.62204
64,47,136.073,4.76441
64,51,105.802,0
64,53,116.028,7.73522
64,67,43.2782,0
64,72,149.833,1.25835
64,77,67.082,0
64,82,140.89,0
64,96,121.631,10.3663
65,3,145.118,8.72886
65,4,73.5527,0
65,11,79.3977,0
65,19,124.326,0
65,21,85.4283,0
65,23,55.8659,0
65,30,59.2284,0
65,31,98.4124,0
65,32,92.2822,0
65,34,96.1769,0
65,38,116.867,0
65,39,31.9061,0
65,43,71.1969,0
65,49,144.931,0
65,52,61.6117,0
65,55,120.619,0
65,56,46.1411,0
65,58,120.886,4.49554
65,62,113.358,0
65,68,134.536,0
65,73,46.8188,0
65,74,61.0737,0
65,76,22.6716,0
65,79,164.824,9.71823
65,81,73,0
65,87,116.362,0
65,94,40,0
66,11,120.934,0
66,13,55.7853,0
66,14,113.088,0
66,15,84.8999,0
66,21,144.881,6.39976
66,23,140.014,0
66,28,95.0697,3.67912
66,30,131.472,0
66,31,124.329,5.91629
66,34,128.449,5.94464
66,35,111.309,3.47565
66,47,146.295,11.7423
66,53,72.6705,0
66,54,64.8999,0
66,58,142.698,3.17062
66,59,145.015,3.99857
66,60,48.0104,0
66,61,63.561,0
66,62,70.406,0
66,75,50.9902,0
66,82,17.0294,0
66,92,53.6004,0
66,96,84.0536,0
67,14,64.0312,0
67,15,129.711,0
67,28,99.4077,8.32865
67,40,16.0312,0
67,41,65.009,3.52718
67,46,127.45,5.26049
67,47,89.2066,0.495466
67,51,138.813,0
67,53,105.84,9.00746
67,60,204.423,17.4911
67,61,199.526,17.0304
67,64,43.2782,0
67,77,106.775,0
67,82,158.949,11.0413
67,96,95.2126,8.15169
68,3,132.441,8.82941
68,6,42.0476,0
68,18,79.2619,4.24617
68,19,11.7047,0
68,25,181.695,15.091
68,32,137.463,0
68,33,189.46,14.0441
68,38,137.179,0
68,39,129.53,0
68,43,70.7743,0
68,48,230.35,17.5871
68,49,74.0608,0
68,55,67.4463,0
68,56,89.9389,0
68,57,36,0
68,65,134.536,0
68,73,95.7706,0
68,74,73.5527,0
68,76,136.653,0
68,79,127.814,10.8609
68,81,101.435,0
68,84,130.342,11.1798
68,87,34.0588,0
68,90,169.532,13.1862
68,94,132.74,0
68,97,182.564,14.968
69,0,115.849,0
69,1,76.7651,6.55626
69,7,38.1182,0
69,8,59,0
69,12,90.05,0
69,16,10.6301,0
69,20,147.824,12.3548
69,27,138.07,11.7081
69,29,32.6497,0
69,36,52.0935,0.961726
69,44,118.929,0
69,70,65.7478,4.9754
69,71,191.929,16.2346
69,72,177.948,12.853
69,78,126.052,0
69,83,118.055,5.7388
69,88,142.041,11.2731
69,93,95.3999,8.15113
69,95,141.79,6.98555
69,98,110.69,1.46708
70,0,155.024,5.64336
70,1,28.178,0
70,2,139.718,0
70,7,76.1977,6.52751
70,8,87.4185,0
70,9,134.729,1.01252
70,12,91.586,0
70,16,64.2639,5.47704
70,20,74.3303,0
70,27,82.6096,3.44822
70,29,34.8281,0
70,36,85.5948,6.88382
70,44,141.603,11.9946
70,69,65.7478,4.9754
70,71,131.528,11.1346
70,72,101.514,0
70,78,154.038,12.0436
70,80,144.137,12.3599
70,83,112.096,5.62352
70,88,114.781,9.76315
70,93,23.7697,0
70,95,124.644,9.60062
70,98,117.591,1.74302
71,1,124.697,8.45325
71,2,137.615,0
71,5,144.75,9.30111
71,7,168.435,11.816
71,9,134.183,0
71,16,195.792,16.6161
71,20,91.9674,0
71,24,171.734,12.5813
71,27,57.0197,2.49127
71,29,184.542,14.1221
71,36,161.44,6.85943
71,44,126.979,1.66827
71,45,82.3094,5.29527
71,46,163.29,14.0058
71,59,127.796,8.18181
71,69,191.929,16.2346
71,70,131.528,11.1346
71,72,82.4621,0
71,80,16.4012,0
71,88,84.8162,1.12914
71,91,144.636,7.8475
71,93,101.52,7.61398
71,95,119.754,0
72,1,100.703,4.11965
72,2,55.1543,0
72,7,146.23,10.26
72,9,51.9711,0
72,12,112.183,3.272
72,16,164.464,11.7794
72,17,87.0919,0
72,20,37.3363,0
72,27,133.313,11.1094
72,29,136.242,0
72,36,147.216,10.4834
72,42,147.027,0
72,45,194.5,16.2604
72,46,80.2309,0
72,50,133.959,0
72,51,105.475,0
72,64,149.833,1.25835
72,69,177.948,12.853
72,70,101.514,0
72,71,82.4621,0
72,77,93.8136,0
72,80,100.955,8.41295
72,83,123.445,10.0628
72,93,78.4092,0
72,95,49.0408,0
72,98,175.734,14.9583
73,3,101.32,7.21131
73,4,119.641,0
73,6,132.136,0
73,11,76.4199,0
73,19,87.3212,0
73,21,72.7324,0
73,23,56.2228,0
73,25,153.277,13.1029
73,30,92.8009,0
73,31,91.6788,0
73,32,110.436,0
73,34,88.0568,0
73,38,128.693,0
73,39,61.9839,0
73,43,26.1725,0
73,48,188.939,15.652
73,49,126.89,0
73,52,104.019,0
73,55,103.755,0
73,56,31.8904,0
73,57,117.388,0
73,62,128.725,0
73,65,46.8188,0
73,68,95.7706,0
73,74,31.4006,0
73,76,61.0082,0
73,79,119.161,8.75664
73,81,33.121,0
73,87,86.8332,0
73,90,219.375,18.2812
73,94,69.857,0
73,97,176.372,15.1132
74,3,116.056,6.85443
74,4,125.22,0
74,6,113.851,0
74,11,107.787,0
74,18,152.746,5.61885
74,19,63.2535,0
74,21,103.846,0
74,23,87,0
74,25,164.885,13.6447
74,30,116.73,0
74,31,123,0
74,32,91.1811,0
74,34,119.331,0
74,38,104.862,0
74,39,59.4643,0
74,43,25.9422,0
74,48,202.337,17.3578
74,49,95.5249,0
74,52,104.355,0
74,55,72.3671,0
74,56,17.4642,0
74,57,101.872,0
74,65,61.0737,0
74,68,73.5527,0
74,73,31.4006,0
74,76,64.4981,0
74,79,125.978,8.58798
74,81,58.0086,0
74,87,57.5674,0
74,90,212.078,18.136
74,94,64.7611,0
74,97,185.034,15.8074
75,5,168.939,9.50352
75,11,102.786,0
75,13,11.3137,0
75,15,106.733,0
75,21,106.212,0
75,23,125.936,0
75,28,145.803,3.75617
75,30,153.104,6.75173
75,31,86.6833,0
75,34,90.4268,0
75,35,62.5413,3.86285
75,53,123.309,0
75,54,58.5491,0
75,59,149.077,5.19047
75,60,85.2115,0
75,61,104.077,0
75,62,85.1088,3.92728
75,66,50.9902,0
75,82,67.6018,0
75,92,89.56,0
75,96,134.629,0
76,3,162.612,8.66746
76,4,60.9262,0
76,11,101.912,0
76,19,125.607,0
76,21,108.074,0
76,23,78.492,0
76,30,73.171,0
76,31,120.967,0
76,32,71.1758,0
76,34,118.794,0
76,38,96.7678,0
76,39,12,0
76,43,81.4923,0
76,49,135.074,0
76,52,43.0116,0
76,55,111.234,0
76,56,47.1699,0
76,58,127.546,5.41391
76,62,132.197,0
76,65,22.6716,0
76,68,136.653,0
76,73,61.0082,0
76,74,64.4981,0
76,81,91.2414,0
76,87,113.569,0
76,89,139.431,0
76,94,18.3848,0
77,2,75.7694,0
77,9,82.7647,0
77,14,99.925,0
77,17,81.0062,0
77,20,125.32,0
77,40,92.5743,0
77,41,78.6858,3.92951
77,42,135.351,0
77,46,55.0091,0
77,51,46.3249,0
77,64,67.082,0
77,67,106.775,0
77,72,93.8136,0
77,80,190.228,15.7951
77,95,116.499,0
78,0,79.3095,0
78,8,81.4002,0
78,16,129.692,0
78,24,133.015,0
78,27,112.043,1.5117
78,29,99.7246,0
78,44,25,0
78,69,126.052,0
78,70,154.038,12.0436
78,88,65.8635,0
78,93,191.118,16.0557
79,3,61.0574,0
79,6,159.204,11.4059
79,10,161.012,10.1535
79,11,182.124,14.9195
79,18,217.559,0
79,19,130.189,10.9479
79,21,164.349,12.6517
79,23,158.88,13.3595
79,25,54.5894,0
79,26,186.838,10.4128
79,31,189.631,14.5208
79,33,111.427,0
79,34,184.126,14.0276
79,37,189.42,14.695
79,43,100.582,7.79569
79,48,103.788,0
79,56,140.821,9.04863
79,57,135.072,8.67743
79,65,164.824,9.71823
79,68,127.814,10.8609
79,73,119.161,8.75664
79,74,125.978,8.58798
79,81,94.3173,7.91452
79,84,223.329,0
79,85,148.185,5.10637
79,87,148.643,11.6014
79,90,109.836,0
79,97,59.9333,0
80,1,112.071,0
80,2,158.813,11.1498
80,5,116.867,0
80,7,147.085,0
80,9,153.622,10.3509
80,15,170.001,12.1932
80,16,207.094,17.7548
80,20,91.8096,0
80,24,176.677,11.8277
80,27,73.7061,3.18431
80,29,202.252,16.0838
80,44,153.653,6.24425
80,45,61.9839,0
80,46,148.946,12.4122
80,59,116.006,7.63958
80,70,144.137,12.3599
80,71,16.4012,0
80,72,100.955,8.41295
80,77,190.228,15.7951
80,88,110.554,5.18046
80,91,125,0
80,93,90.0056,0
80,95,117.686,0
81,3,72.3452,6.20608
81,4,146.277,0
81,6,130.188,0
81,11,63.5689,0
81,19,96.1873,0
81,21,53.3385,0
81,23,52.4976,0
81,25,128.09,9.60675
81,30,102.903,0
81,31,73.3348,0
81,32,143.391,0
81,33,205.192,14.6654
81,34,69.2604,0
81,39,93.9628,0
81,43,36.6879,0
81,48,160.437,9.13036
81,52,133.735,0
81,55,127.389,0
81,56,64.0312,0
81,57,113.177,0
81,62,121.742,0
81,65,73,0
81,68,101.435,0
81,73,33.121,0
81,74,58.0086,0
81,76,91.2414,0
81,79,94.3173,7.91452
81,87,103.407,0
81,90,199.678,14.7385
81,94,102.142,0
81,97,151.546,11.2586
82,11,133.959,0
82,13,71.5122,0
82,14,98.3717,0
82,15,79.1581,0
82,21,145.592,0.519916
82,28,78.1651,3.51725
82,30,137.786,0
82,31,137.989,5.72107
82,34,142.08,5.73603
82,35,127.654,3.5757
82,40,173.67,11.999
82,47,137.112,11.7166
82,53,55.7584,0
82,54,71.5122,0
82,58,143.948,4.34166
82,59,142.679,3.19848
82,60,46.8722,0
82,61,58.258,0
82,62,80.0062,0
82,64,140.89,0
82,66,17.0294,0
82,67,158.949,11.0413
82,75,67.6018,0
82,92,52.4309,0
82,96,67.1193,0
83,1,83.9155,5.23184
83,2,111.417,9.14163
83,7,80.0897,5.2917
83,9,103.599,8.66392
83,12,27.9785,2.18014
83,16,109.289,5.63471
83,17,144.32,11.9697
83,20,82.7935,6.83649
83,27,223.499,14.7031
83,29,160.258,13.3824
83,36,69.1933,4.89246
83,42,147.216,11.2133
83,50,106.405,8.80853
83,51,191.443,16.0938
83,63,149.676,9.2762
83,69,118.055,5.7388
83,70,112.096,5.62352
83,72,123.445,10.0628
83,86,120.983,8.74041
83,93,125.642,10.4702
83,95,84.6817,3.96811
83,98,52.345,0
84,3,283.387,0
84,6,87.0938,5.1041
84,10,218.499,15.0632
84,18,50.3587,0
84,19,142.107,12.1061
84,25,262.8,0
84,33,172.29,0
84,37,196.416,15.7403
84,57,101.741,5.45042
84,68,130.342,11.1798
84,79,223.329,0
84,85,198.192,8.35317
84,87,161.028,12.9317
84,90,150.851,0
84,97,237.023,0
85,3,187.537,5.8878
85,6,227.874,12.5236
85,10,23.6008,0
85,18,228.394,8.05235
85,25,131.141,5.67788
85,26,49.7695,0
85,33,47.2218,4.01056
85,37,40.1995,0
85,48,137.156,6.71545
85,57,209.805,11.432
85,79,148.185,5.10637
85,84,198.192,8.35317
85,90,67.9794,5.18362
85,97,97.667,5.15184
86,2,110.941,0
86,9,109.604,0
86,12,135.101,9.71216
86,17,89.7385,0
86,20,161.74,8.06252
86,42,45.1774,0
86,50,23.4307,0
86,51,129.016,0
86,63,29.1548,0
86,83,120.983,8.74041
86,95,129.912,6.67699
86,98,115.007,8.62551
87,3,145.737,8.06143
87,6,73.7564,0
87,18,108.992,3.80963
87,19,23.7697,0
87,23,143.014,0
87,25,197.404,16.8555
87,32,104.346,0
87,38,103.121,0
87,39,104.661,0
87,43,67.2681,0
87,49,48.2597,0
87,52,145.602,0
87,55,34.8855,0
87,56,70.2353,0
87,57,70.0286,0
87,65,116.362,0
87,68,34.0588,0
87,73,86.8332,0
87,74,57.5674,0
87,76,113.569,0
87,79,148.643,11.6014
87,81,103.407,0
87,84,161.028,12.9317
87,90,199.801,17.1211
87,94,106.301,0
87,97,207.043,17.7553
88,0,128.996,0
88,1,144.028,12.1513
88,7,191.839,16.227
88,8,98.326,0
88,16,147.782,12.5334
88,20,177.002,14.2719
88,24,114.127,0
88,27,50.1733,0.961655
88,29,109.409,9.38302
88,36,203.647,17.4606
88,44,41.1461,0
88,45,149.49,8.73828
88,69,142.041,11.2731
88,70,114.781,9.76315
88,71,84.8162,1.12914
88,78,65.8635,0
88,80,110.554,5.18046
88,93,134.732,11.508
89,4,144.779,0
89,32,69.2026,0
89,38,54.4925,2.18561
89,39,129.248,0
89,49,117.209,0
89,52,124.197,0
89,55,114.272,0
89,56,146.103,0
89,76,139.431,0
89,94,121.264,0
89,99,15.0333,0
90,3,167.093,0
90,6,160.04,6.92908
90,10,93.2098,7.99594
90,18,169.387,0
90,19,176.828,14.478
90,25,126.57,0
90,26,125.413,10.7529
90,33,23.3238,0
90,37,104.326,8.7972
90,43,194.6,15.4293
90,48,161.307,0
90,57,142.021,5.37959
90,68,169.532,13.1862
90,73,219.375,18.2812
90,74,212.078,18.136
90,79,109.836,0
90,81,199.678,14.7385
90,84,150.851,0
90,85,67.9794,5.18362
90,87,199.801,17.1211
90,97,94.0213,0
91,5,28.8617,0
91,15,137.881,2.45515
91,22,71.7168,3.74696
91,24,82.4621,0
91,45,69.4046,0
91,54,148.387,10.2873
91,59,90.0739,6.27542
91,71,144.636,7.8475
91,80,125,0
92,11,105.394,0
92,13,98.656,0
92,14,137.004,0
92,15,131.229,0
92,21,119.808,0
92,23,117,0
92,28,107.418,8.70164
92,30,90.1998,0
92,31,103.966,0
92,34,107.564,0
92,35,151.096,5.07109
92,47,111.315,9.27628
92,53,74.9533,0
92,54,118.461,0
92,58,89.7459,3.20861
92,60,5.65685,0
92,61,16.1555,0
92,62,47.0106,0
92,66,53.6004,0
92,75,89.56,0
92,82,52.4309,0
92,96,84.119,0
93,1,22.2036,0
93,2,116.181,0
93,7,57.1402,0
93,8,110.675,0
93,9,109.238,0
93,12,79.9062,0
93,16,84.6524,7.25051
93,17,143.892,0
93,20,50.6952,0
93,27,90.9921,3.85404
93,29,57.9828,0
93,36,65,0
93,44,174.296,14.951
93,69,95.3999,8.15113
93,70,23.7697,0
93,71,101.52,7.61398
93,72,78.4092,0
93,78,191.118,16.0557
93,80,90.0056,0
93,83,125.642,10.4702
93,88,134.732,11.508
93,95,98.0085,7.81647
93,98,106.747,2.02026
94,4,63.8905,0
94,11,119.331,0
94,19,121.264,0
94,21,124.523,0
94,23,95.6713,0
94,30,90.7965,0
94,31,138.293,0
94,32,52.8015,0
94,34,135.949,0
94,38,78.4474,0
94,39,8.60233,0
94,43,86.0523,0
94,49,122.102,0
94,52,40.2492,0
94,55,98.9798,0
94,56,47.676,0
94,58,143.475,6.53729
94,65,40,0
94,68,132.74,0
94,73,69.857,0
94,74,64.7611,0
94,76,18.3848,0
94,81,102.142,0
94,87,106.301,0
94,89,121.264,0
94,99,134.718,0
95,1,99.6037,8.05734
95,2,45.2217,0
95,7,92.4554,0
95,9,37.4433,0
95,12,103.663,6.56555
95,16,132.385,7.23823
95,17,68.6586,0
95,20,29.5466,0
95,27,154.182,12.5842
95,29,172.385,14.3937
95,36,87.7268,0
95,42,114.56,0
95,46,122.188,0
95,50,105.225,5.79659
95,51,107.378,0
95,63,150.482,4.92535
95,69,141.79,6.98555
95,70,124.644,9.60062
95,71,119.754,0
95,72,49.0408,0
95,77,116.499,0
95,80,117.686,0
95,83,84.6817,3.96811
95,86,129.912,6.67699
95,93,98.0085,7.81647
95,98,136.115,4.31871
96,13,137.743,0
96,14,63.0714,0
96,15,97.1442,0
96,28,7.2111,0
96,40,112.288,9.61689
96,41,154.315,12.0246
96,46,144.477,2.591
96,47,99.5828,3.69368
96,53,11.4018,0
96,54,123.584,0
96,58,258.077,10.5241
96,60,81.7068,0
96,61,89.9779,6.04543
96,62,129.283,0
96,64,121.631,10.3663
96,66,84.0536,0
96,67,95.2126,8.15169
96,75,134.629,0
96,82,67.1193,0
96,92,84.119,0
97,3,89.8443,0
97,6,205.832,10.5327
97,10,101.045,8.37686
97,11,216.084,15.7795
97,18,243.614,0
97,19,185.262,15.5483
97,21,200.304,12.0592
97,23,215.736,16.6708
97,25,35.609,0
97,26,126.134,9.0962
97,31,221.762,13.2501
97,33,82.801,0
97,34,217.081,12.722
97,37,136.349,11.6848
97,43,160.042,13.5213
97,48,68.7314,0
97,57,183.928,7.23526
97,68,182.564,14.968
97,73,176.372,15.1132
97,74,185.034,15.8074
97,79,59.9333,0
97,81,151.546,11.2586
97,84,237.023,0
97,85,97.667,5.15184
97,87,207.043,17.7553
97,90,94.0213,0
98,1,89.71,1.76435
98,2,171.488,12.7464
98,7,73.6817,1.46829
98,9,161.637,11.8106
98,12,26.6724,1.64741
98,16,103.861,1.48109
98,17,157.168,13.4676
98,20,131.965,11.0389
98,29,145.584,7.33283
98,36,60.7433,1.43866
98,42,140.42,8.40676
98,50,98.8794,7.37047
98,63,144.02,9.31532
98,69,110.69,1.46708
98,70,117.591,1.74302
98,72,175.734,14.9583
98,83,52.345,0
98,86,115.007,8.62551
98,93,106.747,2.02026
98,95,136.115,4.31871
99,32,82.1523,0
99,38,64.3018,1.95051
99,39,142.524,0
99,49,118.271,0
99,52,139.058,0
99,55,118.406,0
99,89,15.0333,0
99,94,134.718,0
