0,6,255.116,1.70014
0,20,187.8,0
0,24,174.201,0
0,35,67.624,0
0,48,206.026,7.0881
0,54,227.015,0
0,56,138.311,0
0,65,251.127,0
0,76,261.964,0
0,79,281.867,5.76956
1,3,177.023,0
1,4,12.1655,0
1,28,151.169,0
1,29,115.434,0
1,31,103.121,0
1,49,254.804,0
1,52,94.0053,0
1,66,146.373,0
1,68,175.864,0
1,74,141.174,0
1,81,143.028,0
1,95,214.87,0
1,97,266.177,0
2,7,473.188,8.27875
2,11,127.562,0
2,23,333.469,16.3628
2,26,447.772,0
2,39,500.27,7.63035
2,40,484.623,8.98578
2,45,184.841,5.15305
2,58,424.947,0
2,59,292.91,0
2,61,429.496,19.1805
2,69,503.411,8.24197
2,78,210.898,2.84545
2,90,348.105,2.96499
3,1,177.023,0
3,4,189.169,0
3,5,220.484,0
3,22,247.169,1.96843
3,28,41.8688,0
3,29,67.5426,0
3,31,76.844,0
3,32,197.497,0
3,49,223.087,0
3,50,127.54,3.19616
3,52,84.4038,0
3,53,177.317,9.45356
3,66,141.662,0
3,68,224.377,0
3,73,261.094,0
3,74,43.6005,0
3,77,230.315,15.2495
3,81,55.4437,0
3,94,266.693,0
3,95,185.526,0
3,98,180.472,0
4,1,12.1655,0
4,3,189.169,0
4,28,163.218,0
4,29,127.252,0
4,31,115.039,0
4,49,260.686,0
4,52,106.005,0
4,66,153.808,0
4,68,177.91,0
4,74,153.082,0
4,81,154.574,0
4,95,221.416,0
4,97,265.59,0
5,3,220.484,0
5,9,121.495,0
5,28,253.476,0
5,29,211.085,0
5,30,266.34,0
5,31,221.07,0
5,33,266.08,17.1446
5,49,55.1453,0
5,50,191.294,6.10772
5,52,228.974,0
5,53,220.534,6.72321
5,64,274.545,17.6734
5,66,142.271,0
5,68,160.031,0
5,70,86.3713,0
5,71,249.303,0
5,74,203.686,0
5,75,204.394,0
5,77,191.69,0
5,81,187.747,0
5,82,176.207,0
5,88,144.267,0
5,94,102.703,0
5,95,77.8267,0
5,97,195.479,0
6,0,255.116,1.70014
6,10,418.147,32.0946
6,20,129.692,0
6,24,82.2253,0
6,33,351.614,27.8573
6,35,190.709,0
6,48,63.6553,0
6,54,189.169,0
6,56,200.422,0
6,63,164.646,9.47442
6,64,129.711,0
6,65,95.0158,0
6,70,294.198,10.2038
6,76,162.641,0
6,79,105.119,0
6,82,370.275,31.5313
6,88,331.075,25.6602
7,2,473.188,8.27875
7,8,258.42,4.82408
7,11,375.267,0.525576
7,12,449.441,25.4113
7,25,110.409,1.54514
7,26,371.05,12.0643
7,27,53.6656,1.06942
7,39,25.0943,0.916489
7,45,398.982,9.44957
7,46,241.394,1.00567
7,51,48.8276,0.641503
7,55,121.273,1.8524
7,59,191.866,6.61159
7,61,506.872,14.6302
7,69,449.004,18.401
7,72,104.806,0.654826
7,78,306.235,9.00113
7,90,376.309,4.53424
7,91,209.353,1.0015
7,92,287.577,9.63718
7,93,71.2384,1.04564
8,7,258.42,4.82408
8,14,258.584,22.1822
8,16,303.404,24.9996
8,17,276.307,23.1621
8,19,382.704,26.7239
8,25,167.31,4.10761
8,27,232.923,3.87249
8,39,253.019,3.86968
8,46,31.7937,1.49885
8,51,219.061,3.84942
8,55,194.598,5.02953
8,60,204.765,12.7703
8,72,194.731,3.9792
8,91,91.9191,7.40931
8,93,232.361,3.91178
8,96,100.11,7.88365
9,5,121.495,0
9,15,271.98,0
9,22,261.947,0
9,30,159.906,0
9,34,242.891,17.6514
9,41,243.091,0
9,49,175.642,0
9,50,206.358,8.77306
9,53,190.066,0
9,57,263.873,22.0924
9,64,406.483,32.2793
9,66,252.686,0
9,70,144.475,0
9,71,132.231,0
9,75,94.8472,0
9,77,152.191,0
9,81,270.148,0
9,88,246.455,0
9,94,19.3132,0
9,95,196.84,0
9,98,288.431,12.1584
10,6,418.147,32.0946
10,18,180.46,9.87746
10,20,306.561,26.2821
10,21,243.631,5.5107
10,24,395.003,33.6312
10,36,258.358,0.649106
10,40,478.852,6.6659
10,43,117.047,0
10,44,252.127,0
10,47,120.389,7.57693
10,54,214.658,14.7757
10,56,316.081,19.7627
10,64,499.465,19.2657
10,65,313.388,17.6783
10,76,220.973,17.1743
10,85,69.9566,2.77325
11,2,127.562,0
11,7,375.267,0.525576
11,23,438.384,7.02439
11,26,416.662,4.9838
11,27,390.839,23.1307
11,39,375.2,9.80915
11,45,215.081,0
11,51,411.451,20.8543
11,55,460.454,28.1759
11,58,461.91,10.6777
11,59,196.255,0
11,61,482.783,5.71327
11,69,503.792,5.94316
11,78,175.727,0
11,90,243.124,3.30569
11,93,395.233,27.144
12,7,449.441,25.4113
12,15,211.434,8.60915
12,21,508.151,7.17212
12,23,378.471,0
12,25,273.01,16.2506
12,26,130.115,5.86702
12,30,350.409,27.832
12,36,428.719,12.5043
12,38,272.236,9.24516
12,40,285.776,0
12,44,448.777,13.5588
12,45,380.384,0
12,55,235.304,15.6869
12,58,290.593,6.96994
12,59,399.536,16.382
12,60,287.545,12.3536
12,61,137.186,0
12,69,56.4624,0
12,78,393.151,0
12,80,108.074,0
12,84,294.126,9.69647
12,86,143.989,7.88429
12,92,74.1279,6.32464
13,14,320.404,25.6934
13,15,310.997,22.5805
13,16,320.831,7.09724
13,17,345.773,16.6146
13,19,265.826,13.133
13,22,333.537,28.3648
13,34,273.561,15.0116
13,37,136.668,10.1011
13,38,214.358,16.5782
13,41,277.337,18.0563
13,42,43.2666,0
13,57,314.97,4.46331
13,60,392.513,27.778
13,62,260.346,12.4766
13,67,147.097,10.8897
13,73,352.836,26.9473
13,83,115.169,0
13,84,224.177,18.7636
13,87,125.973,7.04748
14,8,258.584,22.1822
14,13,320.404,25.6934
14,16,165.584,0
14,17,201.766,15.3093
14,19,133.872,4.41338
14,37,306.316,25.737
14,38,308.048,19.0621
14,42,362.5,30.8692
14,46,279.815,24.0006
14,60,232.434,19.4329
14,62,134.123,0
14,83,217.76,11.2697
14,84,304.798,24.1903
14,89,131.319,1.49061
14,91,279.052,23.5291
14,96,176.614,14.9109
14,99,234.321,12.1993
15,9,271.98,0
15,12,211.434,8.60915
15,13,310.997,22.5805
15,16,233.103,15.6577
15,17,227.531,11.5752
15,19,316.853,25.771
15,26,315.907,22.2527
15,30,159.201,0
15,34,206.302,9.51327
15,37,219.99,15.7989
15,38,102.45,0
15,41,98.0612,0
15,42,321.081,27.0802
15,57,285.716,22.1379
15,60,209.038,0
15,61,302.272,20.2006
15,69,268.601,18.81
15,71,148.122,0
15,75,198.023,0
15,80,255.846,15.0871
15,83,355.406,30.4587
15,84,129.63,0
15,86,89.2749,0
15,87,379.075,32.1605
15,92,150.602,0
16,8,303.404,24.9996
16,13,320.831,7.09724
16,14,165.584,0
16,15,233.103,15.6577
16,17,26.2488,0
16,19,54.7814,0
16,25,267.03,0
16,34,448.35,16.6034
16,37,184.614,5.03542
16,38,141.934,12.0711
16,41,225.971,18.1409
16,42,293.398,17.8324
16,46,317.611,25.268
16,55,264.067,4.37215
16,57,520.644,11.7977
16,60,71.7008,0
16,62,263.713,8.19388
16,67,439.787,27.2706
16,83,209.806,12.1326
16,84,123.211,8.59382
16,86,296.484,14.8211
16,87,379.281,24.9879
16,89,276.777,2.43697
16,91,196.947,0
16,92,281.003,14.6925
16,96,304.111,25.8653
17,8,276.307,23.1621
17,13,345.773,16.6146
17,14,201.766,15.3093
17,15,227.531,11.5752
17,16,26.2488,0
17,19,68,0
17,25,241.599,0
17,34,485.844,19.7747
17,37,225.45,9.10816
17,38,156.085,13.3838
17,41,251.121,20.2948
17,42,320.332,23.4281
17,46,277.748,20.7853
17,55,230.79,0
17,60,46.0435,0
17,62,278.644,11.0164
17,83,231.942,17.7086
17,84,154,10.4946
17,86,277.567,7.12227
17,87,406.116,30.2341
17,91,170.848,0
17,92,236.66,0
17,96,249.369,18.0589
18,10,180.46,9.87746
18,21,92.0895,7.77226
18,23,337.597,0
18,36,297.323,19.085
18,40,332.912,3.26118
18,43,208.073,17.8393
18,44,328.401,18.5053
18,47,153.561,13.0763
18,58,345.788,5.12553
18,61,483.941,10.2003
18,76,285.967,7.22626
18,80,496.257,8.09715
18,85,113.604,6.0389
19,8,382.704,26.7239
19,13,265.826,13.133
19,14,133.872,4.41338
19,15,316.853,25.771
19,16,54.7814,0
19,17,68,0
19,34,442.16,27.3099
19,37,177.126,11.73
19,38,216.57,17.5964
19,41,297.734,25.4706
19,42,275.455,16.1796
19,46,417.642,27.8428
19,60,109.142,0
19,62,209.222,8.07487
19,67,415.122,23.9293
19,83,141.032,11.7527
19,84,190.775,13.0008
19,87,383.862,19.891
19,89,219.329,0
19,91,257.292,16.6472
19,96,268.075,21.0279
20,0,187.8,0
20,6,129.692,0
20,10,306.561,26.2821
20,24,72.0069,0
20,35,121.202,0
20,43,468.89,28.1532
20,47,254.303,4.91166
20,48,113.172,0
20,54,69.8928,0
20,56,80.0062,0
20,63,280.372,7.70079
20,64,240.01,0
20,65,70.7107,0
20,76,78.6384,0
20,79,217.002,0
20,85,251.098,0
21,10,243.631,5.5107
21,12,508.151,7.17212
21,18,92.0895,7.77226
21,23,320.225,0
21,36,204.322,6.26947
21,40,262.092,0
21,43,188.096,0
21,44,246.739,0
21,47,169.148,13.9851
21,58,297.959,4.33116
21,61,394.361,13.1323
21,69,506.063,0
21,76,354.436,29.884
21,80,416.394,0
21,85,113.971,7.88498
22,3,247.169,1.96843
22,9,261.947,0
22,13,333.537,28.3648
22,32,56.4358,0
22,34,265.342,22.2031
22,41,373.954,31.9701
22,42,315.297,26.7988
22,50,188.419,14.1314
22,53,110.277,0
22,57,186.827,15.8303
22,67,209.576,17.9785
22,73,28.8444,0
22,77,118.6,0
22,87,203.377,16.2237
22,94,262.269,0
22,98,65.5134,0
23,2,333.469,16.3628
23,11,438.384,7.02439
23,12,378.471,0
23,18,337.597,0
23,21,320.225,0
23,26,334.55,2.27497
23,36,425.459,4.99293
23,40,143.02,3.73909
23,43,480.702,3.98691
23,44,457.947,6.593
23,45,233.053,10.2171
23,47,470.375,26.574
23,58,80.5233,0
23,59,461.56,4.10002
23,61,241.338,0
23,69,329.728,1.0176
23,78,336.965,5.79437
23,80,258.153,12.4764
23,85,371.715,31.2445
23,92,450.013,13.2272
24,0,174.201,0
24,6,82.2253,0
24,10,395.003,33.6312
24,20,72.0069,0
24,35,110.059,0
24,48,42.2019,0
24,54,141.824,0
24,56,124.193,0
24,63,213.636,7.07579
24,64,210.395,0
24,65,92.7631,0
24,76,139.216,0
24,79,148.718,0
25,7,110.409,1.54514
25,8,167.31,4.10761
25,12,273.01,16.2506
25,16,267.03,0
25,17,241.599,0
25,26,238.111,15.4062
25,27,113.172,0
25,39,115.248,0
25,45,411.94,33.22
25,46,154.923,0
25,51,93.3488,0
25,55,38.0789,0
25,59,276.724,22.9274
25,60,195.556,0
25,61,372.104,31.6833
25,69,276.656,17.5906
25,72,118.68,0
25,78,361.682,27.8035
25,91,104.12,0
25,92,220.204,0
25,93,125,0
25,96,261.702,16.9483
26,2,447.772,0
26,7,371.05,12.0643
26,11,416.662,4.9838
26,12,130.115,5.86702
26,15,315.907,22.2527
26,23,334.55,2.27497
26,25,238.111,15.4062
26,27,391.627,30.2059
26,39,396.156,19.1482
26,40,284.938,9.5904
26,45,241.652,5.67877
26,51,349.283,29.4127
26,55,202.037,14.2854
26,58,271.017,7.76664
26,59,259.337,13.8083
26,61,126.331,7.08488
26,69,88.5438,4.74342
26,78,241.098,4.75728
26,80,175,4.84946
26,86,272.182,23.2098
26,92,150.581,12.8779
26,93,409.892,33.0599
27,7,53.6656,1.06942
27,8,232.923,3.87249
27,11,390.839,23.1307
27,25,113.172,0
27,26,391.627,30.2059
27,39,31.1448,0
27,45,461.078,22.9129
27,46,213.084,0
27,51,19.8494,0
27,55,137.557,0
27,59,245.903,17.9951
27,72,55.2178,0
27,78,369.529,20.8452
27,90,329.262,24.6946
27,91,197.618,0
27,93,18.2483,0
28,1,151.169,0
28,3,41.8688,0
28,4,163.218,0
28,5,253.476,0
28,29,63.0635,0
28,31,65.437,0
28,32,226.221,0
28,49,249.201,0
28,50,168.883,3.34331
28,52,68.6222,0
28,53,215.161,9.18727
28,66,154.276,0
28,68,232.938,0
28,74,53.0848,0
28,77,269.787,15.4215
28,81,70.0643,0
28,95,209.038,0
28,98,211.038,0
29,1,115.434,0
29,3,67.5426,0
29,4,127.252,0
29,5,211.085,0
29,28,63.0635,0
29,31,13,0
29,32,263.403,0
29,49,196.901,0
29,50,177.246,3.39721
29,52,22.8473,0
29,53,243.9,14.2871
29,66,93.6483,0
29,68,170.097,0
29,74,26.1725,0
29,77,269.726,13.0696
29,81,29.5296,0
29,88,273.057,0
29,95,155.029,0
29,97,270.416,0
29,98,259.894,6.74461
30,5,266.34,0
30,9,159.906,0
30,12,350.409,27.832
30,15,159.201,0
30,34,234.061,7.74777
30,36,351.663,20.1651
30,38,249.93,0
30,41,193.104,0
30,43,431.073,27.3461
30,44,338.458,17.5133
30,57,306.992,23.1566
30,70,242.217,0
30,71,50.2494,0
30,75,65.0692,0
30,80,405.358,33.3651
30,86,152.778,0
30,92,255.562,0
30,94,177.496,0
31,1,103.121,0
31,3,76.844,0
31,4,115.039,0
31,5,221.07,0
31,28,65.437,0
31,29,13,0
31,32,273.88,0
31,49,204.463,0
31,50,189.932,3.41663
31,52,9.84886,0
31,53,254.366,13.7572
31,66,98.0051,0
31,68,170.792,0
31,74,38.0526,0
31,77,283.669,13.5782
31,81,42.4853,0
31,95,162.274,0
31,97,271.448,0
31,98,257.363,0.506604
32,3,197.497,0
32,22,56.4358,0
32,28,226.221,0
32,29,263.403,0
32,31,273.88,0
32,34,319.166,27.3636
32,42,374.693,31.9755
32,50,179.385,15.3868
32,53,132.255,11.2927
32,57,238.369,18.5911
32,67,257.91,20.4296
32,73,65.123,0
32,74,237.508,0
32,77,124.952,0
32,81,242.572,0
32,87,261.262,18.4476
32,94,276.513,1.51893
32,98,20.5183,0
33,5,266.08,17.1446
33,6,351.614,27.8573
33,48,403.604,31.9247
33,49,217.224,14.8637
33,63,220.635,0
33,64,256.92,21.4589
33,66,263.066,10.0356
33,68,182.771,7.69346
33,70,230.139,18.3827
33,79,284.547,14.5435
33,82,81.7577,7.01368
33,88,119.474,9.95615
33,95,232.103,12.7428
33,97,118.21,6.10039
34,9,242.891,17.6514
34,13,273.561,15.0116
34,15,206.302,9.51327
34,16,448.35,16.6034
34,17,485.844,19.7747
34,19,442.16,27.3099
34,22,265.342,22.2031
34,30,234.061,7.74777
34,32,319.166,27.3636
34,37,266.05,15.2756
34,38,246.48,21.1219
34,41,142.836,11.8414
34,42,231.554,13.9213
34,50,351.474,29.7719
34,53,282.558,24.0581
34,57,80.9938,0
34,67,278.029,14.4748
34,71,185.599,7.70796
34,73,257.029,21.4191
34,75,214.206,8.76299
34,77,250.18,20.9343
34,83,330.503,21.5278
34,84,287.448,21.012
34,86,284.328,9.21572
34,87,212.356,4.82743
34,94,256.898,18.1895
34,98,316.477,27.1266
35,0,67.624,0
35,6,190.709,0
35,20,121.202,0
35,24,110.059,0
35,48,133.754,0
35,54,167.586,0
35,56,87.0919,0
35,65,183.505,0
35,76,197.327,0
35,79,234.101,3.40762
36,10,258.358,0.649106
36,12,428.719,12.5043
36,18,297.323,19.085
36,21,204.322,6.26947
36,23,425.459,4.99293
36,30,351.663,20.1651
36,40,295.556,4.91379
36,43,142.89,0.680303
36,44,33.6518,1.0416
36,47,341.509,19.6361
36,58,368.863,6.51471
36,61,363.207,19.2284
36,69,440.927,10.5728
36,71,396.242,31.0238
36,75,403.04,31.893
36,76,493.197,14.6671
36,80,348.593,9.43991
36,85,268.159,12.2184
36,86,326.995,22.5566
36,92,393.411,31.1709
37,13,136.668,10.1011
37,14,306.316,25.737
37,15,219.99,15.7989
37,16,184.614,5.03542
37,17,225.45,9.10816
37,19,177.126,11.73
37,34,266.05,15.2756
37,38,113.069,9.26726
37,41,163.005,13.8677
37,42,110.568,9.41145
37,57,315.787,15.9665
37,60,290.666,15.9503
37,62,347.592,29.1454
37,67,264.862,20.6638
37,71,325.342,22.5359
37,83,139.542,0
37,84,96.94,8.1554
37,86,300.923,15.3412
37,87,189.289,16.1689
38,12,272.236,9.24516
38,13,214.358,16.5782
38,14,308.048,19.0621
38,15,102.45,0
38,16,141.934,12.0711
38,17,156.085,13.3838
38,19,216.57,17.5964
38,30,249.93,0
38,34,246.48,21.1219
38,37,113.069,9.26726
38,41,85.5102,0
38,42,220.965,18.8518
38,57,327.157,25.6447
38,60,135.945,0
38,67,389.1,29.5125
38,71,224.544,0
38,75,273.081,0
38,83,248.675,17.6217
38,84,27.2029,0
38,86,183.308,0
38,87,327.207,22.8124
38,91,261.4,0
38,92,201.814,0
39,2,500.27,7.63035
39,7,25.0943,0.916489
39,8,253.019,3.86968
39,11,375.2,9.80915
39,25,115.248,0
39,26,396.156,19.1482
39,27,31.1448,0
39,45,433.352,11.1558
39,46,234.617,0
39,51,34.9285,0
39,55,131.59,0
39,59,214.838,10.5418
39,69,473.003,25.1872
39,72,85.9127,0
39,78,338.55,11.0177
39,90,349.363,11.8015
39,91,210.06,0
39,93,47.5079,0
40,2,484.623,8.98578
40,10,478.852,6.6659
40,12,285.776,0
40,18,332.912,3.26118
40,21,262.092,0
40,23,143.02,3.73909
40,26,284.938,9.5904
40,36,295.556,4.91379
40,43,380.045,4.74415
40,44,328.273,5.91531
40,45,320.2,11.2891
40,47,416.838,30.4007
40,58,80,0
40,59,499.039,12.5356
40,61,146.88,7.66132
40,69,233.396,9.16048
40,78,417.06,1.9669
40,80,179.922,0
40,85,385.08,22.8789
40,86,345.32,23.0994
40,92,308.347,22.3164
41,9,243.091,0
41,13,277.337,18.0563
41,15,98.0612,0
41,16,225.971,18.1409
41,17,251.121,20.2948
41,19,297.734,25.4706
41,22,373.954,31.9701
41,30,193.104,0
41,34,142.836,11.8414
41,37,163.005,13.8677
41,38,85.5102,0
41,42,233.121,18.004
41,57,223.919,15.0309
41,60,221.326,0
41,67,379.067,17.7272
41,71,156.474,0
41,75,200.831,0
41,77,330.918,26.3076
41,83,276.007,21.9653
41,84,100.18,0
41,86,185.456,0
41,87,290.274,12.832
41,92,242.852,0
41,94,260.492,0
42,13,43.2666,0
42,14,362.5,30.8692
42,15,321.081,27.0802
42,16,293.398,17.8324
42,17,320.332,23.4281
42,19,275.455,16.1796
42,22,315.297,26.7988
42,32,374.693,31.9755
42,34,231.554,13.9213
42,37,110.568,9.41145
42,38,220.965,18.8518
42,41,233.121,18.004
42,57,275.681,3.45366
42,60,398.808,28.0376
42,62,303.901,20.2601
42,67,145.829,9.99936
42,73,333.617,25.9214
42,77,420.415,33.3662
42,83,144.886,0
42,84,186.04,14.8667
42,87,110.514,2.43402
43,10,117.047,0
43,18,208.073,17.8393
43,20,468.89,28.1532
43,21,188.096,0
43,23,480.702,3.98691
43,30,431.073,27.3461
43,36,142.89,0.680303
43,40,380.045,4.74415
43,44,142.394,0
43,47,209.718,16.3198
43,54,349.295,29.4087
43,58,445.896,4.80015
43,61,498.642,12.7992
43,65,392.84,23.5394
43,76,355.229,15.4188
43,80,480.317,6.53463
43,85,141.421,9.42809
43,86,476.77,24.2339
44,10,252.127,0
44,12,448.777,13.5588
44,18,328.401,18.5053
44,21,246.739,0
44,23,457.947,6.593
44,30,338.458,17.5133
44,36,33.6518,1.0416
44,40,328.273,5.91531
44,43,142.394,0
44,47,350.815,19.6474
44,58,402.003,7.53245
44,61,392.036,19.9117
44,69,489.232,0.504359
44,71,386.082,29.1632
44,75,365.305,30.6424
44,76,478.763,13.729
44,80,390.635,2.92839
44,85,279.443,11.2249
44,86,347.394,19.5174
44,92,411.852,31.8741
45,2,184.841,5.15305
45,7,398.982,9.44957
45,11,215.081,0
45,12,380.384,0
45,23,233.053,10.2171
45,25,411.94,33.22
45,26,241.652,5.67877
45,27,461.078,22.9129
45,39,433.352,11.1558
45,40,320.2,11.2891
45,51,441.394,26.0617
45,55,366.052,30.5044
45,58,263.566,5.50717
45,59,218.833,0
45,61,276.814,4.37423
45,69,324.58,0
45,78,95.0158,0
45,80,351.351,3.26296
45,90,431.827,11.3366
45,92,425.608,17.4469
46,7,241.394,1.00567
46,8,31.7937,1.49885
46,14,279.815,24.0006
46,16,317.611,25.268
46,17,277.748,20.7853
46,19,417.642,27.8428
46,25,154.923,0
46,27,213.084,0
46,39,234.617,0
46,51,200.202,0
46,55,183.044,0
46,60,218.078,12.3692
46,72,172.244,0
46,91,77.4726,0
46,93,211.367,0
46,96,125.327,8.5842
47,10,120.389,7.57693
47,18,153.561,13.0763
47,20,254.303,4.91166
47,21,169.148,13.9851
47,23,470.375,26.574
47,36,341.509,19.6361
47,40,416.838,30.4007
47,43,209.718,16.3198
47,44,350.815,19.6474
47,54,191.662,5.18179
47,56,275.96,5.74624
47,65,271.486,15.5186
47,76,182.019,4.57402
47,85,70.5532,6.02661
48,0,206.026,7.0881
48,6,63.6553,0
48,20,113.172,0
48,24,42.2019,0
48,33,403.604,31.9247
48,35,133.754,0
48,54,182.453,0
48,56,164.21,0
48,63,172.287,6.77733
48,64,191.669,0
48,65,117.098,0
48,76,173.851,0
48,79,106.892,0
49,1,254.804,0
49,3,223.087,0
49,4,260.686,0
49,5,55.1453,0
49,9,175.642,0
49,28,249.201,0
49,29,196.901,0
49,31,204.463,0
49,33,217.224,14.8637
49,50,221.629,5.39004
49,52,210.723,0
49,53,271.861,12.3482
49,64,256.825,13.7585
49,66,111.803,0
49,68,107.838,0
49,70,94.5145,0
49,74,196.431,0
49,75,253.665,0
49,77,236.922,0
49,81,179.471,0
49,82,127.201,0
49,88,101.045,0
49,94,157.204,0
49,95,42.3792,0
49,97,143.126,0
50,3,127.54,3.19616
50,5,191.294,6.10772
50,9,206.358,8.77306
50,22,188.419,14.1314
50,28,168.883,3.34331
50,29,177.246,3.39721
50,31,189.932,3.41663
50,32,179.385,15.3868
50,34,351.474,29.7719
50,49,221.629,5.39004
50,52,199.524,3.43097
50,53,77.8095,2.62195
50,57,276.697,23.1147
50,66,199.306,4.0727
50,68,274.757,4.43918
50,70,274.897,6.48723
50,73,236.397,19.8218
50,74,152.289,3.40091
50,75,296.974,10.5049
50,77,102.427,8.77708
50,81,149.623,3.34138
50,94,195.483,8.57151
50,95,201.254,5.03297
50,98,155.596,13.2561
51,7,48.8276,0.641503
51,8,219.061,3.84942
51,11,411.451,20.8543
51,25,93.3488,0
51,26,349.283,29.4127
51,27,19.8494,0
51,39,34.9285,0
51,45,441.394,26.0617
51,46,200.202,0
51,55,118.119,0
51,59,241.157,18.2216
51,72,56.8595,0
51,78,352.609,23.1748
51,90,364.101,25.0343
51,91,180.014,0
51,93,34.4819,0
52,1,94.0053,0
52,3,84.4038,0
52,4,106.005,0
52,5,228.974,0
52,28,68.6222,0
52,29,22.8473,0
52,31,9.84886,0
52,49,210.723,0
52,50,199.524,3.43097
52,53,263.799,13.8685
52,66,102.489,0
52,68,172.2,0
52,74,47.3814,0
52,77,295.497,14.4486
52,81,52.3259,0
52,95,168.404,0
52,97,272.868,0
52,98,264.518,0
53,3,177.317,9.45356
53,5,220.534,6.72321
53,9,190.066,0
53,22,110.277,0
53,28,215.161,9.18727
53,29,243.9,14.2871
53,31,254.366,13.7572
53,32,132.255,11.2927
53,34,282.558,24.0581
53,49,271.861,12.3482
53,50,77.8095,2.62195
53,52,263.799,13.8685
53,57,211.329,15.3541
53,66,277.863,18.2753
53,67,296.965,19.8922
53,73,136.825,0
53,74,216.411,13.2888
53,75,269,0
53,77,45.793,0
53,81,219.052,14.4625
53,87,269.084,12.7519
53,94,183.461,0
53,95,264.181,15.1497
53,98,110.461,9.44465
54,0,227.015,0
54,6,189.169,0
54,10,214.658,14.7757
54,20,69.8928,0
54,24,141.824,0
54,35,167.586,0
54,43,349.295,29.4087
54,47,191.662,5.18179
54,48,182.453,0
54,56,90.8735,0
54,65,103.812,0
54,76,52.9245,0
54,85,195.635,0
55,7,121.273,1.8524
55,8,194.598,5.02953
55,11,460.454,28.1759
55,12,235.304,15.6869
55,16,264.067,4.37215
55,17,230.79,0
55,25,38.0789,0
55,26,202.037,14.2854
55,27,137.557,0
55,39,131.59,0
55,45,366.052,30.5044
55,46,183.044,0
55,51,118.119,0
55,59,263.218,21.4451
55,60,185.408,0
55,61,334.632,28.6985
55,69,231.343,14.3754
55,72,152.895,0
55,78,337.26,24.8111
55,80,323.876,26.8944
55,91,120.553,0
55,92,182.538,0
55,93,152.069,0
55,96,277.992,15.4591
56,0,138.311,0
56,6,200.422,0
56,10,316.081,19.7627
56,20,80.0062,0
56,24,124.193,0
56,35,87.0919,0
56,47,275.96,5.74624
56,48,164.21,0
56,54,90.8735,0
56,65,150.083,0
56,76,134.183,0
56,79,270.623,0
57,9,263.873,22.0924
57,13,314.97,4.46331
57,15,285.716,22.1379
57,16,520.644,11.7977
57,22,186.827,15.8303
57,30,306.992,23.1566
57,32,238.369,18.5911
57,34,80.9938,0
57,37,315.787,15.9665
57,38,327.157,25.6447
57,41,223.919,15.0309
57,42,275.681,3.45366
57,50,276.697,23.1147
57,53,211.329,15.3541
57,67,279.614,0
57,71,257.2,21.1875
57,73,196.451,15.4882
57,75,269.552,20.68
57,77,176.477,14.1025
57,83,353.866,22.7777
57,84,359.269,22.2778
57,87,198.258,2.35733
57,94,273.837,22.6037
57,98,236.702,18.4257
58,2,424.947,0
58,11,461.91,10.6777
58,12,290.593,6.96994
58,18,345.788,5.12553
58,21,297.959,4.33116
58,23,80.5233,0
58,26,271.017,7.76664
58,36,368.863,6.51471
58,40,80,0
58,43,445.896,4.80015
58,44,402.003,7.53245
58,45,263.566,5.50717
58,59,469.221,0
58,61,170.88,0
58,69,257.212,3.08272
58,78,356.455,0
58,80,184.205,10.3133
58,85,388.844,30.2329
58,86,417.861,21.2645
58,92,347.49,21.0004
59,2,292.91,0
59,7,191.866,6.61159
59,11,196.255,0
59,12,399.536,16.382
59,23,461.56,4.10002
59,25,276.724,22.9274
59,26,259.337,13.8083
59,27,245.903,17.9951
59,39,214.838,10.5418
59,40,499.039,12.5356
59,45,218.833,0
59,51,241.157,18.2216
59,55,263.218,21.4451
59,58,469.221,0
59,61,396.255,6.19299
59,69,348.391,18.2433
59,72,299.975,25.5809
59,78,123.822,0
59,80,437.026,14.2913
59,90,317.768,5.86648
59,92,368.863,30.792
59,93,260.639,20.7241
60,8,204.765,12.7703
60,12,287.545,12.3536
60,13,392.513,27.778
60,14,232.434,19.4329
60,15,209.038,0
60,16,71.7008,0
60,17,46.0435,0
60,19,109.142,0
60,25,195.556,0
60,37,290.666,15.9503
60,38,135.945,0
60,41,221.326,0
60,42,398.808,28.0376
60,46,218.078,12.3692
60,55,185.408,0
60,83,281.098,23.8819
60,84,129.119,2.02892
60,86,256.603,0
60,91,129.248,0
60,92,213.354,0
60,96,199.302,7.54933
61,2,429.496,19.1805
61,7,506.872,14.6302
61,11,482.783,5.71327
61,12,137.186,0
61,15,302.272,20.2006
61,18,483.941,10.2003
61,21,394.361,13.1323
61,23,241.338,0
61,25,372.104,31.6833
61,26,126.331,7.08488
61,36,363.207,19.2284
61,40,146.88,7.66132
61,43,498.642,12.7992
61,44,392.036,19.9117
61,45,276.814,4.37423
61,55,334.632,28.6985
61,58,170.88,0
61,59,396.255,6.19299
61,69,87.4997,2.43934
61,78,317.207,5.17088
61,80,72.1388,0
61,86,314.686,12.7604
61,92,210.06,11.022
62,13,260.346,12.4766
62,14,134.123,0
62,16,263.713,8.19388
62,17,278.644,11.0164
62,19,209.222,8.07487
62,37,347.592,29.1454
62,42,303.901,20.2601
62,83,210.864,7.35581
62,89,57.1402,0
62,96,275.613,8.37082
62,99,198.183,5.61809
63,6,164.646,9.47442
63,20,280.372,7.70079
63,24,213.636,7.07579
63,33,220.635,0
63,48,172.287,6.77733
63,64,209.799,17.0618
63,65,263.143,11.6425
63,70,407.146,27.4422
63,79,66.5953,5.16153
63,82,304.89,11.928
63,88,322.706,13.238
63,97,341.929,5.1703
64,5,274.545,17.6734
64,6,129.711,0
64,9,406.483,32.2793
64,10,499.465,19.2657
64,20,240.01,0
64,24,210.395,0
64,33,256.92,21.4589
64,48,191.669,0
64,49,256.825,13.7585
64,63,209.799,17.0618
64,65,193.443,7.29354
64,70,193.922,16.2153
64,75,342.592,28.0317
64,76,361.343,29.342
64,79,228.706,19.4752
64,82,227.871,15.0096
64,88,198.163,12.9396
64,94,401.938,31.568
64,95,291.115,11.3991
64,97,275.467,21.0051
65,0,251.127,0
65,6,95.0158,0
65,10,313.388,17.6783
65,20,70.7107,0
65,24,92.7631,0
65,35,183.505,0
65,43,392.84,23.5394
65,47,271.486,15.5186
65,48,117.098,0
65,54,103.812,0
65,56,150.083,0
65,63,263.143,11.6425
65,64,193.443,7.29354
65,76,73.3574,2.41837
65,79,198.862,0
65,85,323.196,27.7228
66,1,146.373,0
66,3,141.662,0
66,4,153.808,0
66,5,142.271,0
66,9,252.686,0
66,28,154.276,0
66,29,93.6483,0
66,31,98.0051,0
66,33,263.066,10.0356
66,49,111.803,0
66,50,199.306,4.0727
66,52,102.489,0
66,53,277.863,18.2753
66,68,83.2406,0
66,70,206.235,0
66,74,102.883,0
66,77,246.641,0
66,81,87.2353,0
66,82,183.521,0
66,88,179.471,0
66,94,233.48,0
66,95,69.9714,0
66,97,180.236,0
67,13,147.097,10.8897
67,16,439.787,27.2706
67,19,415.122,23.9293
67,22,209.576,17.9785
67,32,257.91,20.4296
67,34,278.029,14.4748
67,37,264.862,20.6638
67,38,389.1,29.5125
67,41,379.067,17.7272
67,42,145.829,9.99936
67,53,296.965,19.8922
67,57,279.614,0
67,73,187.255,15.9376
67,77,288.109,20.6627
67,83,267.211,10.775
67,84,322.621,27.6464
67,87,102.176,0
67,98,273.885,21.6585
68,1,175.864,0
68,3,224.377,0
68,4,177.91,0
68,5,160.031,0
68,28,232.938,0
68,29,170.097,0
68,31,170.792,0
68,33,182.771,7.69346
68,49,107.838,0
68,50,274.757,4.43918
68,52,172.2,0
68,66,83.2406,0
68,70,189.447,0
68,74,183.962,0
68,81,169.284,0
68,82,111,0
68,88,120.487,0
68,94,262.545,0
68,95,88.1419,0
68,97,100.688,0
69,2,503.411,8.24197
69,7,449.004,18.401
69,11,503.792,5.94316
69,12,56.4624,0
69,15,268.601,18.81
69,21,506.063,0
69,23,329.728,1.0176
69,25,276.656,17.5906
69,26,88.5438,4.74342
69,36,440.927,10.5728
69,39,473.003,25.1872
69,40,233.396,9.16048
69,44,489.232,0.504359
69,45,324.58,0
69,55,231.343,14.3754
69,58,257.212,3.08272
69,59,348.391,18.2433
69,61,87.4997,2.43934
69,78,329.48,5.5806
69,80,95.5196,0
69,86,191.962,14.8616
69,92,127.684,8.81342
70,5,86.3713,0
70,6,294.198,10.2038
70,9,144.475,0
70,30,242.217,0
70,33,230.139,18.3827
70,49,94.5145,0
70,50,274.897,6.48723
70,63,407.146,27.4422
70,64,193.922,16.2153
70,66,206.235,0
70,68,189.447,0
70,71,242,0
70,75,192.023,0
70,77,262.932,0
70,81,267.808,0
70,82,149.121,0
70,88,110.041,0
70,94,132.575,0
70,95,136.4,0
70,97,177.133,0
71,5,249.303,0
71,9,132.231,0
71,15,148.122,0
71,30,50.2494,0
71,34,185.599,7.70796
71,36,396.242,31.0238
71,37,325.342,22.5359
71,38,224.544,0
71,41,156.474,0
71,44,386.082,29.1632
71,57,257.2,21.1875
71,70,242,0
71,75,50.0899,0
71,77,237.8,0
71,84,247.386,0
71,86,170.018,0
71,92,270.18,0
71,94,151.327,0
72,7,104.806,0.654826
72,8,194.731,3.9792
72,25,118.68,0
72,27,55.2178,0
72,39,85.9127,0
72,46,172.244,0
72,51,56.8595,0
72,55,152.895,0
72,59,299.975,25.5809
72,78,414.498,32.9772
72,90,398.624,30.2393
72,91,175.071,0
72,93,44.2719,0
72,96,298.898,20.2556
73,3,261.094,0
73,13,352.836,26.9473
73,22,28.8444,0
73,32,65.123,0
73,34,257.029,21.4191
73,42,333.617,25.9214
73,50,236.397,19.8218
73,53,136.825,0
73,57,196.451,15.4882
73,67,187.255,15.9376
73,77,147.411,0
73,87,221.14,18.9594
73,98,80.6226,0
74,1,141.174,0
74,3,43.6005,0
74,4,153.082,0
74,5,203.686,0
74,28,53.0848,0
74,29,26.1725,0
74,31,38.0526,0
74,32,237.508,0
74,49,196.431,0
74,50,152.289,3.40091
74,52,47.3814,0
74,53,216.411,13.2888
74,66,102.883,0
74,68,183.962,0
74,77,249.879,14.4404
74,81,17,0
74,94,265.548,0
74,95,156.003,0
74,98,232.875,6.26314
75,5,204.394,0
75,9,94.8472,0
75,15,198.023,0
75,30,65.0692,0
75,34,214.206,8.76299
75,36,403.04,31.893
75,38,273.081,0
75,41,200.831,0
75,44,365.305,30.6424
75,49,253.665,0
75,50,296.974,10.5049
75,53,269,0
75,57,269.552,20.68
75,64,342.592,28.0317
75,70,192.023,0
75,71,50.0899,0
75,77,225.535,0
75,86,212.002,0
75,94,112.486,0
76,0,261.964,0
76,6,162.641,0
76,10,220.973,17.1743
76,18,285.967,7.22626
76,20,78.6384,0
76,21,354.436,29.884
76,24,139.216,0
76,35,197.327,0
76,36,493.197,14.6671
76,43,355.229,15.4188
76,44,478.763,13.729
76,47,182.019,4.57402
76,48,173.851,0
76,54,52.9245,0
76,56,134.183,0
76,64,361.343,29.342
76,65,73.3574,2.41837
76,79,265.047,0
76,85,173.833,0
77,3,230.315,15.2495
77,5,191.69,0
77,9,152.191,0
77,22,118.6,0
77,28,269.787,15.4215
77,29,269.726,13.0696
77,31,283.669,13.5782
77,32,124.952,0
77,34,250.18,20.9343
77,41,330.918,26.3076
77,42,420.415,33.3662
77,49,236.922,0
77,50,102.427,8.77708
77,52,295.497,14.4486
77,53,45.793,0
77,57,176.477,14.1025
77,66,246.641,0
77,67,288.109,20.6627
77,70,262.932,0
77,71,237.8,0
77,73,147.411,0
77,74,249.879,14.4404
77,75,225.535,0
77,81,235.931,10.8352
77,87,267.063,18.8833
77,94,148.678,0
77,95,229.085,0
77,98,134.276,9.65287
78,2,210.898,2.84545
78,7,306.235,9.00113
78,11,175.727,0
78,12,393.151,0
78,23,336.965,5.79437
78,25,361.682,27.8035
78,26,241.098,4.75728
78,27,369.529,20.8452
78,39,338.55,11.0177
78,40,417.06,1.9669
78,45,95.0158,0
78,51,352.609,23.1748
78,55,337.26,24.8111
78,58,356.455,0
78,59,123.822,0
78,61,317.207,5.17088
78,69,329.48,5.5806
78,72,414.498,32.9772
78,80,387.504,4.37379
78,90,367.237,10.7651
78,92,389.84,25.8933
78,93,385.759,24.8097
79,0,281.867,5.76956
79,6,105.119,0
79,20,217.002,0
79,24,148.718,0
79,33,284.547,14.5435
79,35,234.101,3.40762
79,48,106.892,0
79,56,270.623,0
79,63,66.5953,5.16153
79,64,228.706,19.4752
79,65,198.862,0
79,76,265.047,0
79,82,368.302,22.695
79,88,348.684,27.4119
79,97,407.141,19.2413
80,12,108.074,0
80,15,255.846,15.0871
80,18,496.257,8.09715
80,21,416.394,0
80,23,258.153,12.4764
80,26,175,4.84946
80,30,405.358,33.3651
80,36,348.593,9.43991
80,40,179.922,0
80,43,480.317,6.53463
80,44,390.635,2.92839
80,45,351.351,3.26296
80,55,323.876,26.8944
80,58,184.205,10.3133
80,59,437.026,14.2913
80,61,72.1388,0
80,69,95.5196,0
80,78,387.504,4.37379
80,86,252.98,9.71999
80,92,137.758,11.746
81,1,143.028,0
81,3,55.4437,0
81,4,154.574,0
81,5,187.747,0
81,9,270.148,0
81,28,70.0643,0
81,29,29.5296,0
81,31,42.4853,0
81,32,242.572,0
81,49,179.471,0
81,50,149.623,3.34138
81,52,52.3259,0
81,53,219.052,14.4625
81,66,87.2353,0
81,68,169.284,0
81,70,267.808,0
81,74,17,0
81,77,235.931,10.8352
81,82,270.085,0
81,88,262.8,0
81,94,252.723,0
81,95,139.004,0
81,97,267.464,0
81,98,223.946,0
82,5,176.207,0
82,6,370.275,31.5313
82,33,81.7577,7.01368
82,49,127.201,0
82,63,304.89,11.928
82,64,227.871,15.0096
82,66,183.521,0
82,68,111,0
82,70,149.121,0
82,79,368.302,22.695
82,81,270.085,0
82,88,39.1152,0
82,94,267.778,0
82,95,145.602,0
82,97,30.4138,0
83,13,115.169,0
83,14,217.76,11.2697
83,15,355.406,30.4587
83,16,209.806,12.1326
83,17,231.942,17.7086
83,19,141.032,11.7527
83,34,330.503,21.5278
83,37,139.542,0
83,38,248.675,17.6217
83,41,276.007,21.9653
83,42,144.886,0
83,57,353.866,22.7777
83,60,281.098,23.8819
83,62,210.864,7.35581
83,67,267.211,10.775
83,84,211.363,14.3228
83,87,245.249,5.98177
83,89,259.478,8.31751
84,12,294.126,9.69647
84,13,224.177,18.7636
84,14,304.798,24.1903
84,15,129.63,0
84,16,123.211,8.59382
84,17,154,10.4946
84,19,190.775,13.0008
84,34,287.448,21.012
84,37,96.94,8.1554
84,38,27.2029,0
84,41,100.18,0
84,42,186.04,14.8667
84,57,359.269,22.2778
84,60,129.119,2.02892
84,67,322.621,27.6464
84,71,247.386,0
84,83,211.363,14.3228
84,86,209.881,0
84,87,295.277,23.111
84,91,253.476,0
84,92,222.272,0
85,10,69.9566,2.77325
85,18,113.604,6.0389
85,20,251.098,0
85,21,113.971,7.88498
85,23,371.715,31.2445
85,36,268.159,12.2184
85,40,385.08,22.8789
85,43,141.421,9.42809
85,44,279.443,11.2249
85,47,70.5532,6.02661
85,54,195.635,0
85,58,388.844,30.2329
85,65,323.196,27.7228
85,76,173.833,0
86,12,143.989,7.88429
86,15,89.2749,0
86,16,296.484,14.8211
86,17,277.567,7.12227
86,26,272.182,23.2098
86,30,152.778,0
86,34,284.328,9.21572
86,36,326.995,22.5566
86,37,300.923,15.3412
86,38,183.308,0
86,40,345.32,23.0994
86,41,185.456,0
86,43,476.77,24.2339
86,44,347.394,19.5174
86,58,417.861,21.2645
86,60,256.603,0
86,61,314.686,12.7604
86,69,191.962,14.8616
86,71,170.018,0
86,75,212.002,0
86,80,252.98,9.71999
86,84,209.881,0
86,92,102.786,0
87,13,125.973,7.04748
87,15,379.075,32.1605
87,16,379.281,24.9879
87,17,406.116,30.2341
87,19,383.862,19.891
87,22,203.377,16.2237
87,32,261.262,18.4476
87,34,212.356,4.82743
87,37,189.289,16.1689
87,38,327.207,22.8124
87,41,290.274,12.832
87,42,110.514,2.43402
87,53,269.084,12.7519
87,57,198.258,2.35733
87,67,102.176,0
87,73,221.14,18.9594
87,77,267.063,18.8833
87,83,245.249,5.98177
87,84,295.277,23.111
87,98,262.824,16.5414
88,5,144.267,0
88,6,331.075,25.6602
88,9,246.455,0
88,29,273.057,0
88,33,119.474,9.95615
88,49,101.045,0
88,63,322.706,13.238
88,64,198.163,12.9396
88,66,179.471,0
88,68,120.487,0
88,70,110.041,0
88,79,348.684,27.4119
88,81,262.8,0
88,82,39.1152,0
88,94,231.173,0
88,95,128.693,0
88,97,68.1542,0
89,14,131.319,1.49061
89,16,276.777,2.43697
89,19,219.329,0
89,62,57.1402,0
89,83,259.478,8.31751
89,96,243.483,4.95025
89,99,147.635,7.77762
90,2,348.105,2.96499
90,7,376.309,4.53424
90,11,243.124,3.30569
90,27,329.262,24.6946
90,39,349.363,11.8015
90,45,431.827,11.3366
90,51,364.101,25.0343
90,59,317.768,5.86648
90,72,398.624,30.2393
90,78,367.237,10.7651
90,93,352,22.1538
91,7,209.353,1.0015
91,8,91.9191,7.40931
91,14,279.052,23.5291
91,16,196.947,0
91,17,170.848,0
91,19,257.292,16.6472
91,25,104.12,0
91,27,197.618,0
91,38,261.4,0
91,39,210.06,0
91,46,77.4726,0
91,51,180.014,0
91,55,120.553,0
91,60,129.248,0
91,72,175.071,0
91,84,253.476,0
91,92,257.498,0
91,93,202.647,0
91,96,149.381,10.667
92,7,287.577,9.63718
92,12,74.1279,6.32464
92,15,150.602,0
92,16,281.003,14.6925
92,17,236.66,0
92,23,450.013,13.2272
92,25,220.204,0
92,26,150.581,12.8779
92,30,255.562,0
92,36,393.411,31.1709
92,38,201.814,0
92,40,308.347,22.3164
92,41,242.852,0
92,44,411.852,31.8741
92,45,425.608,17.4469
92,55,182.538,0
92,58,347.49,21.0004
92,59,368.863,30.792
92,60,213.354,0
92,61,210.06,11.022
92,69,127.684,8.81342
92,71,270.18,0
92,78,389.84,25.8933
92,80,137.758,11.746
92,84,222.272,0
92,86,102.786,0
92,91,257.498,0
93,7,71.2384,1.04564
93,8,232.361,3.91178
93,11,395.233,27.144
93,25,125,0
93,26,409.892,33.0599
93,27,18.2483,0
93,39,47.5079,0
93,46,211.367,0
93,51,34.4819,0
93,55,152.069,0
93,59,260.639,20.7241
93,72,44.2719,0
93,78,385.759,24.8097
93,90,352,22.1538
93,91,202.647,0
94,3,266.693,0
94,5,102.703,0
94,9,19.3132,0
94,22,262.269,0
94,30,177.496,0
94,32,276.513,1.51893
94,34,256.898,18.1895
94,41,260.492,0
94,49,157.204,0
94,50,195.483,8.57151
94,53,183.461,0
94,57,273.837,22.6037
94,64,401.938,31.568
94,66,233.48,0
94,68,262.545,0
94,70,132.575,0
94,71,151.327,0
94,74,265.548,0
94,75,112.486,0
94,77,148.678,0
94,81,252.723,0
94,82,267.778,0
94,88,231.173,0
94,95,177.609,0
94,98,286.233,13.0306
95,1,214.87,0
95,3,185.526,0
95,4,221.416,0
95,5,77.8267,0
95,9,196.84,0
95,28,209.038,0
95,29,155.029,0
95,31,162.274,0
95,33,232.103,12.7428
95,49,42.3792,0
95,50,201.254,5.03297
95,52,168.404,0
95,53,264.181,15.1497
95,64,291.115,11.3991
95,66,69.9714,0
95,68,88.1419,0
95,70,136.4,0
95,74,156.003,0
95,77,229.085,0
95,81,139.004,0
95,82,145.602,0
95,88,128.693,0
95,94,177.609,0
95,97,153.717,0
96,8,100.11,7.88365
96,14,176.614,14.9109
96,16,304.111,25.8653
96,17,249.369,18.0589
96,19,268.075,21.0279
96,25,261.702,16.9483
96,46,125.327,8.5842
96,55,277.992,15.4591
96,60,199.302,7.54933
96,62,275.613,8.37082
96,72,298.898,20.2556
96,89,243.483,4.95025
96,91,149.381,10.667
96,99,269.45,10.3815
97,1,266.177,0
97,4,265.59,0
97,5,195.479,0
97,29,270.416,0
97,31,271.448,0
97,33,118.21,6.10039
97,49,143.126,0
97,52,272.868,0
97,63,341.929,5.1703
97,64,275.467,21.0051
97,66,180.236,0
97,68,100.688,0
97,70,177.133,0
97,79,407.141,19.2413
97,81,267.464,0
97,82,30.4138,0
97,88,68.1542,0
97,95,153.717,0
98,3,180.472,0
98,9,288.431,12.1584
98,22,65.5134,0
98,28,211.038,0
98,29,259.894,6.74461
98,31,257.363,0.506604
98,32,20.5183,0
98,34,316.477,27.1266
98,50,155.596,13.2561
98,52,264.518,0
98,53,110.461,9.44465
98,57,236.702,18.4257
98,67,273.885,21.6585
98,73,80.6226,0
98,74,232.875,6.26314
98,77,134.276,9.65287
98,81,223.946,0
98,87,262.824,16.5414
98,94,286.233,13.0306
99,14,234.321,12.1993
99,62,198.183,5.61809
99,89,147.635,7.77762
99,96,269.45,10.3815
