0,5,149.913,0
0,15,211.102,0
0,26,134.952,0
0,28,77.9295,0
0,34,237.901,0
0,63,259.422,0
1,2,246.002,0
1,6,133.905,0.577088
1,8,33.4215,0
1,11,149.237,4.40931
1,13,268.003,20.604
1,14,88.8369,0
1,17,152.053,0
1,29,274.654,8.84261
1,37,196.955,9.40694
1,45,262.376,0
1,49,196.087,0
1,58,241.913,0
1,61,122.984,0
1,65,220.122,0.608035
1,72,10.2956,0
1,75,217.72,0
1,78,244.125,0
1,83,51.1957,0
1,85,149.04,0
1,91,219.228,0
1,93,171.251,6.86861
1,94,284.385,20.3803
1,95,97.7394,0
2,1,246.002,0
2,14,214.311,0
2,16,250.746,16.433
2,17,94.0479,0
2,44,49.4773,0
2,45,171.231,0
2,49,82.7345,0
2,51,172.54,0
2,52,363.251,30.2709
2,53,136.004,0
2,54,361.156,30.544
2,58,162.336,0
2,59,157.801,0
2,65,217.535,0.597587
2,72,251.127,0
2,75,220.792,0
2,76,219.088,10.4549
2,77,82.7587,0
2,83,240.47,0
2,85,141.739,0
2,91,85.8836,0
2,96,279.701,12.1594
2,97,57.28,0
3,4,297.707,20.3644
3,9,113.795,4.53454
3,12,310.546,26.616
3,18,315.069,25.922
3,19,173.844,5.81513
3,24,175.383,15.0156
3,31,368.304,31.5716
3,33,147.935,6.93209
3,35,323.066,26.3131
3,36,296.411,17.0694
3,41,253.187,16.6973
3,42,328.449,27.121
3,43,338.508,28.9773
3,56,231.281,10.0047
3,62,77.4817,6.06567
3,66,284.337,20.1046
3,67,92.9731,0
3,70,319.683,26.9908
3,73,93.9415,6.26276
3,79,295.537,22.9879
3,80,314.846,26.2372
3,82,116.559,0
3,84,58.1598,1.98174
3,86,228.274,7.811
3,88,175.95,15.0935
3,98,166.88,13.8774
4,3,297.707,20.3644
4,5,243.002,0
4,7,68.942,0
4,15,148.809,0
4,20,117.388,0
4,21,262.149,0
4,23,209.122,0
4,24,262.158,4.85771
4,25,254.031,0
4,26,243.212,0
4,30,239.033,0
4,33,129.541,0
4,34,117.614,0
4,36,110.309,0
4,38,157.648,0
4,47,68.1542,0
4,56,165.747,0
4,62,199.912,0
4,63,103.769,0
4,64,249.778,0
4,68,208.06,0
4,79,217.618,8.01966
4,82,153.17,0
4,84,265.663,0
4,86,134.629,0
4,89,192.208,0
4,92,245.204,0
4,98,237.758,3.41828
5,0,149.913,0
5,4,243.002,0
5,9,219.185,0
5,15,153.708,0
5,19,155.129,0
5,26,155.081,0
5,28,134.852,0
5,33,186.271,0
5,34,162.779,0
5,47,216.021,0
5,63,186.424,0
5,82,181.959,0
5,84,247.348,0
6,1,133.905,0.577088
6,8,100.898,0.560404
6,10,319.063,21.333
6,11,107.106,4.81205
6,13,204.653,9.52911
6,14,121.221,0.522423
6,17,249.648,0
6,29,247.886,16.9789
6,32,438.011,14.8954
6,37,168.704,14.4626
6,46,406.016,19.392
6,50,348.099,28.72
6,55,245.881,11.9114
6,58,279.856,9.31687
6,61,66.7598,5.71724
6,65,267.878,21.8538
6,72,139.319,0.557203
6,75,267.366,22.2805
6,83,101.671,0
6,93,92.5929,6.94447
6,94,167.011,10.7292
6,95,149.96,0.503174
7,4,68.942,0
7,15,211.436,0
7,20,51,0
7,21,231.355,0
7,23,232.622,0
7,24,274.241,13.4656
7,25,188.831,0
7,30,242.854,0
7,33,177.054,0
7,34,181.29,0
7,36,52.2015,0
7,38,89.3085,0
7,40,260.757,0
7,41,306.615,19.9915
7,47,123.434,0
7,56,128.191,0
7,60,337.199,27.8469
7,62,214.979,0
7,63,163.466,0
7,64,180.953,0
7,68,243.023,0
7,69,283.726,19.408
7,79,172.436,7.62519
7,82,200.145,0
7,86,97.8673,0
7,87,371.429,31.8125
7,89,217.221,0
7,92,177.882,0
7,98,231.617,5.21549
8,1,33.4215,0
8,6,100.898,0.560404
8,10,337.734,27.0436
8,11,122.386,4.18579
8,13,240.03,17.8684
8,14,83.6002,0
8,17,175.582,0
8,29,233.009,0
8,37,177.792,9.24319
8,45,264.473,0
8,49,224.698,0
8,58,244.387,0
8,61,95.0053,0
8,65,213.561,0.688849
8,72,38.4838,0
8,75,210.212,0
8,78,242.64,0
8,83,40,0
8,85,180.887,0
8,91,232.228,0
8,93,138.263,6.4209
8,94,243.469,17.4308
8,95,92.3147,0
9,3,113.795,4.53454
9,5,219.185,0
9,12,262.915,5.27734
9,19,70.5195,0
9,24,287.046,22.3064
9,33,155.206,0
9,41,368.939,31.5176
9,62,186.12,12.8242
9,67,144.239,9.91736
9,73,200.042,16.4315
9,82,131.548,0
9,84,50.2494,0
9,88,154.234,13.2011
9,98,277.151,19.2471
10,6,319.063,21.333
10,8,337.734,27.0436
10,11,228.678,19.1892
10,13,83.6301,0
10,29,90.934,0
10,72,307.097,16.9335
10,78,92.0978,0
10,93,224.6,5.13801
10,95,191.578,6.52783
10,99,110.114,0
11,1,149.237,4.40931
11,6,107.106,4.81205
11,8,122.386,4.18579
11,10,228.678,19.1892
11,13,104.194,6.15012
11,14,191.168,4.34576
11,29,121.926,0
11,37,247.116,14.7093
11,61,144.22,4.00796
11,72,147.874,4.51564
11,78,248.337,20.3956
11,83,153.181,4.22373
11,93,73.2704,6.20187
11,94,202.112,16.9961
11,95,86.3539,0
11,99,328.658,26.0146
12,3,310.546,26.616
12,9,262.915,5.27734
12,18,75.1332,0
12,24,315.297,26.2008
12,31,242.25,0
12,35,79.0759,0
12,41,267.771,12.0818
12,42,228.32,0
12,43,198.091,0
12,62,359.987,30.8325
12,66,198.882,0
12,67,217.468,16.96
12,70,196.86,0
12,73,242.748,20.2928
12,80,174.27,0
12,84,226.073,0
12,88,152.491,3.42719
12,98,336.211,27.1714
13,1,268.003,20.604
13,6,204.653,9.52911
13,8,240.03,17.8684
13,10,83.6301,0
13,11,104.194,6.15012
13,29,49.93,0
13,61,241.281,7.66918
13,72,267.311,21.3292
13,78,132.136,0
13,83,268.25,16.4735
13,93,141.139,5.01956
13,94,254.323,17.5978
13,95,190.204,15.5515
13,99,183.109,0
14,1,88.8369,0
14,2,214.311,0
14,6,121.221,0.522423
14,8,83.6002,0
14,11,191.168,4.34576
14,17,132.801,0
14,27,332.888,26.6087
14,37,120.785,9.05889
14,44,256.377,0
14,45,181.342,0
14,48,296.532,24.9572
14,49,195.208,0
14,50,270.386,20.943
14,52,333.808,25.2011
14,58,161.474,0
14,61,81.5414,0
14,65,131.685,0.626953
14,72,99.1262,0
14,75,129.035,0
14,77,257.562,0
14,83,43.6005,0
14,85,174.003,0
14,91,160.003,0
14,93,199.382,12.0957
14,94,236.189,11.5795
14,95,175.855,0
14,96,277.762,16.2154
14,97,262.195,0
15,0,211.102,0
15,4,148.809,0
15,5,153.708,0
15,7,211.436,0
15,20,250.416,0
15,23,158.152,0
15,26,94.4034,0
15,28,138.452,0
15,30,222.569,0
15,33,191.157,0
15,34,31.3847,0
15,36,258.38,0
15,47,89.202,0
15,63,48.8262,0
15,68,128.035,0
15,82,205.341,0
15,89,144.941,0
16,2,250.746,16.433
16,27,358.837,12.2958
16,44,214.539,14.8902
16,45,276.447,14.9609
16,48,380.528,14.8823
16,50,401.693,21.5193
16,51,232.481,11.7205
16,52,252.492,0
16,53,113.19,9.25132
16,54,113.719,0
16,57,229.02,18.582
16,58,301.631,17.2662
16,65,400.09,25.0226
16,71,297.32,22.4292
16,75,407.172,25.8408
16,76,29.7321,0
16,77,168.589,13.6826
16,81,208.442,16.681
16,90,247.57,19.3189
16,91,255.824,21.8653
16,96,337.2,0
16,97,205.645,14.0047
17,1,152.053,0
17,2,94.0479,0
17,6,249.648,0
17,8,175.582,0
17,14,132.801,0
17,37,244.963,14.1367
17,44,142.79,0
17,45,176.819,0
17,48,310.82,19.953
17,49,65.192,0
17,50,354.01,29.4444
17,51,265.754,0
17,52,325.433,23.1345
17,53,203.435,0
17,58,159.355,0
17,59,238.462,0
17,61,214.245,0
17,65,185.848,0.502262
17,72,157.08,0
17,75,187.579,0
17,76,300.941,17.0631
17,77,163.615,0
17,83,150.987,0
17,85,78.1089,0
17,91,95.6922,0
17,95,245.717,0
17,96,286.486,11.977
17,97,150.207,0
18,3,315.069,25.922
18,12,75.1332,0
18,24,250.424,13.568
18,31,180.693,0
18,35,8,0
18,41,242.24,12.8638
18,42,176.706,0
18,43,136.971,0
18,62,377.866,32.3906
18,66,159.289,0
18,67,250.329,19.7695
18,70,141.792,0
18,73,259.028,21.9588
18,80,119.419,0
18,84,295.36,14.2333
18,88,209.501,3.35334
18,98,298.918,21.8882
19,3,173.844,5.81513
19,5,155.129,0
19,9,70.5195,0
19,33,155.544,0
19,34,260.461,0
19,62,236.157,15.5829
19,67,233.567,17.671
19,73,256.929,16.8813
19,82,134.015,0
19,84,113.464,0
19,88,220.225,16.2935
20,4,117.388,0
20,7,51,0
20,15,250.416,0
20,21,200.025,0
20,23,241.76,0
20,25,157.785,0
20,30,237.008,0
20,33,226.921,0
20,34,221.894,0
20,36,61.6117,0
20,38,55.0364,0
20,40,243.041,0
20,47,161.236,0
20,56,140.528,0
20,60,315.919,25.6699
20,62,254.018,0
20,63,201.604,0
20,64,134.183,0
20,68,259.956,0
20,69,232.476,9.66453
20,71,245.349,0
20,79,177.49,8.87584
20,82,249.69,0
20,86,116.211,0
20,87,382.011,32.4531
20,89,228.324,0
20,92,141.651,0
20,98,260.792,6.90767
21,4,262.149,0
21,7,231.355,0
21,20,200.025,0
21,23,185.995,0
21,27,261.811,0
21,30,125.096,0
21,36,261.553,0
21,38,234.557,0
21,40,79.8812,0
21,47,249.538,0
21,54,267.19,0.996864
21,57,150.96,0
21,64,231.311,0
21,68,226.153,0
21,71,79.511,0
21,81,168.404,0
21,89,187.003,0
21,90,133.135,0
22,31,246.76,18.165
22,32,252.788,18.0751
22,39,142.716,9.46628
22,42,279.064,18.4962
22,43,285.719,18.9495
22,46,233.863,11.025
22,60,260.296,19.6564
22,69,284.343,16.7415
22,70,297.08,19.5509
22,74,80.9192,6.18099
22,80,314.588,19.5766
22,87,270.778,22.9088
23,4,209.122,0
23,7,232.622,0
23,15,158.152,0
23,20,241.76,0
23,21,185.995,0
23,26,190.168,0
23,28,247.032,0
23,30,70.1783,0
23,34,162.003,0
23,40,130.035,0
23,47,151.7,0
23,63,146.219,0
23,68,41.1947,0
23,71,264.008,0
23,89,17.088,0
24,3,175.383,15.0156
24,4,262.158,4.85771
24,7,274.241,13.4656
24,9,287.046,22.3064
24,12,315.297,26.2008
24,18,250.424,13.568
24,25,426.85,24.9441
24,31,197.793,15.8006
24,33,198.643,3.11326
24,35,258.074,13.926
24,36,245.969,15.7588
24,38,287.22,17.3492
24,41,62.2896,0
24,42,161.447,13.7517
24,43,197.173,16.5368
24,56,174.926,14.3623
24,60,248.094,19.8783
24,62,94.2033,2.88057
24,66,125.09,9.61452
24,67,186.481,15.6564
24,69,329.915,28.2985
24,70,175.944,15.0809
24,73,143.039,9.61306
24,79,227.034,16.2014
24,80,168.396,13.3061
24,82,197.886,3.28998
24,84,239.618,20.3208
24,86,192.023,14.6122
24,87,196.225,13.9923
24,88,345.443,26.2826
24,92,434.2,30.5552
24,98,45.6508,0
25,4,254.031,0
25,7,188.831,0
25,20,157.785,0
25,24,426.85,24.9441
25,32,270.532,10.1532
25,36,144.402,0
25,38,103.175,0
25,41,345.664,29.4759
25,55,268.956,21.324
25,56,210.353,17.2463
25,60,111.234,0
25,64,83.6481,0
25,69,60.0333,0
25,79,200.586,9.52827
25,86,167.836,8.15871
25,87,174.45,11.0611
25,92,26.2488,0
25,98,386.576,25.5262
26,0,134.952,0
26,4,243.212,0
26,5,155.081,0
26,15,94.4034,0
26,23,190.168,0
26,28,57.1402,0
26,30,260.325,0
26,34,125.67,0
26,47,181.739,0
26,63,141.534,0
26,68,149.482,0
26,89,184.174,0
27,14,332.888,26.6087
27,16,358.837,12.2958
27,21,261.811,0
27,37,269.916,22.811
27,45,125.041,3.72772
27,48,39.0512,0
27,50,54.7814,0
27,52,105.469,8.37052
27,53,336.05,23.0464
27,54,227.873,14.4863
27,55,280.581,14.5392
27,57,210.642,0
27,58,145.607,6.27808
27,64,208.806,0
27,65,202.871,15.3846
27,71,197.841,0
27,75,204.111,15.6493
27,76,355.226,12.4117
27,77,379.377,30.3807
27,81,122.004,0
27,90,218.009,0
27,91,215.063,3.84653
27,92,298.03,17.1627
27,96,35.5268,0.506621
28,0,77.9295,0
28,5,134.852,0
28,15,138.452,0
28,23,247.032,0
28,26,57.1402,0
28,34,167.601,0
28,47,227.622,0
28,63,187.278,0
28,68,206.155,0
28,89,241.299,0
29,1,274.654,8.84261
29,6,247.886,16.9789
29,8,233.009,0
29,10,90.934,0
29,11,121.926,0
29,13,49.93,0
29,61,256.41,3.14847
29,72,289.14,15.9239
29,78,166.087,0
29,83,272.936,3.41927
29,93,159.991,5.67649
29,94,273.036,22.4041
29,95,231.874,19.4086
29,99,200.808,0
30,4,239.033,0
30,7,242.854,0
30,15,222.569,0
30,20,237.008,0
30,21,125.096,0
30,23,70.1783,0
30,26,260.325,0
30,34,220.907,0
30,40,60.0333,0
30,47,195.29,0
30,57,251.348,0
30,63,201.457,0
30,68,111.005,0
30,71,199.462,0
30,89,78.848,0
30,90,232.349,0
31,3,368.304,31.5716
31,12,242.25,0
31,18,180.693,0
31,22,246.76,18.165
31,24,197.793,15.8006
31,35,182.85,0
31,41,125.331,0.522139
31,42,42.4853,0
31,43,44.2832,0
31,56,282.104,18.3752
31,60,220.846,15.8637
31,62,297.446,21.902
31,66,84.22,0
31,67,329.576,28.1629
31,69,274.557,15.3632
31,70,49.6488,0
31,73,267.354,21.7874
31,74,169.614,0
31,79,275.479,21.3512
31,80,69.7209,0
31,86,288.713,10.147
31,87,138.658,0
31,98,212.194,16.2247
32,6,438.011,14.8954
32,22,252.788,18.0751
32,25,270.532,10.1532
32,37,308.238,25.401
32,39,116.232,3.11965
32,46,79.103,1.64147
32,55,139.723,8.98893
32,60,235.12,3.58615
32,61,369.954,30.5854
32,69,233.982,10.2139
32,74,332.067,26.7171
32,87,303.549,19.1991
32,92,313.146,20.6948
32,93,403,29.0625
32,94,250.137,17.0557
33,3,147.935,6.93209
33,4,129.541,0
33,5,186.271,0
33,7,177.054,0
33,9,155.206,0
33,15,191.157,0
33,19,155.544,0
33,20,226.921,0
33,24,198.643,3.11326
33,34,167.147,0
33,36,187.171,0
33,38,246.13,0
33,41,261.036,16.2238
33,47,164.195,0
33,56,186.067,0
33,62,126.724,7.26083
33,63,173.104,0
33,67,239.636,20.0809
33,73,279.134,21.772
33,79,252.379,13.0121
33,82,23.7065,0
33,84,139.054,0
33,86,168.244,0
33,88,276.893,15.5349
33,98,181.81,1.65166
34,0,237.901,0
34,4,117.614,0
34,5,162.779,0
34,7,181.29,0
34,15,31.3847,0
34,19,260.461,0
34,20,221.894,0
34,23,162.003,0
34,26,125.67,0
34,28,167.601,0
34,30,220.907,0
34,33,167.147,0
34,36,227.466,0
34,47,61.2699,0
34,63,24.0208,0
34,68,138.398,0
34,82,183.412,0
34,86,249.816,0
34,89,146.864,0
35,3,323.066,26.3131
35,12,79.0759,0
35,18,8,0
35,24,258.074,13.926
35,31,182.85,0
35,41,249.153,13.1806
35,42,180.602,0
35,43,139.517,0
35,66,164.77,0
35,67,258.313,20.0736
35,70,145.413,0
35,73,266.874,22.4458
35,80,123.309,0
35,88,216.376,3.32193
35,98,302.88,21.2814
36,3,296.411,17.0694
36,4,110.309,0
36,7,52.2015,0
36,15,258.38,0
36,20,61.6117,0
36,21,261.553,0
36,24,245.969,15.7588
36,25,144.402,0
36,33,187.171,0
36,34,227.466,0
36,38,59,0
36,41,263.314,18.3579
36,47,172.514,0
36,56,81.0432,0
36,60,285.662,24.5012
36,62,196.37,0
36,63,211.603,0
36,64,155.464,0
36,69,244.865,20.2172
36,73,303.176,16.6333
36,79,122.141,7.4509
36,82,208.022,0
36,86,54.7083,0
36,87,324.132,26.7843
36,92,138.192,0
36,98,199.153,6.7482
37,1,196.955,9.40694
37,6,168.704,14.4626
37,8,177.792,9.24319
37,11,247.116,14.7093
37,14,120.785,9.05889
37,17,244.963,14.1367
37,27,269.916,22.811
37,32,308.238,25.401
37,45,239.205,20.5205
37,46,403.979,32.4314
37,48,254.717,19.4229
37,50,201.903,17.2476
37,52,391.963,24.2095
37,55,189.53,6.14829
37,58,194.786,14.6965
37,61,101.98,8.49837
37,65,128.378,11.0105
37,72,206.874,9.50572
37,75,122.666,10.5223
37,83,145.741,8.85923
37,85,296.226,13.2471
37,91,237.985,16.3376
37,93,265.212,21.902
37,94,232.909,19.9797
37,95,263.502,10.1395
37,96,301.258,23.5668
38,4,157.648,0
38,7,89.3085,0
38,20,55.0364,0
38,21,234.557,0
38,24,287.22,17.3492
38,25,103.175,0
38,33,246.13,0
38,36,59,0
38,41,313.595,24.059
38,47,210.836,0
38,56,112.45,0
38,60,262.824,22.4726
38,62,248.966,0
38,63,251.247,0
38,64,96.7471,0
38,69,175.251,8.43172
38,71,265.836,0
38,79,155.494,12.8928
38,82,267.017,0
38,86,98.8838,0
38,87,333.64,25.9332
38,92,89.1403,0
38,98,242.643,8.6837
39,22,142.716,9.46628
39,32,116.232,3.11965
39,46,90.2497,0
39,55,242.308,18.8235
39,60,241.868,0
39,69,251.938,0
39,74,217.307,17.206
39,87,294.307,16.8232
39,94,317.701,27.118
40,7,260.757,0
40,20,243.041,0
40,21,79.8812,0
40,23,130.035,0
40,30,60.0333,0
40,47,239.019,0
40,57,191.51,0
40,63,251.796,0
40,68,171.003,0
40,71,144.917,0
40,81,235.357,0
40,89,137.321,0
40,90,172.54,0
41,3,253.187,16.6973
41,7,306.615,19.9915
41,9,368.939,31.5176
41,12,267.771,12.0818
41,18,242.24,12.8638
41,24,62.2896,0
41,25,345.664,29.4759
41,31,125.331,0.522139
41,33,261.036,16.2238
41,35,249.153,13.1806
41,36,263.314,18.3579
41,38,313.595,24.059
41,42,83.4929,0.508946
41,43,124.102,0.496345
41,56,193.343,16.5806
41,60,187.081,7.65331
41,62,155.735,12.695
41,66,88.2326,7.35272
41,67,250.816,16.3132
41,69,256.447,16.608
41,70,103.316,0.496618
41,73,198.198,8.66654
41,79,196.894,16.7759
41,80,139.074,10.2441
41,82,259.671,15.8228
41,84,320.342,25.1968
41,86,209.344,16.7595
41,87,136.082,0.500246
41,88,414.526,22.9535
41,92,371.594,31.7523
41,98,88.295,0
42,3,328.449,27.121
42,12,228.32,0
42,18,176.706,0
42,22,279.064,18.4962
42,24,161.447,13.7517
42,31,42.4853,0
42,35,180.602,0
42,41,83.4929,0.508946
42,43,49.7393,0
42,56,259.315,20.2901
42,60,199.995,11.5859
42,62,255.122,20.4391
42,66,44.9444,0
42,67,284.693,24.4172
42,69,243.563,6.77762
42,70,35.609,0
42,73,232.256,19.9225
42,74,208.279,0
42,79,245.912,19.9909
42,80,57.3062,0
42,84,404.07,33.3749
42,86,248.373,7.60055
42,87,130.25,0
42,98,171.896,14.5443
43,3,338.508,28.9773
43,12,198.091,0
43,18,136.971,0
43,22,285.719,18.9495
43,24,197.173,16.5368
43,31,44.2832,0
43,35,139.517,0
43,41,124.102,0.496345
43,42,49.7393,0
43,56,281.208,13.0175
43,60,250.267,14.1452
43,62,233.693,3.05692
43,66,68.2495,0
43,67,304.167,25.9469
43,70,21.2132,0
43,73,238.04,19.6944
43,74,204.416,0
43,79,301.586,23.3151
43,80,29.1548,0
43,87,174.806,0
43,98,239.108,20.4581
44,2,49.4773,0
44,14,256.377,0
44,16,214.539,14.8902
44,17,142.79,0
44,45,178.37,0
44,49,127.863,0
44,51,127.883,0
44,52,363.11,28.7878
44,53,106.513,0
44,54,325.765,27.9047
44,58,175,0
44,59,132.412,0
44,65,246.073,4.09112
44,75,242.547,0
44,76,192.659,12.2243
44,77,48.8365,0
44,85,189.235,0
44,91,108.812,0
44,96,328.31,26.5923
44,97,8.06226,0
45,1,262.376,0
45,2,171.231,0
45,8,264.473,0
45,14,181.342,0
45,16,276.447,14.9609
45,17,176.819,0
45,27,125.041,3.72772
45,37,239.205,20.5205
45,44,178.37,0
45,48,97.7394,0
45,49,224.644,0
45,50,135.053,9.41571
45,52,125.246,10.6484
45,53,189.179,15.3867
45,54,336.629,17.2982
45,57,329.756,23.8622
45,58,20.5183,0
45,61,230.243,0
45,65,131.061,8.96798
45,75,138.504,9.75466
45,76,258.024,14.1229
45,77,162.829,7.80327
45,81,241.281,17.2524
45,83,224.664,0
45,85,254.908,0
45,91,90.0222,0
45,96,109.378,8.81019
45,97,178.631,0
46,6,406.016,19.392
46,22,233.863,11.025
46,32,79.103,1.64147
46,37,403.979,32.4314
46,39,90.2497,0
46,55,211.73,18.1633
46,61,366.891,31.1162
46,74,308.849,20.0385
46,93,355.197,26.3782
46,94,233.637,10.0682
47,4,68.1542,0
47,5,216.021,0
47,7,123.434,0
47,15,89.202,0
47,20,161.236,0
47,21,249.538,0
47,23,151.7,0
47,26,181.739,0
47,28,227.622,0
47,30,195.29,0
47,33,164.195,0
47,34,61.2699,0
47,36,172.514,0
47,38,210.836,0
47,40,239.019,0
47,56,233.694,0
47,62,254.975,0
47,63,40.4599,0
47,68,143.694,0
47,79,284.654,8.06937
47,82,185.413,0
47,86,202.41,0
47,89,134.659,0
48,14,296.532,24.9572
48,16,380.528,14.8823
48,17,310.82,19.953
48,27,39.0512,0
48,37,254.717,19.4229
48,45,97.7394,0
48,50,21.587,0
48,52,131.319,10.6342
48,53,301.315,25.4153
48,54,291.006,24.4583
48,55,235.136,5.04604
48,57,247.194,0
48,58,107.517,0
48,61,355.991,29.5058
48,64,255.493,13.1958
48,65,166.246,5.86124
48,71,236.888,0
48,75,167.581,6.04803
48,76,371.849,14.8416
48,77,287.242,19.5361
48,81,159.656,0
48,83,341.253,27.6959
48,90,255.486,0
48,91,185.335,0
48,92,313.645,18.9583
48,96,42.8318,0.968814
49,1,196.087,0
49,2,82.7345,0
49,8,224.698,0
49,14,195.208,0
49,17,65.192,0
49,44,127.863,0
49,45,224.644,0
49,51,232.648,0
49,53,217.2,0
49,58,210.01,0
49,59,188.664,0
49,65,246.725,0.513993
49,72,198.404,0
49,75,248.91,0
49,77,165.469,0
49,83,207.019,0
49,85,62.9365,0
49,91,135.34,0
49,97,135.912,0
50,6,348.099,28.72
50,14,270.386,20.943
50,16,401.693,21.5193
50,17,354.01,29.4444
50,27,54.7814,0
50,37,201.903,17.2476
50,45,135.053,9.41571
50,48,21.587,0
50,52,152.971,13.1118
50,53,303.747,25.7909
50,54,309.57,25.0635
50,55,209.461,3.08956
50,57,265.317,0
50,58,148.39,11.3536
50,61,306.457,26.1432
50,64,257.207,16.3731
50,65,150.94,8.16469
50,71,250.204,0
50,75,147.64,8.74642
50,76,392.002,21.501
50,77,310.551,21.9293
50,81,176.782,0
50,83,306.12,20.8472
50,91,244.267,18.3655
50,92,303.5,19.1255
50,96,64.4148,0.988934
51,2,172.54,0
51,16,232.481,11.7205
51,17,265.754,0
51,44,127.883,0
51,49,232.648,0
51,53,171.234,0
51,54,332.692,27.4219
51,59,84.9058,0
51,76,223.383,11.0738
51,77,141.014,0
51,91,233.071,0
51,97,122.381,0
52,2,363.251,30.2709
52,14,333.808,25.2011
52,16,252.492,0
52,17,325.433,23.1345
52,27,105.469,8.37052
52,37,391.963,24.2095
52,44,363.11,28.7878
52,45,125.246,10.6484
52,48,131.319,10.6342
52,50,152.971,13.1118
52,53,237.39,15.006
52,54,165.088,12.6371
52,57,188.644,4.08321
52,58,145.088,11.7187
52,65,221.9,17.709
52,71,207.866,5.90766
52,75,225.708,18.2502
52,76,248.942,0
52,77,324.737,18.7519
52,81,115.993,4.87472
52,90,201.541,4.33569
52,91,233.555,19.6723
52,96,89.4427,0
52,97,371.463,27.4181
53,2,136.004,0
53,16,113.19,9.25132
53,17,203.435,0
53,27,336.05,23.0464
53,44,106.513,0
53,45,189.179,15.3867
53,48,301.315,25.4153
53,49,217.2,0
53,50,303.747,25.7909
53,51,171.234,0
53,52,237.39,15.006
53,54,225.164,12.8366
53,57,339.021,28.961
53,58,198.41,16.6167
53,59,218.05,0
53,65,314.284,24.8145
53,75,322.883,25.4641
53,76,82.92,7.10338
53,77,57.7235,0
53,81,283.028,23.5
53,90,356.534,30.0989
53,91,117.987,0
53,96,306.012,14.1207
53,97,101.272,0
54,2,361.156,30.544
54,16,113.719,0
54,21,267.19,0.996864
54,27,227.873,14.4863
54,44,325.765,27.9047
54,45,336.629,17.2982
54,48,291.006,24.4583
54,50,309.57,25.0635
54,51,332.692,27.4219
54,52,165.088,12.6371
54,53,225.164,12.8366
54,57,122.228,0.993175
54,58,354.406,22.4931
54,65,456.333,25.7222
54,71,190.132,1.00576
54,75,456.491,27.8736
54,76,142.239,0
54,77,286.31,23.1148
54,81,125.496,0.603233
54,90,141.186,0.993855
54,91,374.171,28.1538
54,96,251.166,21.5218
54,97,315.365,26.9797
55,6,245.881,11.9114
55,25,268.956,21.324
55,27,280.581,14.5392
55,32,139.723,8.98893
55,37,189.53,6.14829
55,39,242.308,18.8235
55,46,211.73,18.1633
55,48,235.136,5.04604
55,50,209.461,3.08956
55,60,241.114,6.13227
55,61,210.858,0
55,64,281.589,21.2338
55,65,286.665,22.2262
55,69,232.143,16.0307
55,75,272.568,19.8201
55,87,302.811,16.0029
55,92,275.691,21.7379
55,93,408.824,28.583
55,94,250.613,20.2848
55,96,284.986,9.23706
56,3,231.281,10.0047
56,4,165.747,0
56,7,128.191,0
56,20,140.528,0
56,24,174.926,14.3623
56,25,210.353,17.2463
56,31,282.104,18.3752
56,33,186.067,0
56,36,81.0432,0
56,38,112.45,0
56,41,193.343,16.5806
56,42,259.315,20.2901
56,43,281.208,13.0175
56,47,233.694,0
56,60,247.236,15.8416
56,62,148.637,0
56,64,188.905,0
56,66,213.204,8.22856
56,67,289.012,20.6784
56,69,248.204,17.6748
56,70,259.622,11.8235
56,73,242.882,16.1398
56,79,62.4722,4.16481
56,80,270.119,10.4912
56,82,200.552,0
56,84,298.915,17.9294
56,86,31.5753,0
56,87,200.76,17.1156
56,92,186.25,14.3876
56,98,129.836,7.72833
57,16,229.02,18.582
57,21,150.96,0
57,27,210.642,0
57,30,251.348,0
57,40,191.51,0
57,45,329.756,23.8622
57,48,247.194,0
57,50,265.317,0
57,52,188.644,4.08321
57,53,339.021,28.961
57,54,122.228,0.993175
57,71,83.4086,0
57,76,257.189,21.8123
57,81,89.627,0
57,90,19.0263,0
57,96,258.537,17.6964
58,1,241.913,0
58,2,162.336,0
58,6,279.856,9.31687
58,8,244.387,0
58,14,161.474,0
58,16,301.631,17.2662
58,17,159.355,0
58,27,145.607,6.27808
58,37,194.786,14.6965
58,44,175,0
58,45,20.5183,0
58,48,107.517,0
58,49,210.01,0
58,50,148.39,11.3536
58,52,145.088,11.7187
58,53,198.41,16.6167
58,54,354.406,22.4931
58,61,213.122,0
58,65,106.149,8.56347
58,72,251.468,0
58,75,111.485,9.29045
58,76,281.76,16.3324
58,77,146.492,0
58,81,263.209,18.2666
58,83,204.658,0
58,85,237.245,0
58,91,77.8781,0
58,96,127.086,9.78873
58,97,176.182,0
59,2,157.801,0
59,17,238.462,0
59,44,132.412,0
59,49,188.664,0
59,51,84.9058,0
59,53,218.05,0
59,76,292.869,14.4405
59,77,169.664,0
59,85,245.66,0
59,91,238.321,0
59,97,131.765,0
60,7,337.199,27.8469
60,20,315.919,25.6699
60,22,260.296,19.6564
60,24,248.094,19.8783
60,25,111.234,0
60,31,220.846,15.8637
60,32,235.12,3.58615
60,36,285.662,24.5012
60,38,262.824,22.4726
60,39,241.868,0
60,41,187.081,7.65331
60,42,199.995,11.5859
60,43,250.267,14.1452
60,55,241.114,6.13227
60,56,247.236,15.8416
60,62,322.683,24.0602
60,64,194.654,0
60,66,217.624,8.97818
60,69,58.7282,0
60,70,236.854,12.5362
60,74,265.096,17.051
60,79,184.185,11.8648
60,80,257.281,12.129
60,86,263.487,21.8503
60,87,71.4887,4.47618
60,92,137.419,0
60,98,254.488,21.7439
61,1,122.984,0
61,6,66.7598,5.71724
61,8,95.0053,0
61,11,144.22,4.00796
61,13,241.281,7.66918
61,14,81.5414,0
61,17,214.245,0
61,29,256.41,3.14847
61,32,369.954,30.5854
61,37,101.98,8.49837
61,45,230.243,0
61,46,366.891,31.1162
61,48,355.991,29.5058
61,50,306.457,26.1432
61,55,210.858,0
61,58,213.122,0
61,65,198.699,14.9024
61,72,131.107,0
61,75,194.118,14.606
61,83,78.2943,0
61,85,248.6,0
61,91,232.594,0
61,93,141.135,11.9338
61,94,154.736,10.5377
61,95,169.163,0
61,96,384.504,32.8479
62,3,77.4817,6.06567
62,4,199.912,0
62,7,214.979,0
62,9,186.12,12.8242
62,12,359.987,30.8325
62,18,377.866,32.3906
62,19,236.157,15.5829
62,20,254.018,0
62,24,94.2033,2.88057
62,31,297.446,21.902
62,33,126.724,7.26083
62,36,196.37,0
62,38,248.966,0
62,41,155.735,12.695
62,42,255.122,20.4391
62,43,233.693,3.05692
62,47,254.975,0
62,56,148.637,0
62,60,322.683,24.0602
62,66,169.351,4.50539
62,67,145.632,11.9518
62,70,209.658,1.55615
62,73,127.089,8.72462
62,79,218.058,16.4411
62,80,233.109,11.5805
62,82,133.647,10.5002
62,84,134.023,9.87206
62,86,150.632,0
62,87,257.577,10.2507
62,88,249.02,21.0004
62,98,84.9153,1.83799
63,0,259.422,0
63,4,103.769,0
63,5,186.424,0
63,7,163.466,0
63,15,48.8262,0
63,20,201.604,0
63,23,146.219,0
63,26,141.534,0
63,28,187.278,0
63,30,201.457,0
63,33,173.104,0
63,34,24.0208,0
63,36,211.603,0
63,38,251.247,0
63,40,251.796,0
63,47,40.4599,0
63,68,127.534,0
63,82,191.45,0
63,86,238.103,0
63,89,130.231,0
64,4,249.778,0
64,7,180.953,0
64,20,134.183,0
64,21,231.311,0
64,25,83.6481,0
64,27,208.806,0
64,36,155.464,0
64,38,96.7471,0
64,48,255.493,13.1958
64,50,257.207,16.3731
64,55,281.589,21.2338
64,56,188.905,0
64,60,194.654,0
64,69,140.132,0
64,71,231.89,0
64,79,240.487,20.4316
64,81,238.17,0
64,86,186.317,0
64,87,267.967,15.5759
64,92,57.9828,0
64,96,245.363,1.0529
65,1,220.122,0.608035
65,2,217.535,0.597587
65,6,267.878,21.8538
65,8,213.561,0.688849
65,14,131.685,0.626953
65,16,400.09,25.0226
65,17,185.848,0.502262
65,27,202.871,15.3846
65,37,128.378,11.0105
65,44,246.073,4.09112
65,45,131.061,8.96798
65,48,166.246,5.86124
65,49,246.725,0.513993
65,50,150.94,8.16469
65,52,221.9,17.709
65,53,314.284,24.8145
65,54,456.333,25.7222
65,55,286.665,22.2262
65,58,106.149,8.56347
65,61,198.699,14.9024
65,72,230.359,0.606173
65,75,6.4622,0.430813
65,76,383.959,24.0268
65,77,239.215,11.1806
65,81,330.48,28.1905
65,83,174.157,0.664644
65,85,258.002,0.498058
65,91,132.471,0.624751
65,93,361.554,30.8396
65,94,341.518,28.6438
65,96,154.159,13.2136
65,97,249.429,4.60484
66,3,284.337,20.1046
66,12,198.882,0
66,18,159.289,0
66,24,125.09,9.61452
66,31,84.22,0
66,35,164.77,0
66,41,88.2326,7.35272
66,42,44.9444,0
66,43,68.2495,0
66,56,213.204,8.22856
66,60,217.624,8.97818
66,62,169.351,4.50539
66,67,239.066,19.298
66,69,297.861,19.1743
66,70,47.0744,0
66,73,185.244,14.9496
66,74,252.745,0
66,79,236.087,17.8183
66,80,53.3667,0
66,82,302.801,16.4524
66,84,340.465,27.7744
66,86,268.251,18.7141
66,87,156.924,0
66,88,316.097,26.9187
66,98,169.551,10.2859
67,3,92.9731,0
67,9,144.239,9.91736
67,12,217.468,16.96
67,18,250.329,19.7695
67,19,233.567,17.671
67,24,186.481,15.6564
67,31,329.576,28.1629
67,33,239.636,20.0809
67,35,258.313,20.0736
67,41,250.816,16.3132
67,42,284.693,24.4172
67,43,304.167,25.9469
67,56,289.012,20.6784
67,62,145.632,11.9518
67,66,239.066,19.298
67,70,289.925,24.0392
67,73,50.799,4.01182
67,79,350.275,29.9052
67,80,270.122,22.7081
67,82,207.589,16.2717
67,84,121.955,8.04071
67,86,299.705,21.75
67,88,118.709,9.07673
67,98,194.634,16.6867
68,4,208.06,0
68,7,243.023,0
68,15,128.035,0
68,20,259.956,0
68,21,226.153,0
68,23,41.1947,0
68,26,149.482,0
68,28,206.155,0
68,30,111.005,0
68,34,138.398,0
68,40,171.003,0
68,47,143.694,0
68,63,127.534,0
68,89,40.3113,0
69,7,283.726,19.408
69,20,232.476,9.66453
69,22,284.343,16.7415
69,24,329.915,28.2985
69,25,60.0333,0
69,31,274.557,15.3632
69,32,233.982,10.2139
69,36,244.865,20.2172
69,38,175.251,8.43172
69,39,251.938,0
69,41,256.447,16.608
69,42,243.563,6.77762
69,55,232.143,16.0307
69,56,248.204,17.6748
69,60,58.7282,0
69,64,140.132,0
69,66,297.861,19.1743
69,70,279.187,6.88223
69,79,199.33,12.1128
69,86,258.437,21.6337
69,87,122.375,8.68291
69,92,85.5862,0
69,98,315.081,26.9956
70,3,319.683,26.9908
70,12,196.86,0
70,18,141.792,0
70,22,297.08,19.5509
70,24,175.944,15.0809
70,31,49.6488,0
70,35,145.413,0
70,41,103.316,0.496618
70,42,35.609,0
70,43,21.2132,0
70,56,259.622,11.8235
70,60,236.854,12.5362
70,62,209.658,1.55615
70,66,47.0744,0
70,67,289.925,24.0392
70,69,279.187,6.88223
70,73,220.621,18.7695
70,74,217.513,0
70,79,289.777,23.7169
70,80,22.8035,0
70,84,371.822,31.8973
70,86,260.34,0
70,87,165.496,0
70,88,262.283,2.72958
70,98,218.021,18.1259
71,16,297.32,22.4292
71,20,245.349,0
71,21,79.511,0
71,23,264.008,0
71,27,197.841,0
71,30,199.462,0
71,38,265.836,0
71,40,144.917,0
71,48,236.888,0
71,50,250.204,0
71,52,207.866,5.90766
71,54,190.132,1.00576
71,57,83.4086,0
71,64,231.89,0
71,76,313.003,23.982
71,81,90.8735,0
71,89,265.962,0
71,90,70.0928,0
71,96,218.077,1.94581
72,1,10.2956,0
72,2,251.127,0
72,6,139.319,0.557203
72,8,38.4838,0
72,10,307.097,16.9335
72,11,147.874,4.51564
72,13,267.311,21.3292
72,14,99.1262,0
72,17,157.08,0
72,29,289.14,15.9239
72,37,206.874,9.50572
72,49,198.404,0
72,58,251.468,0
72,61,131.107,0
72,65,230.359,0.606173
72,75,227.982,0
72,78,235.128,0
72,83,61.131,0
72,85,148.946,0
72,91,227.106,0
72,93,171.338,6.12571
72,94,278.65,17.3186
72,95,90.2497,0
73,3,93.9415,6.26276
73,9,200.042,16.4315
73,12,242.748,20.2928
73,18,259.028,21.9588
73,19,256.929,16.8813
73,24,143.039,9.61306
73,31,267.354,21.7874
73,33,279.134,21.772
73,35,266.874,22.4458
73,36,303.176,16.6333
73,41,198.198,8.66654
73,42,232.256,19.9225
73,43,238.04,19.6944
73,56,242.882,16.1398
73,62,127.089,8.72462
73,66,185.244,14.9496
73,67,50.799,4.01182
73,70,220.621,18.7695
73,79,304.878,26.1293
73,80,214.923,18.4185
73,82,260.118,20.3948
73,84,146.899,12.585
73,86,253.556,16.3209
73,87,337.004,28.7463
73,88,185.909,15.9482
73,98,148.492,12.3307
74,22,80.9192,6.18099
74,31,169.614,0
74,32,332.067,26.7171
74,39,217.307,17.206
74,42,208.279,0
74,43,204.416,0
74,46,308.849,20.0385
74,60,265.096,17.051
74,66,252.745,0
74,70,217.513,0
74,80,233.529,0
74,87,209.428,2.00254
75,1,217.72,0
75,2,220.792,0
75,6,267.366,22.2805
75,8,210.212,0
75,14,129.035,0
75,16,407.172,25.8408
75,17,187.579,0
75,27,204.111,15.6493
75,37,122.666,10.5223
75,44,242.547,0
75,45,138.504,9.75466
75,48,167.581,6.04803
75,49,248.91,0
75,50,147.64,8.74642
75,52,225.708,18.2502
75,53,322.883,25.4641
75,54,456.491,27.8736
75,55,272.568,19.8201
75,58,111.485,9.29045
75,61,194.118,14.606
75,65,6.4622,0.430813
75,72,227.982,0
75,76,389.176,25.2234
75,77,239.573,9.2772
75,81,331.856,28.2083
75,83,171.058,0
75,85,259.069,0
75,91,135.871,0
75,93,360.04,30.8308
75,94,332.385,27.6988
75,96,165.441,14.0374
75,97,246.219,0.676386
76,2,219.088,10.4549
76,16,29.7321,0
76,17,300.941,17.0631
76,27,355.226,12.4117
76,44,192.659,12.2243
76,45,258.024,14.1229
76,48,371.849,14.8416
76,50,392.002,21.501
76,51,223.383,11.0738
76,52,248.942,0
76,53,82.92,7.10338
76,54,142.239,0
76,57,257.189,21.8123
76,58,281.76,16.3324
76,59,292.869,14.4405
76,65,383.959,24.0268
76,71,313.003,23.982
76,75,389.176,25.2234
76,77,142.601,10.4963
76,81,225.759,18.8132
76,90,275.461,22.8665
76,91,224.18,18.3937
76,96,330.315,0
76,97,186.157,12.0064
77,2,82.7587,0
77,14,257.562,0
77,16,168.589,13.6826
77,17,163.615,0
77,27,379.377,30.3807
77,44,48.8365,0
77,45,162.829,7.80327
77,48,287.242,19.5361
77,49,165.469,0
77,50,310.551,21.9293
77,51,141.014,0
77,52,324.737,18.7519
77,53,57.7235,0
77,54,286.31,23.1148
77,58,146.492,0
77,59,169.664,0
77,65,239.215,11.1806
77,75,239.573,9.2772
77,76,142.601,10.4963
77,85,223.036,0
77,91,98.3107,0
77,96,324.43,26.2445
77,97,44.0454,0
78,1,244.125,0
78,8,242.64,0
78,10,92.0978,0
78,11,248.337,20.3956
78,13,132.136,0
78,29,166.087,0
78,72,235.128,0
78,93,326.878,27.5803
78,95,150.333,0
78,99,77.6981,0
79,3,295.537,22.9879
79,4,217.618,8.01966
79,7,172.436,7.62519
79,20,177.49,8.87584
79,24,227.034,16.2014
79,25,200.586,9.52827
79,31,275.479,21.3512
79,33,252.379,13.0121
79,36,122.141,7.4509
79,38,155.494,12.8928
79,41,196.894,16.7759
79,42,245.912,19.9909
79,43,301.586,23.3151
79,47,284.654,8.06937
79,56,62.4722,4.16481
79,60,184.185,11.8648
79,62,218.058,16.4411
79,64,240.487,20.4316
79,66,236.087,17.8183
79,67,350.275,29.9052
79,69,199.33,12.1128
79,70,289.777,23.7169
79,73,304.878,26.1293
79,80,286.574,19.4907
79,82,267.828,13.8627
79,86,85.507,6.89246
79,87,164.297,13.9367
79,92,203.087,15.1183
79,98,185.697,14.9685
80,3,314.846,26.2372
80,12,174.27,0
80,18,119.419,0
80,22,314.588,19.5766
80,24,168.396,13.3061
80,31,69.7209,0
80,35,123.309,0
80,41,139.074,10.2441
80,42,57.3062,0
80,43,29.1548,0
80,56,270.119,10.4912
80,60,257.281,12.129
80,62,233.109,11.5805
80,66,53.3667,0
80,67,270.122,22.7081
80,70,22.8035,0
80,73,214.923,18.4185
80,74,233.529,0
80,79,286.574,19.4907
80,84,376.975,31.6982
80,87,187.555,0
80,88,245.906,2.81684
80,98,218.895,18.7384
81,16,208.442,16.681
81,21,168.404,0
81,27,122.004,0
81,40,235.357,0
81,45,241.281,17.2524
81,48,159.656,0
81,50,176.782,0
81,52,115.993,4.87472
81,53,283.028,23.5
81,54,125.496,0.603233
81,57,89.627,0
81,58,263.209,18.2666
81,64,238.17,0
81,65,330.48,28.1905
81,71,90.8735,0
81,75,331.856,28.2083
81,76,225.759,18.8132
81,90,96.0052,0
81,96,167.616,13.398
82,3,116.559,0
82,4,153.17,0
82,5,181.959,0
82,7,200.145,0
82,9,131.548,0
82,15,205.341,0
82,19,134.015,0
82,20,249.69,0
82,24,197.886,3.28998
82,33,23.7065,0
82,34,183.412,0
82,36,208.022,0
82,38,267.017,0
82,41,259.671,15.8228
82,47,185.413,0
82,56,200.552,0
82,62,133.647,10.5002
82,63,191.45,0
82,66,302.801,16.4524
82,67,207.589,16.2717
82,73,260.118,20.3948
82,79,267.828,13.8627
82,84,117.414,0
82,86,185.3,0
82,88,256.809,15.6723
82,98,183.388,1.78481
83,1,51.1957,0
83,2,240.47,0
83,6,101.671,0
83,8,40,0
83,11,153.181,4.22373
83,13,268.25,16.4735
83,14,43.6005,0
83,17,150.987,0
83,29,272.936,3.41927
83,37,145.741,8.85923
83,45,224.664,0
83,48,341.253,27.6959
83,49,207.019,0
83,50,306.12,20.8472
83,58,204.658,0
83,61,78.2943,0
83,65,174.157,0.664644
83,72,61.131,0
83,75,171.058,0
83,85,172.743,0
83,91,196.596,0
83,93,160.707,8.23733
83,94,274.731,23.4347
83,95,132.28,0
84,3,58.1598,1.98174
84,4,265.663,0
84,5,247.348,0
84,9,50.2494,0
84,12,226.073,0
84,18,295.36,14.2333
84,19,113.464,0
84,24,239.618,20.3208
84,33,139.054,0
84,41,320.342,25.1968
84,42,404.07,33.3749
84,56,298.915,17.9294
84,62,134.023,9.87206
84,66,340.465,27.7744
84,67,121.955,8.04071
84,70,371.822,31.8973
84,73,146.899,12.585
84,80,376.975,31.6982
84,82,117.414,0
84,86,303.166,19.7757
84,88,140.185,11.9699
84,98,224.043,16.8488
85,1,149.04,0
85,2,141.739,0
85,8,180.887,0
85,14,174.003,0
85,17,78.1089,0
85,37,296.226,13.2471
85,44,189.235,0
85,45,254.908,0
85,49,62.9365,0
85,58,237.245,0
85,59,245.66,0
85,61,248.6,0
85,65,258.002,0.498058
85,72,148.946,0
85,75,259.069,0
85,77,223.036,0
85,83,172.743,0
85,91,172.192,0
85,95,223.575,0
85,97,197.294,0
86,3,228.274,7.811
86,4,134.629,0
86,7,97.8673,0
86,20,116.211,0
86,24,192.023,14.6122
86,25,167.836,8.15871
86,31,288.713,10.147
86,33,168.244,0
86,34,249.816,0
86,36,54.7083,0
86,38,98.8838,0
86,41,209.344,16.7595
86,42,248.373,7.60055
86,47,202.41,0
86,56,31.5753,0
86,60,263.487,21.8503
86,62,150.632,0
86,63,238.103,0
86,64,186.317,0
86,66,268.251,18.7141
86,67,299.705,21.75
86,69,258.437,21.6337
86,70,260.34,0
86,73,253.556,16.3209
86,79,85.507,6.89246
86,82,185.3,0
86,84,303.166,19.7757
86,87,242.537,20.6485
86,92,152.643,0
86,98,145,6.63462
87,7,371.429,31.8125
87,20,382.011,32.4531
87,22,270.778,22.9088
87,24,196.225,13.9923
87,25,174.45,11.0611
87,31,138.658,0
87,32,303.549,19.1991
87,36,324.132,26.7843
87,38,333.64,25.9332
87,39,294.307,16.8232
87,41,136.082,0.500246
87,42,130.25,0
87,43,174.806,0
87,55,302.811,16.0029
87,56,200.76,17.1156
87,60,71.4887,4.47618
87,62,257.577,10.2507
87,64,267.967,15.5759
87,66,156.924,0
87,69,122.375,8.68291
87,70,165.496,0
87,73,337.004,28.7463
87,74,209.428,2.00254
87,79,164.297,13.9367
87,80,187.555,0
87,86,242.537,20.6485
87,92,213.249,15.4654
87,98,191.75,13.7786
88,3,175.95,15.0935
88,9,154.234,13.2011
88,12,152.491,3.42719
88,18,209.501,3.35334
88,19,220.225,16.2935
88,24,345.443,26.2826
88,33,276.893,15.5349
88,35,216.376,3.32193
88,41,414.526,22.9535
88,62,249.02,21.0004
88,66,316.097,26.9187
88,67,118.709,9.07673
88,70,262.283,2.72958
88,73,185.909,15.9482
88,80,245.906,2.81684
88,82,256.809,15.6723
88,84,140.185,11.9699
88,98,316.889,27.0271
89,4,192.208,0
89,7,217.221,0
89,15,144.941,0
89,20,228.324,0
89,21,187.003,0
89,23,17.088,0
89,26,184.174,0
89,28,241.299,0
89,30,78.848,0
89,34,146.864,0
89,40,137.321,0
89,47,134.659,0
89,63,130.231,0
89,68,40.3113,0
89,71,265.962,0
90,16,247.57,19.3189
90,21,133.135,0
90,27,218.009,0
90,30,232.349,0
90,40,172.54,0
90,48,255.486,0
90,52,201.541,4.33569
90,53,356.534,30.0989
90,54,141.186,0.993855
90,57,19.0263,0
90,71,70.0928,0
90,76,275.461,22.8665
90,81,96.0052,0
90,96,266.935,17.4089
91,1,219.228,0
91,2,85.8836,0
91,8,232.228,0
91,14,160.003,0
91,16,255.824,21.8653
91,17,95.6922,0
91,27,215.063,3.84653
91,37,237.985,16.3376
91,44,108.812,0
91,45,90.0222,0
91,48,185.335,0
91,49,135.34,0
91,50,244.267,18.3655
91,51,233.071,0
91,52,233.555,19.6723
91,53,117.987,0
91,54,374.171,28.1538
91,58,77.8781,0
91,59,238.321,0
91,61,232.594,0
91,65,132.471,0.624751
91,72,227.106,0
91,75,135.871,0
91,76,224.18,18.3937
91,77,98.3107,0
91,83,196.596,0
91,85,172.192,0
91,96,199.082,10.7084
91,97,112.361,0
92,4,245.204,0
92,7,177.882,0
92,20,141.651,0
92,24,434.2,30.5552
92,25,26.2488,0
92,27,298.03,17.1627
92,32,313.146,20.6948
92,36,138.192,0
92,38,89.1403,0
92,41,371.594,31.7523
92,48,313.645,18.9583
92,50,303.5,19.1255
92,55,275.691,21.7379
92,56,186.25,14.3876
92,60,137.419,0
92,64,57.9828,0
92,69,85.5862,0
92,79,203.087,15.1183
92,86,152.643,0
92,87,213.249,15.4654
92,98,388.728,30.1981
93,1,171.251,6.86861
93,6,92.5929,6.94447
93,8,138.263,6.4209
93,10,224.6,5.13801
93,11,73.2704,6.20187
93,13,141.139,5.01956
93,14,199.382,12.0957
93,29,159.991,5.67649
93,32,403,29.0625
93,37,265.212,21.902
93,46,355.197,26.3782
93,55,408.824,28.583
93,61,141.135,11.9338
93,65,361.554,30.8396
93,72,171.338,6.12571
93,75,360.04,30.8308
93,78,326.878,27.5803
93,83,160.707,8.23733
93,94,141.187,12.0366
93,95,142.957,4.74371
94,1,284.385,20.3803
94,6,167.011,10.7292
94,8,243.469,17.4308
94,11,202.112,16.9961
94,13,254.323,17.5978
94,14,236.189,11.5795
94,29,273.036,22.4041
94,32,250.137,17.0557
94,37,232.909,19.9797
94,39,317.701,27.118
94,46,233.637,10.0682
94,55,250.613,20.2848
94,61,154.736,10.5377
94,65,341.518,28.6438
94,72,278.65,17.3186
94,75,332.385,27.6988
94,83,274.731,23.4347
94,93,141.187,12.0366
94,95,291.631,22.7792
95,1,97.7394,0
95,6,149.96,0.503174
95,8,92.3147,0
95,10,191.578,6.52783
95,11,86.3539,0
95,13,190.204,15.5515
95,14,175.855,0
95,17,245.717,0
95,29,231.874,19.4086
95,37,263.502,10.1395
95,61,169.163,0
95,72,90.2497,0
95,78,150.333,0
95,83,132.28,0
95,85,223.575,0
95,93,142.957,4.74371
95,94,291.631,22.7792
95,99,227.423,0
96,2,279.701,12.1594
96,14,277.762,16.2154
96,16,337.2,0
96,17,286.486,11.977
96,27,35.5268,0.506621
96,37,301.258,23.5668
96,44,328.31,26.5923
96,45,109.378,8.81019
96,48,42.8318,0.968814
96,50,64.4148,0.988934
96,52,89.4427,0
96,53,306.012,14.1207
96,54,251.166,21.5218
96,55,284.986,9.23706
96,57,258.537,17.6964
96,58,127.086,9.78873
96,61,384.504,32.8479
96,64,245.363,1.0529
96,65,154.159,13.2136
96,71,218.077,1.94581
96,75,165.441,14.0374
96,76,330.315,0
96,77,324.43,26.2445
96,81,167.616,13.398
96,90,266.935,17.4089
96,91,199.082,10.7084
96,97,332.138,27.4905
97,2,57.28,0
97,14,262.195,0
97,16,205.645,14.0047
97,17,150.207,0
97,44,8.06226,0
97,45,178.631,0
97,49,135.912,0
97,51,122.381,0
97,52,371.463,27.4181
97,53,101.272,0
97,54,315.365,26.9797
97,58,176.182,0
97,59,131.765,0
97,65,249.429,4.60484
97,75,246.219,0.676386
97,76,186.157,12.0064
97,77,44.0454,0
97,85,197.294,0
97,91,112.361,0
97,96,332.138,27.4905
98,3,166.88,13.8774
98,4,237.758,3.41828
98,7,231.617,5.21549
98,9,277.151,19.2471
98,12,336.211,27.1714
98,18,298.918,21.8882
98,20,260.792,6.90767
98,24,45.6508,0
98,25,386.576,25.5262
98,31,212.194,16.2247
98,33,181.81,1.65166
98,35,302.88,21.2814
98,36,199.153,6.7482
98,38,242.643,8.6837
98,41,88.295,0
98,42,171.896,14.5443
98,43,239.108,20.4581
98,56,129.836,7.72833
98,60,254.488,21.7439
98,62,84.9153,1.83799
98,66,169.551,10.2859
98,67,194.634,16.6867
98,69,315.081,26.9956
98,70,218.021,18.1259
98,73,148.492,12.3307
98,79,185.697,14.9685
98,80,218.895,18.7384
98,82,183.388,1.78481
98,84,224.043,16.8488
98,86,145,6.63462
98,87,191.75,13.7786
98,88,316.889,27.0271
98,92,388.728,30.1981
99,10,110.114,0
99,11,328.658,26.0146
99,13,183.109,0
99,29,200.808,0
99,78,77.6981,0
99,95,227.423,0
