0,1,168.015,0
0,7,160.112,0
0,17,51.4296,0
0,54,150.894,0
0,80,183.175,0
0,95,215.824,0
1,0,168.015,0
1,7,8.06226,0
1,15,151.819,0
1,17,122.115,0
1,20,204.999,4.97226
1,25,247.518,0
1,29,144.003,0
1,31,148.647,0
1,33,150.765,0
1,36,213.551,0
1,42,129.634,0
1,43,224.715,0
1,54,27.1662,0
1,57,159.31,0.530984
1,80,17.72,0
1,95,105.19,0
1,96,294.654,19.1826
2,9,391.252,31.5376
2,10,42.5441,0
2,13,261.282,8.15379
2,16,194.997,0
2,25,229.314,0
2,26,237.478,10.2727
2,28,188.707,6.02513
2,40,248.591,19.8921
2,41,205.353,0
2,43,256.603,0
2,45,224.84,0
2,47,196.048,7.29069
2,49,106.705,0
2,59,317.967,27.2763
2,60,218.368,13.8086
2,93,17.0294,0
3,6,183.218,0
3,14,47.0425,0
3,23,235.832,8.78797
3,24,91.0934,0
3,35,168.431,8.40497
3,38,256.726,0
3,40,229.172,0
3,46,54.3085,3.96823
3,47,248.244,0
3,48,273.854,0
3,71,173.234,0
3,75,196.051,13.0701
3,77,159.006,13.5466
3,78,106.381,0
3,81,81.5414,0
3,90,49.8466,0.607106
4,11,244.761,2.00511
4,12,414.916,11.9909
4,19,247.296,14.1988
4,21,203.303,0
4,50,233.311,2.98691
4,55,304.203,10.2508
4,56,340.364,4.94755
4,62,328.998,22.3168
4,63,467.028,14.2236
4,65,305.746,25.7421
4,69,390.714,4.17467
4,70,400.095,14.4596
4,73,388.954,13.5999
4,74,70.9366,0
4,82,206.25,1.80804
4,85,300.625,23.5861
4,87,396.624,20.1029
4,88,194.637,10.5028
4,89,460.316,17.5634
4,97,396.141,0
4,98,382.148,9.52022
5,8,162.842,5.19929
5,9,361.802,30.0932
5,11,430.813,26.4675
5,13,184.196,0
5,16,180.336,0
5,18,195.947,15.7587
5,26,152.463,0
5,30,265.244,21.9156
5,32,105.173,5.84865
5,37,94.8103,0
5,44,48.1167,2.21467
5,50,228.472,18.2514
5,52,133.124,0
5,55,367.17,21.7342
5,56,189.307,15.9836
5,60,256.794,3.91674
5,62,173.165,9.45867
5,64,69.271,3.66454
5,65,335.027,28.7375
5,66,248.91,0
5,69,191.911,15.6966
5,76,63.302,4.61023
5,83,154.35,0
5,84,62.6498,0
5,85,168.268,11.8977
5,88,303.496,23.1752
5,92,230.842,0
5,98,262.026,21.041
6,3,183.218,0
6,14,162.055,6.62952
6,23,66.3702,0
6,24,150.615,0
6,35,58.3095,0
6,38,88.2296,2.35553
6,40,170.473,0
6,41,228.876,0
6,45,187.267,0
6,46,289.742,24.8516
6,47,232.813,0
6,71,12.0416,0
6,75,223.015,17.6017
6,78,127.13,0
6,81,174.866,0
6,90,211.85,9.51187
7,0,160.112,0
7,1,8.06226,0
7,15,158.808,0
7,17,114.057,0
7,20,212.927,4.99596
7,25,255.441,0
7,29,151.22,1.47174
7,31,153.574,0
7,33,157.153,0
7,36,219.939,0
7,42,135.093,0
7,43,232.034,0
7,54,21.1896,0
7,57,159.703,0
7,80,24.1868,0
7,95,105.603,0
7,96,302.728,19.3512
8,5,162.842,5.19929
8,13,218.429,5.21799
8,26,223.672,0
8,30,142.525,2.22217
8,32,63.561,0
8,37,179.903,0
8,44,120.634,1.84264
8,50,266.047,6.41729
8,52,174.184,0
8,56,301.062,21.356
8,62,291.522,24.4262
8,64,91.586,0
8,65,256.207,17.2575
8,66,171.026,0
8,76,105.603,0
8,83,159.032,4.66537
8,84,216.407,4.76104
8,85,190.046,6.90543
8,91,114.202,0
8,92,228.465,5.79745
8,94,135.595,0
8,99,213.843,0
9,2,391.252,31.5376
9,5,361.802,30.0932
9,12,408.492,2.33361
9,16,192.08,6.77205
9,18,196.917,4.04444
9,26,313.109,25.724
9,37,321.474,27.4035
9,55,425.967,0
9,56,449.209,9.51812
9,58,425.584,6.19722
9,59,119.627,2.34662
9,61,294.134,7.85269
9,62,381.185,28.4339
9,68,343.303,11.83
9,69,380.745,8.92914
9,79,478.417,10.3553
9,84,282.264,22.6832
9,93,397.646,31.7307
9,98,350.564,0.990231
10,2,42.5441,0
10,16,264.287,15.4951
10,25,188.862,0
10,26,284.142,12.2231
10,28,146.145,5.86163
10,40,191.802,11.0304
10,41,220.145,0
10,43,220.719,0
10,45,261.652,12.8015
10,47,154.688,5.54991
10,49,66.0303,0
10,59,304.789,24.4483
10,60,256.47,13.6245
10,93,26.6833,0
10,96,239.839,7.57805
11,4,244.761,2.00511
11,5,430.813,26.4675
11,12,199.73,0
11,18,376.056,2.29232
11,19,297.664,14.8025
11,21,353.618,15.9915
11,50,263.125,4.45671
11,55,103.247,0
11,56,255.155,0
11,58,366.487,1.35721
11,61,371.712,2.13569
11,62,296.75,8.18244
11,63,359.859,14.124
11,68,372.624,5.05774
11,69,258.751,0
11,70,359.552,17.6791
11,72,407.709,7.56171
11,73,203.543,5.77004
11,74,187.072,0
11,82,67.6888,5.78537
11,84,400.541,30.8577
11,85,339.408,25.4198
11,87,328.782,17.8486
11,88,351.756,14.3022
11,89,391.946,18.4032
11,97,195.09,6.9383
11,98,205.883,0
12,4,414.916,11.9909
12,9,408.492,2.33361
12,11,199.73,0
12,18,352.415,0
12,19,427.104,2.02382
12,27,448.636,2.68565
12,34,336.809,0
12,50,438.879,5.76605
12,55,184.391,0
12,56,376.643,0
12,58,174.402,0
12,59,464.357,18.3874
12,61,175.791,3.72477
12,62,405.621,10.4628
12,63,344.819,0
12,68,175.703,3.71172
12,69,342.117,0
12,70,411.245,5.83126
12,72,255.042,17.469
12,73,113.278,0
12,74,345.863,12.2253
12,82,218.505,9.49775
12,87,365.141,0
12,89,418.951,0
12,97,148.054,0
12,98,246.073,0
13,2,261.282,8.15379
13,5,184.196,0
13,8,218.429,5.21799
13,16,203.752,2.45768
13,26,64.0703,0
13,32,199.123,0
13,37,95.9635,0
13,41,250.793,0
13,44,158.733,1.14147
13,51,209.454,14.0897
13,52,51.0882,0
13,60,92.0698,6.04354
13,64,171.773,0
13,66,138.232,0
13,76,159.656,0
13,83,58.8558,0
13,84,173.185,0
13,86,144.474,6.03051
13,92,60.1332,0
14,3,47.0425,0
14,6,162.055,6.62952
14,23,179.312,3.21188
14,24,49.4065,0
14,35,118.314,5.56237
14,38,231.61,7.67111
14,40,183.415,0
14,46,87.3212,0
14,47,207.87,0
14,48,223.909,19.1955
14,71,138.842,0
14,75,219.946,15.8615
14,77,121.84,0
14,78,60.0167,0
14,81,51.4782,0
14,90,44.7772,0
14,96,257.687,5.36945
15,1,151.819,0
15,7,158.808,0
15,20,141.03,4.43299
15,22,226.02,0
15,25,116.662,0
15,28,196.756,0
15,29,74.9667,0
15,31,201.457,0
15,33,171.759,0
15,36,66.1891,0
15,39,181.728,0
15,42,49.2544,0
15,43,74.9667,0
15,53,226.049,0
15,54,164.454,0
15,57,131.973,0
15,67,244.804,0
15,79,173.367,0
15,80,134.629,0
15,95,152.131,8.46423
15,96,203.219,15.986
16,2,194.997,0
16,5,180.336,0
16,9,192.08,6.77205
16,10,264.287,15.4951
16,13,203.752,2.45768
16,18,175.708,13.9974
16,26,134.974,0
16,37,141.174,0
16,44,203.332,1.82509
16,52,176.411,0
16,55,449.764,21.2591
16,56,267.271,15.3457
16,59,239.968,8.88134
16,60,206.4,0
16,61,452.339,20.0305
16,62,239.121,8.68394
16,64,237.092,4.70133
16,69,308.591,24.9247
16,76,217.038,3.0261
16,83,223.394,0
16,84,117.924,0
16,93,212.088,4.00763
16,98,343.368,21.2965
17,0,51.4296,0
17,1,122.115,0
17,7,114.057,0
17,29,236.361,1.65605
17,31,240.033,0
17,33,256.301,0
17,42,239.511,4.07861
17,54,102.069,0
17,57,217.366,0
17,80,135.801,0
17,95,164.757,0
18,5,195.947,15.7587
18,9,196.917,4.04444
18,11,376.056,2.29232
18,12,352.415,0
18,16,175.708,13.9974
18,26,256.594,19.0064
18,32,299.735,22.0623
18,37,224.026,17.1009
18,44,229.951,15.909
18,50,344.047,24.533
18,52,272.573,18.451
18,55,272.807,2.27206
18,56,244.951,9.6519
18,58,417.138,16.6006
18,59,326.288,1.05245
18,61,331.534,9.26207
18,62,182.702,15.4357
18,64,262.326,19.2772
18,68,405.005,1.47796
18,69,178.519,8.34375
18,73,458.059,2.27844
18,76,252.451,19.3858
18,82,423.482,19.7929
18,84,134.015,10.3451
18,85,293.373,22.9668
18,97,480.047,5.2001
18,98,177.227,1.05461
19,4,247.296,14.1988
19,11,297.664,14.8025
19,12,427.104,2.02382
19,21,433.485,19.8814
19,50,440.982,23.1387
19,55,390.814,18.5759
19,63,274.554,0
19,70,162.825,0
19,72,389.797,3.3201
19,73,342.707,0
19,74,218.266,11.6928
19,82,230.347,5.3991
19,87,206.553,0
19,88,446.014,23.4338
19,89,224.404,7.66351
19,97,302.324,0
20,1,204.999,4.97226
20,7,212.927,4.99596
20,15,141.03,4.43299
20,24,287.105,19.6506
20,25,183.081,7.71627
20,28,219.845,17.4295
20,29,211.061,4.20593
20,31,143.661,6.2604
20,33,103.551,5.59452
20,36,183.457,4.73483
20,40,327.14,27.4069
20,42,181.221,4.12223
20,43,164.587,11.2733
20,47,243.458,20.3521
20,48,326.977,26.7679
20,49,297.912,25.4143
20,54,229.884,4.93335
20,57,266.145,4.61171
20,77,204.266,8.53788
20,78,302.043,19.8045
20,80,195.346,4.8551
20,81,319.283,27.3748
20,90,291.858,19.6094
20,95,248.251,4.83195
20,96,110,0
21,4,203.303,0
21,11,353.618,15.9915
21,19,433.485,19.8814
21,30,258.168,22.0656
21,32,302.313,18.7359
21,50,119.054,7.69846
21,55,389.412,18.0035
21,56,214.167,14.6442
21,62,223.564,14.9043
21,65,163.178,13.3604
21,69,315.151,26.3439
21,74,257.34,3.611
21,82,370.463,9.23421
21,85,169.331,13.5551
21,88,34.5389,2.74119
21,98,430.783,16.446
22,15,226.02,0
22,29,164.015,0
22,36,197.585,0
22,39,50.9902,0
22,42,193.259,0
22,43,248.365,0
22,53,13.6015,0
22,57,131.103,0
22,67,18.868,0
22,79,154.633,2.94506
22,95,185.723,0
23,3,235.832,8.78797
23,6,66.3702,0
23,14,179.312,3.21188
23,24,155.724,0
23,35,67.4166,0
23,38,47.7074,0
23,40,118.457,0
23,41,171.572,0
23,45,132.197,0
23,46,273.145,11.903
23,47,212.487,11.2517
23,49,240.54,5.25173
23,71,76.4853,0
23,75,292.488,21.9808
23,78,129.557,0
23,81,181.893,0
23,90,208.849,0
24,3,91.0934,0
24,6,150.615,0
24,14,49.4065,0
24,20,287.105,19.6506
24,23,155.724,0
24,28,226.896,4.6807
24,35,96.2549,0
24,38,202.252,0
24,40,139.435,0
24,46,134.261,0
24,47,158.647,0
24,48,210.513,16.3159
24,49,235.697,0
24,71,145.465,0
24,75,266.754,22.6841
24,77,114.978,0
24,78,26.1725,0
24,81,26.1725,0
24,90,59.2284,0
24,96,230.323,11.6289
25,1,247.518,0
25,2,229.314,0
25,7,255.441,0
25,10,188.862,0
25,15,116.662,0
25,20,183.081,7.71627
25,28,80.2309,0
25,29,187.771,0
25,31,278.401,19.8721
25,33,242.265,19.286
25,36,114.162,0
25,40,240.01,9.09128
25,42,165.529,0
25,43,63.3246,0
25,47,151.053,0
25,49,156.665,4.7841
25,57,244.346,0
25,79,203.691,0
25,80,232.863,0
25,93,212.285,0
25,95,270.619,9.96855
25,96,109.764,9.37599
26,2,237.478,10.2727
26,5,152.463,0
26,8,223.672,0
26,9,313.109,25.724
26,10,284.142,12.2231
26,13,64.0703,0
26,16,134.974,0
26,18,256.594,19.0064
26,32,196.573,0
26,37,58.2409,0
26,44,141.83,1.47603
26,51,265.769,17.0477
26,52,52.2015,0
26,60,111.966,5.33213
26,62,278.484,15.5997
26,64,162.003,0
26,66,196.848,0
26,69,266.947,8.34112
26,76,146.168,0
26,83,95.901,0
26,84,123.045,0
26,86,202.026,5.86421
26,92,124.004,0
26,93,261.899,13.6607
27,12,448.636,2.68565
27,34,133.462,0
27,58,284.007,0
27,61,308.951,1.67262
27,67,265.305,7.05812
27,68,277.683,0
27,72,402.179,0
27,73,459.905,2.79662
27,97,459.397,16.0656
28,2,188.707,6.02513
28,10,146.145,5.86163
28,15,196.756,0
28,20,219.845,17.4295
28,24,226.896,4.6807
28,25,80.2309,0
28,33,330.609,28.3151
28,35,254.751,0
28,36,188.409,0
28,40,165.053,9.68588
28,42,245.734,0
28,43,138.293,0
28,47,82.4621,3.66498
28,49,85.7162,4.53451
28,77,257.503,9.04562
28,78,233.074,7.14137
28,81,224.667,2.46631
28,90,275.234,9.35985
28,93,173.449,6.35219
28,96,94.7856,2.09679
29,1,144.003,0
29,7,151.22,1.47174
29,15,74.9667,0
29,17,236.361,1.65605
29,20,211.061,4.20593
29,22,164.015,0
29,25,187.771,0
29,31,244.624,0
29,33,223.143,0
29,36,95.6922,0
29,39,128.378,0
29,42,30.2324,0
29,43,134.104,0
29,53,161.227,0
29,54,160.066,7.23069
29,57,57.1402,0
29,67,182.036,0
29,79,162.985,0
29,80,127.063,0
29,95,73.5391,0
29,96,279.746,18.5055
30,5,265.244,21.9156
30,8,142.525,2.22217
30,21,258.168,22.0656
30,32,159.159,10.1781
30,44,217.681,10.5817
30,50,225.105,16.7914
30,56,281.047,22.4893
30,62,246.64,17.9474
30,64,182.322,6.42802
30,65,124.069,9.77042
30,69,291.962,18.5856
30,76,199.751,6.91458
30,85,139.545,11.0971
30,88,210.716,17.0913
30,91,140.036,0
30,94,194.92,0
30,99,196.451,0
31,1,148.647,0
31,7,153.574,0
31,15,201.457,0
31,17,240.033,0
31,20,143.661,6.2604
31,25,278.401,19.8721
31,29,244.624,0
31,33,39.2173,0
31,42,216.954,0
31,43,244.1,0
31,48,279.185,23.349
31,54,174.751,0
31,77,245.116,18.5985
31,80,151.954,0
31,95,243.561,1.2749
31,96,250.432,21.4621
32,5,105.173,5.84865
32,8,63.561,0
32,13,199.123,0
32,18,299.735,22.0623
32,21,302.313,18.7359
32,26,196.573,0
32,30,159.159,10.1781
32,37,143.391,0
32,44,70.9286,2.57199
32,50,228.304,12.3265
32,52,154.829,0
32,56,249.298,21.0442
32,62,220.005,18.8714
32,64,37.5766,0
32,65,284.127,24.1329
32,66,225.986,8.93268
32,69,274.052,23.4732
32,76,54.626,0
32,83,147.33,0
32,84,153.435,1.34505
32,85,138.307,4.7127
32,88,269.713,14.869
32,91,176.858,4.24584
32,92,225.144,0
32,94,197.489,0
32,98,347.654,29.8228
33,1,150.765,0
33,7,157.153,0
33,15,171.759,0
33,17,256.301,0
33,20,103.551,5.59452
33,25,242.265,19.286
33,28,330.609,28.3151
33,29,223.143,0
33,31,39.2173,0
33,36,231.521,0
33,42,193.982,0
33,43,207.964,0
33,48,279.636,23.5168
33,54,177.91,0
33,77,270.845,22.9773
33,80,149.452,0
33,81,288.299,15.1376
33,95,241.087,4.95728
33,96,215.011,17.5668
34,12,336.809,0
34,27,133.462,0
34,58,162.432,0
34,61,231.249,0
34,63,408.123,0
34,68,179.978,0
34,72,277.849,0
34,73,325.474,4.51287
34,87,472.424,0
34,89,489.637,0
34,97,329.827,14.2623
35,3,168.431,8.40497
35,6,58.3095,0
35,14,118.314,5.56237
35,23,67.4166,0
35,24,96.2549,0
35,28,254.751,0
35,38,109.622,0
35,40,126.621,0
35,41,237.065,0
35,45,198.879,0
35,46,200.194,9.01385
35,47,182.06,0
35,49,250.462,3.22296
35,71,57.3149,0
35,75,247.414,21.1582
35,77,210.801,0
35,78,71.1196,0
35,81,121.828,0
35,90,144.045,0
36,1,213.551,0
36,7,219.939,0
36,15,66.1891,0
36,20,183.457,4.73483
36,22,197.585,0
36,25,114.162,0
36,28,188.409,0
36,29,95.6922,0
36,33,231.521,0
36,39,147.648,0
36,42,89.202,0
36,43,50.9608,0
36,49,238.437,0
36,53,201.457,0
36,54,222.428,0
36,57,144.9,0
36,67,216.157,0
36,79,111.072,0
36,80,195.923,0
36,95,168.514,0
36,96,223.874,16.0514
37,5,94.8103,0
37,8,179.903,0
37,9,321.474,27.4035
37,13,95.9635,0
37,16,141.174,0
37,18,224.026,17.1009
37,26,58.2409,0
37,32,143.391,0
37,44,85.0063,1.44523
37,52,49.0408,0
37,56,240.086,11.6138
37,60,161.355,3.39504
37,62,233.046,17.1798
37,64,107.056,0
37,66,198.91,0
37,69,227.825,11.6661
37,76,90.4489,0
37,83,90.1388,0
37,84,78,0
37,85,291.352,22.3802
37,86,243.867,7.97045
37,92,151.159,0
37,98,306.534,25.0957
38,3,256.726,0
38,6,88.2296,2.35553
38,14,231.61,7.67111
38,23,47.7074,0
38,24,202.252,0
38,35,109.622,0
38,40,156.013,0
38,41,147.313,0
38,45,105.224,0
38,47,247.039,9.92601
38,71,100.271,2.37484
38,78,176.105,0
38,81,228.405,0
38,90,253.476,0
39,15,181.728,0
39,22,50.9902,0
39,29,128.378,0
39,36,147.648,0
39,42,155.206,0
39,43,198.154,0
39,53,58.0086,0
39,57,112.018,0
39,67,68.9638,0
39,79,103.87,0
39,80,264.467,6.78837
39,95,168.027,0
40,2,248.591,19.8921
40,3,229.172,0
40,6,170.473,0
40,10,191.802,11.0304
40,14,183.415,0
40,20,327.14,27.4069
40,23,118.457,0
40,24,139.435,0
40,25,240.01,9.09128
40,28,165.053,9.68588
40,35,126.621,0
40,38,156.013,0
40,41,200.242,1.96155
40,45,175.602,0
40,47,89.0374,7.10443
40,49,123.826,3.01796
40,71,175.642,0
40,77,226.491,0
40,78,123.454,0
40,81,158.155,0
40,90,197.003,0
40,93,215.449,12.6699
40,96,220.623,12.5873
41,2,205.353,0
41,6,228.876,0
41,10,220.145,0
41,13,250.793,0
41,23,171.572,0
41,35,237.065,0
41,38,147.313,0
41,40,200.242,1.96155
41,45,42.2019,0
41,47,266.09,8.12952
41,49,274.064,16.5996
41,51,158.911,10.7944
41,60,177.688,0
41,71,240.751,0
41,86,274.864,23.0649
41,92,268.62,14.2158
41,93,214.756,0
42,1,129.634,0
42,7,135.093,0
42,15,49.2544,0
42,17,239.511,4.07861
42,20,181.221,4.12223
42,22,193.259,0
42,25,165.529,0
42,28,245.734,0
42,29,30.2324,0
42,31,216.954,0
42,33,193.982,0
42,36,89.202,0
42,39,155.206,0
42,43,117.72,0
42,53,190.966,0
42,54,134.852,0
42,57,84.6463,0
42,67,211.483,0
42,79,175.642,0
42,80,111.987,0
42,95,84.5813,0
42,96,252.468,18.0359
43,1,224.715,0
43,2,256.603,0
43,7,232.034,0
43,10,220.719,0
43,15,74.9667,0
43,20,164.587,11.2733
43,22,248.365,0
43,25,63.3246,0
43,28,138.293,0
43,29,134.104,0
43,31,244.1,0
43,33,207.964,0
43,36,50.9608,0
43,39,198.154,0
43,42,117.72,0
43,47,211.729,0
43,49,193.062,0
43,53,252.4,0
43,54,238.95,0
43,57,188.47,0
43,79,147.201,0
43,80,208.002,0
43,93,240.052,0
43,95,202.148,0
43,96,177.121,14.4604
44,5,48.1167,2.21467
44,8,120.634,1.84264
44,13,158.733,1.14147
44,16,203.332,1.82509
44,18,229.951,15.909
44,26,141.83,1.47603
44,30,217.681,10.5817
44,32,70.9286,2.57199
44,37,85.0063,1.44523
44,50,284.175,24.1433
44,52,108.67,1.08577
44,55,416.996,30.0466
44,56,246.462,20.9044
44,60,240.172,6.06904
44,62,206.784,17.277
44,64,33.5734,2.29129
44,65,319.381,26.2768
44,66,209.978,1.55085
44,69,240.958,20.6491
44,76,15.5563,1.32583
44,83,120.331,1.2926
44,84,93.3103,1.76597
44,85,214.167,18.3023
44,91,233.324,2.06954
44,92,197.99,0.70202
44,94,255.152,1.76302
44,98,314.126,26.5362
45,2,224.84,0
45,6,187.267,0
45,10,261.652,12.8015
45,23,132.197,0
45,35,198.879,0
45,38,105.224,0
45,40,175.602,0
45,41,42.2019,0
45,47,235.255,0
45,49,298.979,23.4057
45,51,243.802,20.7633
45,60,219.313,0
45,71,199.203,0
45,78,251.788,0
45,86,304.957,25.9073
45,93,231.64,0
46,3,54.3085,3.96823
46,6,289.742,24.8516
46,14,87.3212,0
46,23,273.145,11.903
46,24,134.261,0
46,35,200.194,9.01385
46,48,276.149,11.4272
46,71,277.325,23.7334
46,75,152.726,10.4846
46,77,181.397,13.3653
46,78,147.299,0
46,81,141.962,7.18736
46,90,135.237,11.3236
47,2,196.048,7.29069
47,3,248.244,0
47,6,232.813,0
47,10,154.688,5.54991
47,14,207.87,0
47,20,243.458,20.3521
47,23,212.487,11.2517
47,24,158.647,0
47,25,151.053,0
47,28,82.4621,3.66498
47,35,182.06,0
47,38,247.039,9.92601
47,40,89.0374,7.10443
47,41,266.09,8.12952
47,43,211.729,0
47,45,235.255,0
47,49,78.4474,0
47,71,236.231,0
47,77,241.173,12.8765
47,78,153.388,0
47,81,167.869,0
47,90,207.575,0.526814
47,93,180.725,6.01814
47,96,133.048,2.76088
48,3,273.854,0
48,14,223.909,19.1955
48,20,326.977,26.7679
48,24,210.513,16.3159
48,31,279.185,23.349
48,33,279.636,23.5168
48,46,276.149,11.4272
48,75,430.707,22.1429
48,77,95.2432,6.65519
48,78,237.03,17.2481
48,81,183.89,15.0916
48,90,165.77,14.2088
48,96,267.64,18.4365
49,2,106.705,0
49,10,66.0303,0
49,20,297.912,25.4143
49,23,240.54,5.25173
49,24,235.697,0
49,25,156.665,4.7841
49,28,85.7162,4.53451
49,35,250.462,3.22296
49,36,238.437,0
49,40,123.826,3.01796
49,41,274.064,16.5996
49,43,193.062,0
49,45,298.979,23.4057
49,47,78.4474,0
49,78,227.794,0
49,81,246.142,0
49,93,92.3472,0
49,96,168.701,2.29155
50,4,233.311,2.98691
50,5,228.472,18.2514
50,8,266.047,6.41729
50,11,263.125,4.45671
50,12,438.879,5.76605
50,18,344.047,24.533
50,19,440.982,23.1387
50,21,119.054,7.69846
50,30,225.105,16.7914
50,32,228.304,12.3265
50,44,284.175,24.1433
50,55,265.167,3.19848
50,56,96.1294,7.16549
50,62,88.6002,0
50,64,257.735,19.9467
50,65,174.413,11.6276
50,69,165.518,13.8727
50,73,482.657,3.14665
50,74,249.005,2.07383
50,76,254.651,17.9752
50,82,313.758,1.47508
50,84,241.74,13.2738
50,85,84.2359,1.90534
50,88,90.6784,3.26159
50,97,457.176,11.6618
50,98,246.306,13.0247
51,13,209.454,14.0897
51,26,265.769,17.0477
51,41,158.911,10.7944
51,45,243.802,20.7633
51,52,261.193,15.2255
51,60,161.02,11.4335
51,66,345.478,14.2961
51,83,268.482,20.7375
51,86,117.999,0.982749
51,92,194.453,16.5108
52,5,133.124,0
52,8,174.184,0
52,13,51.0882,0
52,16,176.411,0
52,18,272.573,18.451
52,26,52.2015,0
52,32,154.829,0
52,37,49.0408,0
52,44,108.67,1.08577
52,51,261.193,15.2255
52,60,131.928,4.78394
52,62,290.18,22.0526
52,64,124.193,0
52,66,154.564,0
52,69,277.197,12.9424
52,76,110.725,0
52,83,47.0106,0
52,84,126.874,0
52,86,228.151,17.7942
52,92,102.46,0
53,15,226.049,0
53,22,13.6015,0
53,29,161.227,0
53,36,201.457,0
53,39,58.0086,0
53,42,190.966,0
53,43,252.4,0
53,57,124.326,0
53,67,22.4722,0
53,79,158.928,0
53,95,177.792,0
54,0,150.894,0
54,1,27.1662,0
54,7,21.1896,0
54,15,164.454,0
54,17,102.069,0
54,20,229.884,4.93335
54,29,160.066,7.23069
54,31,174.751,0
54,33,177.91,0
54,36,222.428,0
54,42,134.852,0
54,43,238.95,0
54,57,147.872,0
54,80,34.9285,0
54,95,92.1792,0
55,4,304.203,10.2508
55,5,367.17,21.7342
55,9,425.967,0
55,11,103.247,0
55,12,184.391,0
55,16,449.764,21.2591
55,18,272.807,2.27206
55,19,390.814,18.5759
55,21,389.412,18.0035
55,44,416.996,30.0466
55,50,265.167,3.19848
55,56,196.01,0
55,58,356.741,0
55,61,317.039,5.36989
55,62,232.263,8.42223
55,63,464.004,0
55,68,335.194,7.30774
55,69,176.148,0
55,70,478.865,7.74138
55,72,447.016,9.55804
55,73,252,0
55,74,276.101,0
55,82,155.939,11.9026
55,84,328.569,24.9978
55,85,311.548,24.6592
55,87,455.968,1.09078
55,88,375.446,16.8522
55,97,263.059,0
55,98,104.805,0
56,4,340.364,4.94755
56,5,189.307,15.9836
56,8,301.062,21.356
56,9,449.209,9.51812
56,11,255.155,0
56,12,376.643,0
56,16,267.271,15.3457
56,18,244.951,9.6519
56,21,214.167,14.6442
56,30,281.047,22.4893
56,32,249.298,21.0442
56,37,240.086,11.6138
56,44,246.462,20.9044
56,50,96.1294,7.16549
56,55,196.01,0
56,61,486.888,1.81203
56,62,41.4941,3.54131
56,64,244.64,20.9857
56,65,235.142,12.3876
56,69,69.5701,0
56,73,446.878,0
56,74,304.051,12.7478
56,76,256.486,21.538
56,82,323.126,5.55641
56,84,169.355,10.4601
56,85,142.72,11.4959
56,88,185.45,10.6176
56,97,454.159,0
56,98,151.855,0
57,1,159.31,0.530984
57,7,159.703,0
57,15,131.973,0
57,17,217.366,0
57,20,266.145,4.61171
57,22,131.103,0
57,25,244.346,0
57,29,57.1402,0
57,36,144.9,0
57,39,112.018,0
57,42,84.6463,0
57,43,188.47,0
57,53,124.326,0
57,54,147.872,0
57,67,146.697,0
57,79,182.003,0
57,80,148.918,2.13883
57,95,56.2228,0
58,9,425.584,6.19722
58,11,366.487,1.35721
58,12,174.402,0
58,18,417.138,16.6006
58,27,284.007,0
58,34,162.432,0
58,55,356.741,0
58,59,476.198,9.9847
58,61,127.201,0
58,63,295.863,15.6826
58,68,70.9366,0
58,69,500.564,0
58,70,401.687,21.597
58,72,237.857,0
58,73,188.51,0
58,82,351.157,16.0002
58,87,346.75,16.0476
58,89,380.311,16.9777
58,97,223.128,1.00492
58,98,401.368,0
59,2,317.967,27.2763
59,9,119.627,2.34662
59,10,304.789,24.4483
59,12,464.357,18.3874
59,16,239.968,8.88134
59,18,326.288,1.05245
59,58,476.198,9.9847
59,61,345.075,12.0899
59,68,405.191,9.88748
59,79,371.248,5.64771
59,84,373.379,27.8057
59,93,313.011,26.839
59,98,462.161,6.61744
60,2,218.368,13.8086
60,5,256.794,3.91674
60,10,256.47,13.6245
60,13,92.0698,6.04354
60,16,206.4,0
60,26,111.966,5.33213
60,37,161.355,3.39504
60,41,177.688,0
60,44,240.172,6.06904
60,45,219.313,0
60,51,161.02,11.4335
60,52,131.928,4.78394
60,64,256.008,4.98293
60,66,212.219,10.4702
60,76,243.718,5.51266
60,83,139.187,1.94335
60,84,239.474,7.72722
60,86,127.561,5.43493
60,92,102.767,4.51877
60,93,232.327,13.0431
61,9,294.134,7.85269
61,11,371.712,2.13569
61,12,175.791,3.72477
61,16,452.339,20.0305
61,18,331.534,9.26207
61,27,308.951,1.67262
61,34,231.249,0
61,55,317.039,5.36989
61,56,486.888,1.81203
61,58,127.201,0
61,59,345.075,12.0899
61,63,398.586,20.6245
61,68,60.1664,0
61,69,425.968,4.94737
61,72,342.709,9.21461
61,73,248.924,5.10786
61,82,394.303,13.5086
61,87,449.496,18.4964
61,97,289.704,5.17524
61,98,332.316,3.43461
62,4,328.998,22.3168
62,5,173.165,9.45867
62,8,291.522,24.4262
62,9,381.185,28.4339
62,11,296.75,8.18244
62,12,405.621,10.4628
62,16,239.121,8.68394
62,18,182.702,15.4357
62,21,223.564,14.9043
62,26,278.484,15.5997
62,30,246.64,17.9474
62,32,220.005,18.8714
62,37,233.046,17.1798
62,44,206.784,17.277
62,50,88.6002,0
62,52,290.18,22.0526
62,55,232.263,8.42223
62,56,41.4941,3.54131
62,64,203.149,17.4268
62,65,205.696,3.20708
62,69,63.6794,5.36558
62,73,485.137,8.78622
62,74,314.633,22.7894
62,76,217.413,17.756
62,82,363.51,13.1621
62,83,323.465,25.3166
62,84,128.098,2.63637
62,85,96.2601,0
62,88,207.3,15.2317
62,97,493.737,8.80806
62,98,156.978,11.1819
63,4,467.028,14.2236
63,11,359.859,14.124
63,12,344.819,0
63,19,274.554,0
63,34,408.123,0
63,55,464.004,0
63,58,295.863,15.6826
63,61,398.586,20.6245
63,68,362.33,17.1611
63,70,123.466,6.53632
63,72,133.821,0
63,73,232.422,0
63,74,428.617,4.07892
63,82,333.539,0
63,87,70.6824,0
63,89,85.44,0
63,97,205.767,0
64,5,69.271,3.66454
64,8,91.586,0
64,13,171.773,0
64,16,237.092,4.70133
64,18,262.326,19.2772
64,26,162.003,0
64,30,182.322,6.42802
64,32,37.5766,0
64,37,107.056,0
64,44,33.5734,2.29129
64,50,257.735,19.9467
64,52,124.193,0
64,56,244.64,20.9857
64,60,256.008,4.98293
64,62,203.149,17.4268
64,65,292.821,24.1556
64,66,202.628,0
64,69,241.376,20.2942
64,76,17.088,0
64,83,125.801,0
64,84,122.16,3.12878
64,85,181.354,14.2956
64,88,314.879,23.9344
64,91,202.312,0
64,92,205.412,0
64,94,227.108,0
64,98,346.122,28.1515
65,4,305.746,25.7421
65,5,335.027,28.7375
65,8,256.207,17.2575
65,21,163.178,13.3604
65,30,124.069,9.77042
65,32,284.127,24.1329
65,44,319.381,26.2768
65,50,174.413,11.6276
65,56,235.142,12.3876
65,62,205.696,3.20708
65,64,292.821,24.1556
65,69,293.981,20.8938
65,74,334.466,28.6461
65,76,307.43,24.915
65,85,105.361,0
65,88,100.952,2.83524
65,91,240.547,11.2973
65,99,256.201,1.9698
66,5,248.91,0
66,8,171.026,0
66,13,138.232,0
66,26,196.848,0
66,32,225.986,8.93268
66,37,198.91,0
66,44,209.978,1.55085
66,51,345.478,14.2961
66,52,154.564,0
66,60,212.219,10.4702
66,64,202.628,0
66,76,201.896,0
66,83,108.904,0
66,86,222.006,13.8935
66,91,258.215,12.7987
66,92,108.183,5.4621
66,94,245.6,17.4802
67,15,244.804,0
67,22,18.868,0
67,27,265.305,7.05812
67,29,182.036,0
67,36,216.157,0
67,39,68.9638,0
67,42,211.483,0
67,53,22.4722,0
67,57,146.697,0
67,79,180.663,8.06807
67,95,200.262,0
68,9,343.303,11.83
68,11,372.624,5.05774
68,12,175.703,3.71172
68,18,405.005,1.47796
68,27,277.683,0
68,34,179.978,0
68,55,335.194,7.30774
68,58,70.9366,0
68,59,405.191,9.88748
68,61,60.1664,0
68,63,362.33,17.1611
68,69,455.358,9.51117
68,72,308.765,0
68,73,226.206,3.7299
68,82,382.424,15.7143
68,87,409.384,17.6025
68,89,446.639,18.199
68,97,265.007,4.20449
68,98,357.502,8.93428
69,4,390.714,4.17467
69,5,191.911,15.6966
69,9,380.745,8.92914
69,11,258.751,0
69,12,342.117,0
69,16,308.591,24.9247
69,18,178.519,8.34375
69,21,315.151,26.3439
69,26,266.947,8.34112
69,30,291.962,18.5856
69,32,274.052,23.4732
69,37,227.825,11.6661
69,44,240.958,20.6491
69,50,165.518,13.8727
69,52,277.197,12.9424
69,55,176.148,0
69,56,69.5701,0
69,58,500.564,0
69,61,425.968,4.94737
69,62,63.6794,5.36558
69,64,241.376,20.2942
69,65,293.981,20.8938
69,68,455.358,9.51117
69,73,425.699,0
69,74,351.104,9.99741
69,76,254.83,21.7035
69,82,327.174,9.1092
69,84,143.732,7.64041
69,85,172.009,12.131
69,88,255.264,20.8921
69,97,438.985,0
69,98,99.2975,0
70,4,400.095,14.4596
70,11,359.552,17.6791
70,12,411.245,5.83126
70,19,162.825,0
70,55,478.865,7.74138
70,58,401.687,21.597
70,63,123.466,6.53632
70,72,256.285,7.93262
70,73,299.402,6.43438
70,74,341.074,16.6885
70,82,316.655,2.56052
70,87,57.0208,4.59627
70,89,67.8823,4.63277
70,97,262.332,6.05755
71,3,173.234,0
71,6,12.0416,0
71,14,138.842,0
71,23,76.4853,0
71,24,145.465,0
71,35,57.3149,0
71,38,100.271,2.37484
71,40,175.642,0
71,41,240.751,0
71,45,199.203,0
71,46,277.325,23.7334
71,47,236.231,0
71,75,211.036,17.0924
71,77,271.734,7.43461
71,78,123,0
71,81,169,0
71,90,203.213,9.17095
72,11,407.709,7.56171
72,12,255.042,17.469
72,19,389.797,3.3201
72,27,402.179,0
72,34,277.849,0
72,55,447.016,9.55804
72,58,237.857,0
72,61,342.709,9.21461
72,63,133.821,0
72,68,308.765,0
72,70,256.285,7.93262
72,73,200.034,6.81598
72,82,390.144,0
72,87,202.781,0
72,89,212.151,0
72,97,212.603,0
73,4,388.954,13.5999
73,11,203.543,5.77004
73,12,113.278,0
73,18,458.059,2.27844
73,19,342.707,0
73,27,459.905,2.79662
73,34,325.474,4.51287
73,50,482.657,3.14665
73,55,252,0
73,56,446.878,0
73,58,188.51,0
73,61,248.924,5.10786
73,62,485.137,8.78622
73,63,232.422,0
73,68,226.206,3.7299
73,69,425.699,0
73,70,299.402,6.43438
73,72,200.034,6.81598
73,74,320.751,12.2286
73,82,172.995,12.207
73,87,252.507,0
73,89,305.68,0
73,97,40.7922,0
73,98,337.343,0
74,4,70.9366,0
74,11,187.072,0
74,12,345.863,12.2253
74,19,218.266,11.6928
74,21,257.34,3.611
74,50,249.005,2.07383
74,55,276.101,0
74,56,304.051,12.7478
74,62,314.633,22.7894
74,63,428.617,4.07892
74,65,334.466,28.6461
74,69,351.104,9.99741
74,70,341.074,16.6885
74,73,320.751,12.2286
74,82,136.826,1.1788
74,85,314.309,25.4614
74,87,360.019,12.932
74,88,234.014,14.9292
74,89,392.302,20.6289
74,97,325.318,0
74,98,361.773,0
75,3,196.051,13.0701
75,6,223.015,17.6017
75,14,219.946,15.8615
75,23,292.488,21.9808
75,24,266.754,22.6841
75,35,247.414,21.1582
75,46,152.726,10.4846
75,48,430.707,22.1429
75,71,211.036,17.0924
75,77,349.738,29.1019
75,78,250.272,21.2944
75,81,269.422,23.0154
75,90,253.458,20.2565
76,5,63.302,4.61023
76,8,105.603,0
76,13,159.656,0
76,16,217.038,3.0261
76,18,252.451,19.3858
76,26,146.168,0
76,30,199.751,6.91458
76,32,54.626,0
76,37,90.4489,0
76,44,15.5563,1.32583
76,50,254.651,17.9752
76,52,110.725,0
76,56,256.486,21.538
76,60,243.718,5.51266
76,62,217.413,17.756
76,64,17.088,0
76,65,307.43,24.915
76,66,201.896,0
76,69,254.83,21.7035
76,83,117.414,0
76,84,109.513,3.97922
76,85,201.751,16.7797
76,91,217.793,0
76,92,196.901,0
76,94,240.52,0
76,98,348.359,26.7913
77,3,159.006,13.5466
77,14,121.84,0
77,20,204.266,8.53788
77,24,114.978,0
77,28,257.503,9.04562
77,31,245.116,18.5985
77,33,270.845,22.9773
77,35,210.801,0
77,40,226.491,0
77,46,181.397,13.3653
77,47,241.173,12.8765
77,48,95.2432,6.65519
77,71,271.734,7.43461
77,75,349.738,29.1019
77,78,141.014,0
77,81,89.0225,0
77,90,77.666,0
77,96,194.745,7.21185
78,3,106.381,0
78,6,127.13,0
78,14,60.0167,0
78,20,302.043,19.8045
78,23,129.557,0
78,24,26.1725,0
78,28,233.074,7.14137
78,35,71.1196,0
78,38,176.105,0
78,40,123.454,0
78,45,251.788,0
78,46,147.299,0
78,47,153.388,0
78,48,237.03,17.2481
78,49,227.794,0
78,71,123,0
78,75,250.272,21.2944
78,77,141.014,0
78,81,52.345,0
78,90,82.6378,0
78,96,263.453,18.7929
79,9,478.417,10.3553
79,15,173.367,0
79,22,154.633,2.94506
79,25,203.691,0
79,29,162.985,0
79,36,111.072,0
79,39,103.87,0
79,42,175.642,0
79,43,147.201,0
79,53,158.928,0
79,57,182.003,0
79,59,371.248,5.64771
79,67,180.663,8.06807
79,95,229.268,0
80,0,183.175,0
80,1,17.72,0
80,7,24.1868,0
80,15,134.629,0
80,17,135.801,0
80,20,195.346,4.8551
80,25,232.863,0
80,29,127.063,0
80,31,151.954,0
80,33,149.452,0
80,36,195.923,0
80,39,264.467,6.78837
80,42,111.987,0
80,43,208.002,0
80,54,34.9285,0
80,57,148.918,2.13883
80,95,93.6002,0
80,96,281.949,18.3455
81,3,81.5414,0
81,6,174.866,0
81,14,51.4782,0
81,20,319.283,27.3748
81,23,181.893,0
81,24,26.1725,0
81,28,224.667,2.46631
81,33,288.299,15.1376
81,35,121.828,0
81,38,228.405,0
81,40,158.155,0
81,46,141.962,7.18736
81,47,167.869,0
81,48,183.89,15.0916
81,49,246.142,0
81,71,169,0
81,75,269.422,23.0154
81,77,89.0225,0
81,78,52.345,0
81,90,39.4588,0
81,96,206.4,5.34065
82,4,206.25,1.80804
82,11,67.6888,5.78537
82,12,218.505,9.49775
82,18,423.482,19.7929
82,19,230.347,5.3991
82,21,370.463,9.23421
82,50,313.758,1.47508
82,55,155.939,11.9026
82,56,323.126,5.55641
82,58,351.157,16.0002
82,61,394.303,13.5086
82,62,363.51,13.1621
82,63,333.539,0
82,68,382.424,15.7143
82,69,327.174,9.1092
82,70,316.655,2.56052
82,72,390.144,0
82,73,172.995,12.207
82,74,136.826,1.1788
82,85,390.086,27.4682
82,87,288.607,6.79278
82,88,294.807,24.6585
82,89,359.116,2.92594
82,97,157.92,10.4264
82,98,273.554,10.7609
83,5,154.35,0
83,8,159.032,4.66537
83,13,58.8558,0
83,16,223.394,0
83,26,95.901,0
83,32,147.33,0
83,37,90.1388,0
83,44,120.331,1.2926
83,51,268.482,20.7375
83,52,47.0106,0
83,60,139.187,1.94335
83,62,323.465,25.3166
83,64,125.801,0
83,66,108.904,0
83,76,117.414,0
83,84,163.918,0
83,86,196.493,14.4315
83,91,261.008,5.00265
83,92,79.6492,0
83,94,253.24,3.35645
84,5,62.6498,0
84,8,216.407,4.76104
84,9,282.264,22.6832
84,11,400.541,30.8577
84,13,173.185,0
84,16,117.924,0
84,18,134.015,10.3451
84,26,123.045,0
84,32,153.435,1.34505
84,37,78,0
84,44,93.3103,1.76597
84,50,241.74,13.2738
84,52,126.874,0
84,55,328.569,24.9978
84,56,169.355,10.4601
84,59,373.379,27.8057
84,60,239.474,7.72722
84,62,128.098,2.63637
84,64,122.16,3.12878
84,69,143.732,7.64041
84,76,109.513,3.97922
84,83,163.918,0
84,85,205.026,6.90876
84,92,229.157,0
84,98,229.528,19.4045
85,4,300.625,23.5861
85,5,168.268,11.8977
85,8,190.046,6.90543
85,11,339.408,25.4198
85,18,293.373,22.9668
85,21,169.331,13.5551
85,30,139.545,11.0971
85,32,138.307,4.7127
85,37,291.352,22.3802
85,44,214.167,18.3023
85,50,84.2359,1.90534
85,55,311.548,24.6592
85,56,142.72,11.4959
85,62,96.2601,0
85,64,181.354,14.2956
85,65,105.361,0
85,69,172.009,12.131
85,74,314.309,25.4614
85,76,201.751,16.7797
85,82,390.086,27.4682
85,84,205.026,6.90876
85,88,133.542,9.55475
85,91,277.612,18.2227
85,98,294.582,22.5754
86,13,144.474,6.03051
86,26,202.026,5.86421
86,37,243.867,7.97045
86,41,274.864,23.0649
86,45,304.957,25.9073
86,51,117.999,0.982749
86,52,228.151,17.7942
86,60,127.561,5.43493
86,66,222.006,13.8935
86,83,196.493,14.4315
86,92,119.508,9.89803
87,4,396.624,20.1029
87,11,328.782,17.8486
87,12,365.141,0
87,19,206.553,0
87,34,472.424,0
87,55,455.968,1.09078
87,58,346.75,16.0476
87,61,449.496,18.4964
87,63,70.6824,0
87,68,409.384,17.6025
87,70,57.0208,4.59627
87,72,202.781,0
87,73,252.507,0
87,74,360.019,12.932
87,82,288.607,6.79278
87,89,62.0967,0
87,97,217.807,0
88,4,194.637,10.5028
88,5,303.496,23.1752
88,11,351.756,14.3022
88,19,446.014,23.4338
88,21,34.5389,2.74119
88,30,210.716,17.0913
88,32,269.713,14.869
88,50,90.6784,3.26159
88,55,375.446,16.8522
88,56,185.45,10.6176
88,62,207.3,15.2317
88,64,314.879,23.9344
88,65,100.952,2.83524
88,69,255.264,20.8921
88,74,234.014,14.9292
88,82,294.807,24.6585
88,85,133.542,9.55475
88,98,378.072,23.2393
89,4,460.316,17.5634
89,11,391.946,18.4032
89,12,418.951,0
89,19,224.404,7.66351
89,34,489.637,0
89,58,380.311,16.9777
89,63,85.44,0
89,68,446.639,18.199
89,70,67.8823,4.63277
89,72,212.151,0
89,73,305.68,0
89,74,392.302,20.6289
89,82,359.116,2.92594
89,87,62.0967,0
89,97,273.642,0
90,3,49.8466,0.607106
90,6,211.85,9.51187
90,14,44.7772,0
90,20,291.858,19.6094
90,23,208.849,0
90,24,59.2284,0
90,28,275.234,9.35985
90,35,144.045,0
90,38,253.476,0
90,40,197.003,0
90,46,135.237,11.3236
90,47,207.575,0.526814
90,48,165.77,14.2088
90,71,203.213,9.17095
90,75,253.458,20.2565
90,77,77.666,0
90,78,82.6378,0
90,81,39.4588,0
90,96,235.909,6.94751
91,8,114.202,0
91,30,140.036,0
91,32,176.858,4.24584
91,44,233.324,2.06954
91,64,202.312,0
91,65,240.547,11.2973
91,66,258.215,12.7987
91,76,217.793,0
91,83,261.008,5.00265
91,85,277.612,18.2227
91,94,56.356,0
91,99,99.985,0
92,5,230.842,0
92,8,228.465,5.79745
92,13,60.1332,0
92,26,124.004,0
92,32,225.144,0
92,37,151.159,0
92,41,268.62,14.2158
92,44,197.99,0.70202
92,51,194.453,16.5108
92,52,102.46,0
92,60,102.767,4.51877
92,64,205.412,0
92,66,108.183,5.4621
92,76,196.901,0
92,83,79.6492,0
92,84,229.157,0
92,86,119.508,9.89803
93,2,17.0294,0
93,9,397.646,31.7307
93,10,26.6833,0
93,16,212.088,4.00763
93,25,212.285,0
93,26,261.899,13.6607
93,28,173.449,6.35219
93,40,215.449,12.6699
93,41,214.756,0
93,43,240.052,0
93,45,231.64,0
93,47,180.725,6.01814
93,49,92.3472,0
93,59,313.011,26.839
93,60,232.327,13.0431
93,96,261.666,5.66376
94,8,135.595,0
94,30,194.92,0
94,32,197.489,0
94,44,255.152,1.76302
94,64,227.108,0
94,66,245.6,17.4802
94,76,240.52,0
94,83,253.24,3.35645
94,91,56.356,0
94,99,160.006,13.7148
95,0,215.824,0
95,1,105.19,0
95,7,105.603,0
95,15,152.131,8.46423
95,17,164.757,0
95,20,248.251,4.83195
95,22,185.723,0
95,25,270.619,9.96855
95,29,73.5391,0
95,31,243.561,1.2749
95,33,241.087,4.95728
95,36,168.514,0
95,39,168.027,0
95,42,84.5813,0
95,43,202.148,0
95,53,177.792,0
95,54,92.1792,0
95,57,56.2228,0
95,67,200.262,0
95,79,229.268,0
95,80,93.6002,0
96,1,294.654,19.1826
96,7,302.728,19.3512
96,10,239.839,7.57805
96,14,257.687,5.36945
96,15,203.219,15.986
96,20,110,0
96,24,230.323,11.6289
96,25,109.764,9.37599
96,28,94.7856,2.09679
96,29,279.746,18.5055
96,31,250.432,21.4621
96,33,215.011,17.5668
96,36,223.874,16.0514
96,40,220.623,12.5873
96,42,252.468,18.0359
96,43,177.121,14.4604
96,47,133.048,2.76088
96,48,267.64,18.4365
96,49,168.701,2.29155
96,77,194.745,7.21185
96,78,263.453,18.7929
96,80,281.949,18.3455
96,81,206.4,5.34065
96,90,235.909,6.94751
96,93,261.666,5.66376
97,4,396.141,0
97,11,195.09,6.9383
97,12,148.054,0
97,18,480.047,5.2001
97,19,302.324,0
97,27,459.397,16.0656
97,34,329.827,14.2623
97,50,457.176,11.6618
97,55,263.059,0
97,56,454.159,0
97,58,223.128,1.00492
97,61,289.704,5.17524
97,62,493.737,8.80806
97,63,205.767,0
97,68,265.007,4.20449
97,69,438.985,0
97,70,262.332,6.05755
97,72,212.603,0
97,73,40.7922,0
97,74,325.318,0
97,82,157.92,10.4264
97,87,217.807,0
97,89,273.642,0
97,98,355.449,0
98,4,382.148,9.52022
98,5,262.026,21.041
98,9,350.564,0.990231
98,11,205.883,0
98,12,246.073,0
98,16,343.368,21.2965
98,18,177.227,1.05461
98,21,430.783,16.446
98,32,347.654,29.8228
98,37,306.534,25.0957
98,44,314.126,26.5362
98,50,246.306,13.0247
98,55,104.805,0
98,56,151.855,0
98,58,401.368,0
98,59,462.161,6.61744
98,61,332.316,3.43461
98,62,156.978,11.1819
98,64,346.122,28.1515
98,68,357.502,8.93428
98,69,99.2975,0
98,73,337.343,0
98,74,361.773,0
98,76,348.359,26.7913
98,82,273.554,10.7609
98,84,229.528,19.4045
98,85,294.582,22.5754
98,88,378.072,23.2393
98,97,355.449,0
99,8,213.843,0
99,30,196.451,0
99,65,256.201,1.9698
99,91,99.985,0
99,94,160.006,13.7148
