0,17,149.723,0
0,30,172.653,0
0,49,194.551,0
0,65,158.795,0
0,96,181.838,0
1,9,78.1601,0
1,13,164.551,0
1,14,95.3362,0
1,20,131.217,0
1,32,177.003,0
1,44,19.9249,0
1,54,135.359,0
1,72,203.246,0
1,85,116.97,0
1,95,176.706,0
1,98,162.641,0
2,3,142.047,9.26262
2,6,172.078,1.01792
2,9,204,0
2,10,117.614,0
2,11,209.61,17.9493
2,13,141.598,0
2,14,170.95,0
2,16,177.451,0
2,20,148.946,0
2,22,245.448,18.5188
2,29,46.0109,0
2,32,214.014,15.6427
2,34,190.563,5.28073
2,35,166.199,8.22274
2,36,67.2012,0
2,37,167.693,0
2,38,129.244,0
2,47,188.948,10.8319
2,50,159.429,13.5877
2,51,180.945,0
2,53,88.955,0
2,54,141.354,0
2,55,23.0868,0
2,56,116.363,9.5955
2,61,171.968,0
2,70,195.054,5.63485
2,71,181.856,11.1416
2,72,127.098,0
2,80,247.912,17.3612
2,81,104.12,0
2,85,137.058,0
2,89,88.4138,0
2,91,115.841,8.63477
2,92,15.5242,0
2,93,129.248,0
2,95,100.975,0
2,98,164.786,12.8542
3,2,142.047,9.26262
3,6,137.639,1.13686
3,10,225.667,15.468
3,11,76.922,0
3,14,219.008,8.66787
3,16,128.693,0
3,17,184.054,0
3,20,101.193,0
3,22,106.677,0
3,26,163.713,0
3,29,104.587,8.85917
3,32,78.8162,0
3,36,210.239,10.8135
3,37,221.053,8.05399
3,38,196.925,10.4058
3,43,101.415,0
3,49,145.496,0
3,50,18.2483,0
3,53,232.399,11.4249
3,54,216.245,10.2508
3,55,141.457,10.4721
3,56,31.7805,0
3,65,198.023,0
3,70,196.353,13.6868
3,80,88.0511,0
3,85,189.405,9.37347
3,88,132.548,0
3,89,210.592,14.5844
3,91,80.7829,6.20044
3,92,131.423,9.31879
3,95,218.645,16.1864
3,98,71.7208,1.0084
4,12,145.671,0
4,18,83.5464,0
4,24,182.508,0
4,28,69.7782,0
4,48,88.6002,0
4,57,157.029,0
4,67,194.641,0
4,69,119.202,0
4,73,68.0074,0
4,77,163.783,0
4,78,206.915,9.80401
4,82,165.496,0
4,83,171.231,0
4,84,201.646,0
4,86,168.388,11.5113
4,99,169.248,0
5,12,179.739,0
5,15,175.285,0
5,23,101.134,0
5,33,116.387,0
5,34,218.911,18.6171
5,41,72.0069,0
5,48,198.283,0
5,57,137.768,0
5,59,138.004,0
5,60,201.933,0
5,66,156.525,0
5,75,166.719,10.986
5,76,114.218,3.33136
5,77,130.188,0
5,79,159.455,0
5,84,85.2115,0
5,90,199.019,16.9982
5,94,105.688,0
6,2,172.078,1.01792
6,3,137.639,1.13686
6,8,163.007,10.1629
6,10,139.918,2.83319
6,11,65.0578,0.663267
6,16,26.1436,2.22274
6,17,158.727,8.06892
6,22,83.7809,1.45733
6,26,80.2045,6.2497
6,29,136.185,0.986418
6,30,188.628,15.1306
6,37,121.548,6.81164
6,38,107.574,3.61348
6,39,183.434,9.91399
6,43,194.431,1.1367
6,49,96.4128,5.02591
6,50,162.701,4.74544
6,51,155.506,8.19948
6,52,182.919,15.1446
6,55,150.457,1.03013
6,56,181.581,15.5694
6,61,155.11,6.77699
6,65,130.781,9.97242
6,70,55.6058,0
6,80,195.692,1.22268
6,81,198.679,1.36966
6,88,172.689,1.00373
6,89,150.602,1.38069
6,91,95.7393,3.24666
6,92,173.012,0.999792
6,96,232.088,17.4066
6,98,237.822,14.2567
7,12,147.027,0
7,18,144.281,0
7,21,178.059,0
7,28,163.077,0
7,45,86.093,0
7,48,203.443,0
7,59,165.342,0
7,64,101.356,0
7,67,62.2254,0
7,68,4,0
7,77,200.848,0
7,79,160.078,0
7,82,103.228,0
7,87,138.755,0
8,6,163.007,10.1629
8,10,108.06,0
8,11,196.698,0
8,16,193.09,14.0625
8,26,192.231,11.9346
8,30,173.404,0
8,37,52.6972,0
8,38,90.9175,0
8,39,28.6531,0
8,46,234.437,16.8902
8,51,45.0444,0
8,52,108.245,0
8,55,198.134,0
8,58,162.151,0
8,61,57.1402,0
8,63,90.5539,0
8,65,246.603,16.7242
8,70,120.363,3.31883
8,74,95.3664,1.91946
8,75,230.559,19.5297
8,81,170.144,0
8,89,141.014,0
8,91,193.417,1.91975
8,96,170.942,0
9,1,78.1601,0
9,2,204,0
9,13,91.7061,0
9,14,33.1059,0
9,20,139.46,0
9,32,197.618,0
9,36,205.183,0
9,44,85.1587,0
9,47,215.228,16.0973
9,54,68.6804,0
9,72,131.095,0
9,85,68.0074,0
9,92,193.745,0
9,93,187.305,2.64094
9,95,114.56,0
9,98,164.149,0
10,2,117.614,0
10,3,225.667,15.468
10,6,139.918,2.83319
10,8,108.06,0
10,11,162.607,0
10,16,151.327,0
10,22,202.41,0
10,26,226.982,16.9103
10,29,122.801,0
10,34,214.362,16.8882
10,35,199.964,9.24483
10,36,134.213,0
10,37,62.514,0
10,38,36.1248,0
10,39,102.859,0
10,50,231.481,14.9788
10,51,65.192,0
10,52,189.114,0
10,53,107.201,0
10,55,98.9949,0
10,56,195.801,14.2
10,61,55.0091,0
10,63,189.19,0
10,70,134.281,3.30476
10,71,212.614,12.0642
10,74,188.685,14.5927
10,75,280.355,14.6285
10,76,285.756,20.3383
10,81,69.857,0
10,89,32.9848,0
10,91,130.069,2.41908
10,92,130.3,0
10,93,201.002,0
11,2,209.61,17.9493
11,3,76.922,0
11,6,65.0578,0.663267
11,8,196.698,0
11,10,162.607,0
11,16,53,0
11,17,128.69,0
11,20,178.07,0
11,22,45.9674,0
11,26,86.885,0
11,29,166.282,12.957
11,30,166.904,0
11,32,147.054,0
11,37,155.541,0
11,38,136.015,0
11,43,130.782,0
11,49,78.2943,0
11,50,95.0789,0
11,51,185.777,0
11,52,265.49,22.609
11,55,172.987,13.8559
11,56,85.6453,1.91567
11,61,186.078,0
11,65,125.3,0
11,70,119.268,9.67969
11,80,130.085,0
11,88,121.696,0
11,89,163.783,0
11,91,93.4856,6.77308
11,92,205.716,17.6475
11,96,194.795,0
11,98,148.643,1.02472
12,4,145.671,0
12,5,179.739,0
12,7,147.027,0
12,18,90.2441,0
12,23,188.09,0
12,28,83.6481,0
12,41,178.709,0
12,45,80.1561,0
12,48,74.0405,0
12,57,117.618,0
12,59,76.0066,0
12,64,176.182,0
12,67,87.3212,0
12,68,144.917,0
12,73,128.082,0
12,77,56.4004,0
12,79,113.278,0
12,82,44.2832,0
12,84,101.533,0
12,90,204.788,0
12,94,127.389,0
13,1,164.551,0
13,2,141.598,0
13,9,91.7061,0
13,14,69.5845,0
13,19,271.004,22.0399
13,20,158.218,0
13,29,173.277,0
13,35,169.289,7.7746
13,36,121.202,0
13,44,175.208,0
13,47,136.23,10.4828
13,50,225.322,11.9199
13,53,163.049,0
13,54,32.7567,0
13,55,164.685,0
13,56,224.053,12.9436
13,62,270.369,21.1102
13,71,180.733,10.0983
13,72,39.3954,0
13,81,204.13,0
13,85,65,0
13,92,137.015,0
13,93,90.2497,0
13,95,41.0122,0
13,98,167.657,0
14,1,95.3362,0
14,2,170.95,0
14,3,219.008,8.66787
14,9,33.1059,0
14,13,69.5845,0
14,20,117.835,0
14,29,187.257,0
14,32,177.158,0
14,36,174.917,0
14,44,107.424,0
14,47,200.067,15.9731
14,50,203.773,9.40294
14,54,40.3113,0
14,55,192.315,0
14,56,233.051,16.3858
14,72,107.935,0
14,85,35.171,0
14,92,160.639,0
14,93,158.66,0
14,95,84.4038,0
14,98,138.842,0
15,5,175.285,0
15,19,170.751,0
15,23,88.955,0
15,24,218.392,9.26654
15,25,119.038,0
15,33,120.917,0
15,34,197.408,0
15,57,157.686,0
15,60,89.0056,0
15,62,175.103,0
15,66,87.3212,0
15,76,247.115,19.6123
15,78,166.854,1.50668
15,84,184.895,0
15,97,101.951,0
16,2,177.451,0
16,3,128.693,0
16,6,26.1436,2.22274
16,8,193.09,14.0625
16,10,151.327,0
16,11,53,0
16,17,122.09,0
16,22,62.3699,0
16,26,41.2311,0
16,29,146.608,3.83289
16,30,128.041,4.16099
16,32,199.985,0
16,37,149.696,10.0265
16,38,117.784,0
16,39,213.081,13.8229
16,43,176.955,0
16,49,66.3099,0
16,50,146.537,0
16,51,181.635,10.8573
16,52,212.206,14.865
16,55,156.78,0
16,56,161.624,12.5387
16,61,175.18,7.27523
16,65,91.4166,0
16,70,79.8618,3.09059
16,80,179.513,0
16,88,152.398,0
16,89,163.132,0
16,91,104.41,5.93442
16,92,176.822,0
16,96,182.313,13.8895
16,98,210.817,5.97625
17,0,149.723,0
17,3,184.054,0
17,6,158.727,8.06892
17,11,128.69,0
17,16,122.09,0
17,22,83.2346,0
17,26,100.13,0
17,30,128.996,0
17,43,156.924,0
17,49,56.0803,0
17,50,200.282,0
17,52,189.974,0
17,56,202.588,0
17,65,67.4166,0
17,70,193.535,14.4237
17,80,173.277,0
17,88,95.7549,0
17,91,221.01,14.1167
17,96,158.644,0
18,4,83.5464,0
18,7,144.281,0
18,12,90.2441,0
18,28,23.6008,0
18,45,129.958,0
18,48,84.2021,0
18,57,164.639,0
18,59,163.783,0
18,67,113.177,0
18,68,144.586,0
18,69,190.16,0
18,73,113.159,0
18,77,133.735,0
18,79,194.196,0
18,82,91.4385,0
18,84,180.036,0
19,13,271.004,22.0399
19,15,170.751,0
19,33,110.114,0
19,34,101.597,0
19,35,96.874,8.00296
19,36,160.824,5.58399
19,47,139.302,11.3653
19,53,192.288,15.517
19,62,11.1803,0
19,66,91.9837,0
19,71,83.0459,6.07371
19,72,233.309,16.2258
19,76,204.534,17.4423
19,81,225.623,16.8748
19,93,119.502,8.30114
19,95,209.087,11.378
19,97,91.8368,0
20,1,131.217,0
20,2,148.946,0
20,3,101.193,0
20,9,139.46,0
20,11,178.07,0
20,13,158.218,0
20,14,117.835,0
20,22,202.988,0
20,29,191.426,16.3801
20,32,59.3633,0
20,36,195.164,0
20,43,135.695,0
20,44,151.119,0
20,50,88.551,2.49622
20,54,128.888,0
20,55,173.054,6.13671
20,56,132.32,9.15446
20,72,181.177,0
20,80,113.741,0
20,85,96.1665,0
20,88,195.226,0
20,91,218.509,18.7377
20,92,133.462,0
20,95,137.233,0
20,98,31.7805,0
21,7,178.059,0
21,31,113.265,0
21,64,119.331,0
21,68,176.774,0
21,87,51.923,0
22,2,245.448,18.5188
22,3,106.677,0
22,6,83.7809,1.45733
22,10,202.41,0
22,11,45.9674,0
22,16,62.3699,0
22,17,83.2346,0
22,20,202.988,0
22,26,73.5527,0
22,29,186.18,13.5731
22,30,146.697,0
22,32,160.649,0
22,37,185.003,0
22,38,172.386,0
22,43,120.934,0
22,49,39,0
22,50,124.326,0
22,52,229.284,17.9023
22,55,224.961,16.9317
22,56,120.905,0
22,65,93.2148,0
22,70,145.179,12.3626
22,80,128.004,0
22,88,90.0278,0
22,91,138.304,11.5617
22,92,222.776,13.4786
22,96,177.178,0
22,98,173.142,0
23,5,101.134,0
23,12,188.09,0
23,15,88.955,0
23,25,148.718,0
23,33,117.038,0
23,34,251.899,20.3091
23,41,169.544,0
23,48,166.012,0
23,57,84.7585,0
23,59,187.182,0
23,60,101.514,0
23,66,121.852,0
23,69,191.084,0
23,73,172.351,0
23,76,178.796,7.03337
23,77,132.458,0
23,78,176.812,1.33884
23,84,96.1509,0
23,94,181.62,0
23,97,174.725,0
24,4,182.508,0
24,15,218.392,9.26654
24,25,97.4838,6.72714
24,48,196.064,0
24,57,194.699,6.65137
24,60,136.983,9.28616
24,69,64.56,0
24,73,145.582,0
24,78,56.267,4.13835
24,83,13.8924,0
24,86,50.6063,0
24,99,111.005,0
25,15,119.038,0
25,23,148.718,0
25,24,97.4838,6.72714
25,48,202.408,0
25,57,154.003,0
25,60,47.4131,0
25,66,206.313,0
25,69,123.31,5.12628
25,73,165.584,0
25,78,52.6885,1.42681
25,83,114.007,8.37006
25,86,146.621,9.77474
25,97,206.087,0
25,99,211.234,8.96281
26,3,163.713,0
26,6,80.2045,6.2497
26,8,192.231,11.9346
26,10,226.982,16.9103
26,11,86.885,0
26,16,41.2311,0
26,17,100.13,0
26,22,73.5527,0
26,29,190.872,5.26301
26,30,80.0625,0
26,37,184.497,14.6009
26,38,191.332,15.5407
26,39,219.488,12.6924
26,43,194.456,0
26,49,52.8867,0
26,50,181.915,0
26,51,214.266,15.6403
26,52,153.882,13.1641
26,55,209.398,5.553
26,56,185.215,8.42241
26,61,219.981,15.7492
26,65,53.0754,0
26,70,92.4358,6.63843
26,80,201.159,0
26,88,156.541,0
26,89,238.892,16.1765
26,91,152.441,8.88784
26,96,108.157,0
27,31,133.54,0
27,39,242.71,19.107
27,40,14.8661,0
27,41,240.828,19.3774
27,42,107.006,6.27754
27,46,16.1555,0
27,63,168.748,13.9437
27,74,180.914,15.4535
27,75,183.696,9.27474
27,79,188.175,0
27,90,115.741,0
27,94,190.394,0
28,4,69.7782,0
28,7,163.077,0
28,12,83.6481,0
28,18,23.6008,0
28,45,137.557,0
28,48,61.9112,0
28,57,143.126,0
28,59,159.512,0
28,67,125.228,0
28,68,163.003,0
28,69,168.689,0
28,73,90.0777,0
28,77,119.105,0
28,79,193.982,0
28,82,96.2601,0
28,84,164.195,0
28,86,198.163,0.497872
29,2,46.0109,0
29,3,104.587,8.85917
29,6,136.185,0.986418
29,10,122.801,0
29,11,166.282,12.957
29,13,173.277,0
29,14,187.257,0
29,16,146.608,3.83289
29,20,191.426,16.3801
29,22,186.18,13.5731
29,26,190.872,5.26301
29,32,204.306,17.4836
29,35,212.173,8.72331
29,36,113.071,0
29,37,158.051,0
29,38,121.017,0
29,43,204.962,11.3318
29,49,248.583,20.9675
29,50,100.008,7.89808
29,51,178.241,0
29,53,129.692,0
29,54,165.366,0
29,55,36.8782,0
29,56,72.8106,5.34892
29,61,171.703,0
29,70,169.832,7.96617
29,71,226.789,11.511
29,72,166.087,0
29,80,189.41,10.6622
29,81,134.015,0
29,85,152.086,0
29,88,236.142,13.6799
29,89,102.489,0
29,91,77.316,6.0695
29,92,39.8246,0
29,93,174.201,0
29,95,132.518,0
29,98,158.573,13.3028
30,0,172.653,0
30,6,188.628,15.1306
30,8,173.404,0
30,11,166.904,0
30,16,128.041,4.16099
30,17,128.996,0
30,22,146.697,0
30,26,80.0625,0
30,37,206.919,12.0024
30,38,237.834,16.341
30,39,202.054,0
30,49,112.894,0
30,51,201.316,0
30,52,72.1803,0
30,58,161.474,0
30,65,63.2535,0
30,70,180.993,12.8374
30,96,31.241,0
31,21,113.265,0
31,27,133.54,0
31,40,133.522,0
31,42,153.647,10.1442
31,46,149.693,0
31,64,121.017,0
31,79,181.541,0
31,87,98.7168,0
31,90,183.883,0
32,1,177.003,0
32,2,214.014,15.6427
32,3,78.8162,0
32,9,197.618,0
32,11,147.054,0
32,14,177.158,0
32,16,199.985,0
32,20,59.3633,0
32,22,160.649,0
32,29,204.306,17.4836
32,43,76.4788,0
32,44,196.125,0
32,49,197.952,0
32,50,67.1193,0
32,54,186.762,0
32,55,232.657,19.1766
32,56,102.694,0
32,80,54.5619,0
32,85,154.674,0
32,88,137.786,0
32,91,161.183,8.16756
32,92,196.141,14.4408
32,95,188.905,0
32,98,49.6588,0
33,5,116.387,0
33,15,120.917,0
33,19,110.114,0
33,23,117.038,0
33,34,102.999,8.15349
33,35,147.306,9.38641
33,36,216.518,8.67524
33,41,177.192,0
33,47,260.331,22.0295
33,53,187.765,7.64319
33,57,198.58,0
33,60,194.538,0
33,62,120.416,0
33,66,51.2445,0
33,71,131.578,6.18957
33,75,314.711,22.1571
33,76,130.066,6.96784
33,81,271.338,22.3362
33,84,180.247,0
33,93,206.552,10.616
33,97,123.406,0
34,2,190.563,5.28073
34,5,218.911,18.6171
34,10,214.362,16.8882
34,15,197.408,0
34,19,101.597,0
34,23,251.899,20.3091
34,33,102.999,8.15349
34,35,91.3124,7.81228
34,36,128.004,3.29763
34,38,250.849,18.1673
34,41,292.819,24.6054
34,47,214.143,18.2832
34,53,102.283,5.01456
34,55,195.459,5.47105
34,61,327.76,22.0187
34,62,112.147,0
34,66,113.864,0
34,71,81.0762,6.82679
34,72,217.154,16.0817
34,75,294.462,16.0918
34,76,108.445,2.89524
34,81,136.333,11.4646
34,89,185.743,13.7507
34,92,203.365,4.81654
34,93,169.211,14.3028
34,95,222.768,10.6136
34,97,166.769,0
35,2,166.199,8.22274
35,10,199.964,9.24483
35,13,169.289,7.7746
35,19,96.874,8.00296
35,29,212.173,8.72331
35,33,147.306,9.38641
35,34,91.3124,7.81228
35,36,98.677,7.02896
35,47,127.147,10.6912
35,53,95.505,7.48816
35,54,195.832,7.63013
35,55,178.563,8.52104
35,62,105.06,8.65513
35,66,158.114,9.26621
35,71,15.2315,0
35,72,129.924,7.42672
35,76,205.753,12.6407
35,81,132.474,8.97366
35,85,217.905,7.48774
35,89,172.545,8.95644
35,92,176.452,8.01465
35,93,80.0771,6.44006
35,95,156.929,7.16726
35,97,184.458,9.69737
36,2,67.2012,0
36,3,210.239,10.8135
36,9,205.183,0
36,10,134.213,0
36,13,121.202,0
36,14,174.917,0
36,19,160.824,5.58399
36,20,195.164,0
36,29,113.071,0
36,33,216.518,8.67524
36,34,128.004,3.29763
36,35,98.677,7.02896
36,37,195.256,0
36,38,160.112,0
36,47,125.976,7.59078
36,50,227.908,17.5474
36,51,198.285,0
36,53,43.4166,0
36,54,136.517,0
36,55,81.6884,0
36,56,183.029,11.5193
36,61,187.011,0
36,62,168.658,7.3898
36,71,114.103,9.16098
36,72,90.4765,0
36,76,194.974,10.8837
36,81,82.9277,0
36,85,148.003,0
36,89,101.494,0
36,91,176.768,8.31536
36,92,77.8267,0
36,93,70.0928,0
36,95,90.6863,0
36,98,183.208,0
37,2,167.693,0
37,3,221.053,8.05399
37,6,121.548,6.81164
37,8,52.6972,0
37,10,62.514,0
37,11,155.541,0
37,16,149.696,10.0265
37,22,185.003,0
37,26,184.497,14.6009
37,29,158.051,0
37,30,206.919,12.0024
37,36,195.256,0
37,38,38.4838,0
37,39,61.7738,0
37,49,233.781,17.1176
37,51,31.0161,0
37,52,128.156,0
37,53,169.706,0
37,55,145.836,0
37,56,225.7,16.5807
37,61,35.4683,0
37,63,142.341,0
37,65,233.657,16.0931
37,70,94.6422,3.37012
37,74,143.032,7.61707
37,75,259.336,20.9276
37,81,131.042,0
37,89,94,0
37,91,144.606,2.32699
37,92,177.544,0
37,96,185.003,0
38,2,129.244,0
38,3,196.925,10.4058
38,6,107.574,3.61348
38,8,90.9175,0
38,10,36.1248,0
38,11,136.015,0
38,16,117.784,0
38,22,172.386,0
38,26,191.332,15.5407
38,29,121.017,0
38,30,237.834,16.341
38,34,250.849,18.1673
38,36,160.112,0
38,37,38.4838,0
38,39,95.5249,0
38,49,184.092,0
38,50,226.027,16.3174
38,51,58.0086,0
38,52,156.732,0
38,53,138.885,0
38,55,107.355,0
38,56,192.389,15.4235
38,61,53.7122,0
38,63,179.449,0
38,65,241.615,16.7506
38,70,98.0976,3.15198
38,74,164.698,5.22563
38,75,291.004,21.5749
38,81,104.809,0
38,89,61.131,0
38,91,113.207,2.08998
38,92,139.086,0
39,6,183.434,9.91399
39,8,28.6531,0
39,10,102.859,0
39,16,213.081,13.8229
39,26,219.488,12.6924
39,27,242.71,19.107
39,30,202.054,0
39,37,61.7738,0
39,38,95.5249,0
39,40,252.446,20.6693
39,46,226.913,18.4719
39,51,38.6005,0
39,52,136.235,0
39,53,234.648,14.2415
39,55,199.249,0
39,58,178.885,0
39,61,47.8539,0
39,63,86.3539,0
39,70,144.035,3.32196
39,74,88.3629,7.36357
39,75,202.005,15.6404
39,81,207.367,17.0999
39,89,135.248,0
39,90,304.757,25.6257
39,91,206.144,2.31372
39,96,199.123,0
40,27,14.8661,0
40,31,133.522,0
40,39,252.446,20.6693
40,41,255.675,20.0053
40,42,92.2718,5.76056
40,46,22.3607,0
40,63,167.683,14.0797
40,74,233.552,14.0114
40,75,183.385,4.45995
40,79,201.527,0
40,90,130.602,0
40,94,205.039,0
41,5,72.0069,0
41,12,178.709,0
41,23,169.544,0
41,27,240.828,19.3774
41,33,177.192,0
41,34,292.819,24.6054
41,40,255.675,20.0053
41,45,187.515,0
41,46,234.615,18.4345
41,57,183.371,0
41,59,112.446,0
41,74,268.554,21.0043
41,75,151.156,12.2836
41,76,183.787,15.1113
41,77,146.24,0
41,79,113.177,0
41,82,195.208,0
41,84,116.103,0
41,90,127.012,6.49368
41,94,60.4401,0
42,27,107.006,6.27754
42,31,153.647,10.1442
42,40,92.2718,5.76056
42,46,122.602,8.91755
42,58,245.049,17.1875
42,63,262.848,19.8908
42,74,361.404,16.9268
42,90,221.248,7.47609
43,3,101.415,0
43,6,194.431,1.1367
43,11,130.782,0
43,16,176.955,0
43,17,156.924,0
43,20,135.695,0
43,22,120.934,0
43,26,194.456,0
43,29,204.962,11.3318
43,32,76.4788,0
43,49,150.659,0
43,50,104,0
43,56,133.195,0
43,65,203.421,0
43,80,21.9545,0
43,88,65.0077,0
43,91,170.171,6.37821
43,98,119.67,0
44,1,19.9249,0
44,9,85.1587,0
44,13,175.208,0
44,14,107.424,0
44,20,151.119,0
44,32,196.125,0
44,54,147.733,0
44,85,132.412,0
44,95,190.767,0
44,98,182.562,0
45,7,86.093,0
45,12,80.1561,0
45,18,129.958,0
45,28,137.557,0
45,41,187.515,0
45,48,151.845,0
45,57,193.879,0
45,59,79.2591,0
45,64,96.8762,0
45,67,30,0
45,68,82.6801,0
45,73,204.841,0
45,77,124.483,0
45,79,81.0987,0
45,82,42.3792,0
45,84,158.6,0
45,87,162.003,0
45,90,183.448,0
45,94,127.094,0
46,8,234.437,16.8902
46,27,16.1555,0
46,31,149.693,0
46,39,226.913,18.4719
46,40,22.3607,0
46,41,234.615,18.4345
46,42,122.602,8.91755
46,63,151.217,12.728
46,74,176.6,14.3924
46,75,160.245,3.93415
46,79,195.533,0
46,90,115.832,0
46,94,193.342,0
47,2,188.948,10.8319
47,9,215.228,16.0973
47,13,136.23,10.4828
47,14,200.067,15.9731
47,19,139.302,11.3653
47,33,260.331,22.0295
47,34,214.143,18.2832
47,35,127.147,10.6912
47,36,125.976,7.59078
47,53,152.964,8.19448
47,54,169.872,14.5535
47,55,207.171,10.3781
47,62,134.145,10.6161
47,66,235.212,18.7063
47,71,133.702,10.9496
47,72,97.6158,4.33848
47,76,314.622,25.513
47,81,195.284,8.16982
47,85,200.095,16.7818
47,92,196.468,12.1167
47,93,55.0761,4.70387
47,95,139.135,11.9359
47,97,227.609,18.7483
48,4,88.6002,0
48,5,198.283,0
48,7,203.443,0
48,12,74.0405,0
48,18,84.2021,0
48,23,166.012,0
48,24,196.064,0
48,25,202.408,0
48,28,61.9112,0
48,45,151.845,0
48,57,81.4371,0
48,59,140.602,0
48,60,175.285,0
48,67,151.648,0
48,68,202.339,0
48,69,135.96,0
48,73,54.0833,0
48,77,75.6637,0
48,78,207.128,10.8756
48,79,182.85,0
48,82,111.018,0
48,83,189.763,0
48,84,113.565,0
48,86,171.026,0
48,94,182.981,0
49,0,194.551,0
49,3,145.496,0
49,6,96.4128,5.02591
49,11,78.2943,0
49,16,66.3099,0
49,17,56.0803,0
49,22,39,0
49,26,52.8867,0
49,29,248.583,20.9675
49,30,112.894,0
49,32,197.952,0
49,37,233.781,17.1176
49,38,184.092,0
49,43,150.659,0
49,50,163.248,0
49,52,188.308,12.5539
49,56,159.004,0.516204
49,65,55.0818,0
49,70,141.818,12.114
49,80,161.059,0
49,88,105.394,0
49,91,168.713,12.6535
49,96,144.031,0
50,2,159.429,13.5877
50,3,18.2483,0
50,6,162.701,4.74544
50,10,231.481,14.9788
50,11,95.0789,0
50,13,225.322,11.9199
50,14,203.773,9.40294
50,16,146.537,0
50,17,200.282,0
50,20,88.551,2.49622
50,22,124.326,0
50,26,181.915,0
50,29,100.008,7.89808
50,32,67.1193,0
50,36,227.908,17.5474
50,38,226.027,16.3174
50,43,104,0
50,49,163.248,0
50,53,245.484,16.3656
50,54,211.726,13.9113
50,55,136.256,8.89391
50,56,35.7351,0
50,70,218.053,15.4716
50,72,237.375,13.4494
50,80,87.5557,0
50,85,172.855,9.30493
50,88,142.948,0
50,89,204.094,10.8895
50,91,107.974,9.26246
50,92,149.411,12.7377
50,95,191.604,11.8536
50,98,59.9618,3.52085
51,2,180.945,0
51,6,155.506,8.19948
51,8,45.0444,0
51,10,65.192,0
51,11,185.777,0
51,16,181.635,10.8573
51,26,214.266,15.6403
51,29,178.241,0
51,30,201.316,0
51,36,198.285,0
51,37,31.0161,0
51,38,58.0086,0
51,39,38.6005,0
51,52,143.951,0
51,53,167.147,0
51,55,160.655,0
51,56,249.634,17.0257
51,61,12.1655,0
51,63,124.68,0
51,70,124.596,3.38273
51,74,103.965,3.49229
51,75,228.633,15.5558
51,76,362.789,14.674
51,81,125.1,0
51,89,98.0306,0
51,91,170.461,2.19633
51,92,192.52,0
51,96,204.353,0
52,6,182.919,15.1446
52,8,108.245,0
52,10,189.114,0
52,11,265.49,22.609
52,16,212.206,14.865
52,17,189.974,0
52,22,229.284,17.9023
52,26,153.882,13.1641
52,30,72.1803,0
52,37,128.156,0
52,38,156.732,0
52,39,136.235,0
52,49,188.308,12.5539
52,51,143.951,0
52,58,113.701,0
52,61,155.081,0
52,63,145.496,0
52,65,123,0
52,70,111.691,6.30051
52,74,192.074,1.63599
52,96,63.0079,0
53,2,88.955,0
53,3,232.399,11.4249
53,10,107.201,0
53,13,163.049,0
53,19,192.288,15.517
53,29,129.692,0
53,33,187.765,7.64319
53,34,102.283,5.01456
53,35,95.505,7.48816
53,36,43.4166,0
53,37,169.706,0
53,38,138.885,0
53,39,234.648,14.2415
53,47,152.964,8.19448
53,50,245.484,16.3656
53,51,167.147,0
53,54,179.805,0
53,55,93.2309,0
53,56,202.955,11.8873
53,61,155.261,0
53,62,199.357,15.9493
53,66,198.04,0
53,71,108.389,9.06451
53,72,129.495,0
53,75,306.261,23.7753
53,76,180.633,15.3898
53,81,43.6807,0
53,85,191.128,0
53,89,77.7946,0
53,91,177.132,5.00573
53,92,103.392,0
53,93,96.5091,0
53,95,134.063,0
54,1,135.359,0
54,2,141.354,0
54,3,216.245,10.2508
54,9,68.6804,0
54,13,32.7567,0
54,14,40.3113,0
54,20,128.888,0
54,29,165.366,0
54,32,186.762,0
54,35,195.832,7.63013
54,36,136.517,0
54,44,147.733,0
54,47,169.872,14.5535
54,50,211.726,13.9113
54,53,179.805,0
54,55,163.884,0
54,56,215.736,14.8457
54,62,301.924,25.5168
54,71,207.73,10.0553
54,72,68.593,0
54,85,33.2866,0
54,92,133.417,0
54,93,118.878,0
54,95,46.0109,0
54,98,141.824,0
55,2,23.0868,0
55,3,141.457,10.4721
55,6,150.457,1.03013
55,8,198.134,0
55,10,98.9949,0
55,11,172.987,13.8559
55,13,164.685,0
55,14,192.315,0
55,16,156.78,0
55,20,173.054,6.13671
55,22,224.961,16.9317
55,26,209.398,5.553
55,29,36.8782,0
55,32,232.657,19.1766
55,34,195.459,5.47105
55,35,178.563,8.52104
55,36,81.6884,0
55,37,145.836,0
55,38,107.355,0
55,39,199.249,0
55,47,207.171,10.3781
55,50,136.256,8.89391
55,51,160.655,0
55,53,93.2309,0
55,54,163.884,0
55,56,109.675,9.16734
55,61,152.269,0
55,70,172.485,5.59534
55,71,194.655,11.7029
55,72,149.482,0
55,80,225.197,10.6567
55,81,98.1835,0
55,85,157.943,0
55,89,72.7186,0
55,91,94.7523,6.97941
55,92,31.9061,0
55,93,148.061,0
55,95,124.036,0
55,98,184.957,15.6179
56,2,116.363,9.5955
56,3,31.7805,0
56,6,181.581,15.5694
56,10,195.801,14.2
56,11,85.6453,1.91567
56,13,224.053,12.9436
56,14,233.051,16.3858
56,16,161.624,12.5387
56,17,202.588,0
56,20,132.32,9.15446
56,22,120.905,0
56,26,185.215,8.42241
56,29,72.8106,5.34892
56,32,102.694,0
56,36,183.029,11.5193
56,37,225.7,16.5807
56,38,192.389,15.4235
56,43,133.195,0
56,49,159.004,0.516204
56,50,35.7351,0
56,51,249.634,17.0257
56,53,202.955,11.8873
56,54,215.736,14.8457
56,55,109.675,9.16734
56,61,244.775,16.8439
56,70,234.148,19.0279
56,72,224.746,12.8338
56,80,119.419,0
56,81,205.465,11.4782
56,85,198.1,15.1542
56,88,161.236,0
56,89,172.688,11.6526
56,91,87.5809,0.599634
56,92,106.915,9.129
56,95,181.202,10.9352
56,98,106.74,9.06857
57,4,157.029,0
57,5,137.768,0
57,12,117.618,0
57,15,157.686,0
57,18,164.639,0
57,23,84.7585,0
57,24,194.699,6.65137
57,25,154.003,0
57,28,143.126,0
57,33,198.58,0
57,41,183.371,0
57,45,193.879,0
57,48,81.4371,0
57,59,146.414,0
57,60,114.337,0
57,66,206.495,0
57,67,204.863,0
57,69,139.316,0
57,73,93.5575,0
57,77,71.4493,0
57,78,157.899,2.04764
57,79,190.394,0
57,82,161.892,0
57,83,179.739,0
57,84,68.7968,0
57,86,176.98,0
57,94,166.235,0
58,8,162.151,0
58,30,161.474,0
58,39,178.885,0
58,42,245.049,17.1875
58,52,113.701,0
58,63,123.81,0
58,74,199.687,1.70084
58,96,133.154,0
59,5,138.004,0
59,7,165.342,0
59,12,76.0066,0
59,18,163.783,0
59,23,187.182,0
59,28,159.512,0
59,41,112.446,0
59,45,79.2591,0
59,48,140.602,0
59,57,146.414,0
59,64,146.154,0
59,67,106.405,0
59,68,161.895,0
59,73,192.816,0
59,77,77.3692,0
59,79,44.643,0
59,82,83.006,0
59,84,91.7606,0
59,90,128.891,0
59,94,54.4518,0
60,5,201.933,0
60,15,89.0056,0
60,23,101.514,0
60,24,136.983,9.28616
60,25,47.4131,0
60,33,194.538,0
60,48,175.285,0
60,57,114.337,0
60,66,172.792,0
60,69,120.599,0
60,73,149.164,0
60,77,185.607,0
60,78,82.0473,1.59285
60,83,145.353,9.4877
60,84,170.575,0
60,86,152.346,4.25235
60,97,187.489,0
61,2,171.968,0
61,6,155.11,6.77699
61,8,57.1402,0
61,10,55.0091,0
61,11,186.078,0
61,16,175.18,7.27523
61,26,219.981,15.7492
61,29,171.703,0
61,34,327.76,22.0187
61,36,187.011,0
61,37,35.4683,0
61,38,53.7122,0
61,39,47.8539,0
61,51,12.1655,0
61,52,155.081,0
61,53,155.261,0
61,55,152.269,0
61,56,244.775,16.8439
61,63,134.183,0
61,70,130.107,3.47883
61,74,114.77,6.34533
61,75,226.817,14.1147
61,76,351.252,11.2861
61,81,113.04,0
61,89,87.4643,0
61,91,166.925,2.12345
61,92,184.011,0
62,13,270.369,21.1102
62,15,175.103,0
62,19,11.1803,0
62,33,120.416,0
62,34,112.147,0
62,35,105.06,8.65513
62,36,168.658,7.3898
62,47,134.145,10.6161
62,53,199.357,15.9493
62,54,301.924,25.5168
62,66,99.3277,0
62,71,91.2759,6.59863
62,72,227.753,15.7896
62,76,214.731,18.034
62,81,234.801,17.4702
62,93,118.562,8.25376
62,95,230.045,18.0508
62,97,90.824,0
63,8,90.5539,0
63,10,189.19,0
63,27,168.748,13.9437
63,37,142.341,0
63,38,179.449,0
63,39,86.3539,0
63,40,167.683,14.0797
63,42,262.848,19.8908
63,46,151.217,12.728
63,51,124.68,0
63,52,145.496,0
63,58,123.81,0
63,61,134.183,0
63,70,203.496,4.17957
63,74,78.5778,2.00237
63,75,239.259,19.5017
63,90,246.199,19.7572
63,96,202.032,0
64,7,101.356,0
64,12,176.182,0
64,21,119.331,0
64,31,121.017,0
64,45,96.8762,0
64,59,146.154,0
64,67,105.19,0
64,68,97.9439,0
64,79,114.403,0
64,82,138.654,0
64,87,67.4685,0
64,90,184.092,0
64,94,168.772,0
65,0,158.795,0
65,3,198.023,0
65,6,130.781,9.97242
65,8,246.603,16.7242
65,11,125.3,0
65,16,91.4166,0
65,17,67.4166,0
65,22,93.2148,0
65,26,53.0754,0
65,30,63.2535,0
65,37,233.657,16.0931
65,38,241.615,16.7506
65,43,203.421,0
65,49,55.0818,0
65,52,123,0
65,70,146.489,12.3858
65,88,151.427,0
65,91,206.812,12.2623
65,96,94.1116,0
66,5,156.525,0
66,15,87.3212,0
66,19,91.9837,0
66,23,121.852,0
66,25,206.313,0
66,33,51.2445,0
66,34,113.864,0
66,35,158.114,9.26621
66,47,235.212,18.7063
66,53,198.04,0
66,57,206.495,0
66,60,172.792,0
66,62,99.3277,0
66,71,143.123,6.52129
66,76,178.243,15.2587
66,84,204.893,0
66,93,183.461,0
66,97,73.5459,0
67,4,194.641,0
67,7,62.2254,0
67,12,87.3212,0
67,18,113.177,0
67,28,125.228,0
67,45,30,0
67,48,151.648,0
67,57,204.863,0
67,59,106.405,0
67,64,105.19,0
67,68,59.4643,0
67,73,202.04,0
67,77,139.27,0
67,79,111.072,0
67,82,43.0813,0
67,84,178.197,0
67,87,164.575,0
67,94,156.311,0
68,7,4,0
68,12,144.917,0
68,18,144.586,0
68,21,176.774,0
68,28,163.003,0
68,45,82.6801,0
68,48,202.339,0
68,59,161.895,0
68,64,97.9439,0
68,67,59.4643,0
68,77,198.404,0
68,79,156.208,0
68,82,100.955,0
68,87,136.693,0
69,4,119.202,0
69,18,190.16,0
69,23,191.084,0
69,24,64.56,0
69,25,123.31,5.12628
69,28,168.689,0
69,48,135.96,0
69,57,139.316,0
69,60,120.599,0
69,73,83.1505,0
69,77,192.774,0
69,78,90.5259,7.61381
69,83,55.3263,0
69,86,38.0132,0
69,99,112.33,0
70,2,195.054,5.63485
70,3,196.353,13.6868
70,6,55.6058,0
70,8,120.363,3.31883
70,10,134.281,3.30476
70,11,119.268,9.67969
70,16,79.8618,3.09059
70,17,193.535,14.4237
70,22,145.179,12.3626
70,26,92.4358,6.63843
70,29,169.832,7.96617
70,30,180.993,12.8374
70,37,94.6422,3.37012
70,38,98.0976,3.15198
70,39,144.035,3.32196
70,49,141.818,12.114
70,50,218.053,15.4716
70,51,124.596,3.38273
70,52,111.691,6.30051
70,55,172.485,5.59534
70,56,234.148,19.0279
70,61,130.107,3.47883
70,63,203.496,4.17957
70,65,146.489,12.3858
70,74,231.227,12.0808
70,81,200.164,3.06365
70,88,234.872,15.6581
70,89,154.007,3.45757
70,91,134.173,9.41406
70,92,201.046,6.89676
70,96,199.948,16.0154
71,2,181.856,11.1416
71,10,212.614,12.0642
71,13,180.733,10.0983
71,19,83.0459,6.07371
71,29,226.789,11.511
71,33,131.578,6.18957
71,34,81.0762,6.82679
71,35,15.2315,0
71,36,114.103,9.16098
71,47,133.702,10.9496
71,53,108.389,9.06451
71,54,207.73,10.0553
71,55,194.655,11.7029
71,62,91.2759,6.59863
71,66,143.123,6.52129
71,72,141.271,9.46817
71,76,183.703,14.4547
71,81,144.762,11.1199
71,89,185.161,11.4193
71,92,191.91,10.9509
71,93,89.6735,7.52956
71,95,170.425,9.77005
71,97,170.11,6.85947
72,1,203.246,0
72,2,127.098,0
72,9,131.095,0
72,13,39.3954,0
72,14,107.935,0
72,19,233.309,16.2258
72,20,181.177,0
72,29,166.087,0
72,34,217.154,16.0817
72,35,129.924,7.42672
72,36,90.4765,0
72,47,97.6158,4.33848
72,50,237.375,13.4494
72,53,129.495,0
72,54,68.593,0
72,55,149.482,0
72,56,224.746,12.8338
72,62,227.753,15.7896
72,71,141.271,9.46817
72,81,172.177,0
72,85,96.421,0
72,89,190.465,0
72,92,126.827,0
72,93,50.9215,0
72,95,44.6542,0
72,98,184.491,0
73,4,68.0074,0
73,12,128.082,0
73,18,113.159,0
73,23,172.351,0
73,24,145.582,0
73,25,165.584,0
73,28,90.0777,0
73,45,204.841,0
73,48,54.0833,0
73,57,93.5575,0
73,59,192.816,0
73,60,149.164,0
73,67,202.04,0
73,69,83.1505,0
73,77,121.655,0
73,78,159.542,9.64017
73,82,163.23,0
73,83,138.004,0
73,84,149.218,0
73,86,117.154,0
73,99,197.52,9.50313
74,8,95.3664,1.91946
74,10,188.685,14.5927
74,27,180.914,15.4535
74,37,143.032,7.61707
74,38,164.698,5.22563
74,39,88.3629,7.36357
74,40,233.552,14.0114
74,41,268.554,21.0043
74,42,361.404,16.9268
74,46,176.6,14.3924
74,51,103.965,3.49229
74,52,192.074,1.63599
74,58,199.687,1.70084
74,61,114.77,6.34533
74,63,78.5778,2.00237
74,70,231.227,12.0808
74,75,159.3,3.26073
74,76,392.296,0
74,81,335.678,12.2935
74,89,281.708,21.361
74,90,221.422,17.2318
75,5,166.719,10.986
75,8,230.559,19.5297
75,10,280.355,14.6285
75,27,183.696,9.27474
75,33,314.711,22.1571
75,34,294.462,16.0918
75,37,259.336,20.9276
75,38,291.004,21.5749
75,39,202.005,15.6404
75,40,183.385,4.45995
75,41,151.156,12.2836
75,46,160.245,3.93415
75,51,228.633,15.5558
75,53,306.261,23.7753
75,61,226.817,14.1147
75,63,239.259,19.5017
75,74,159.3,3.26073
75,76,238.785,3.75218
75,79,230.604,14.4432
75,81,275.13,15.3771
75,89,297.938,18.5405
75,90,121.795,7.9639
75,94,190.694,14.302
76,5,114.218,3.33136
76,10,285.756,20.3383
76,15,247.115,19.6123
76,19,204.534,17.4423
76,23,178.796,7.03337
76,33,130.066,6.96784
76,34,108.445,2.89524
76,35,205.753,12.6407
76,36,194.974,10.8837
76,41,183.787,15.1113
76,47,314.622,25.513
76,51,362.789,14.674
76,53,180.633,15.3898
76,61,351.252,11.2861
76,62,214.731,18.034
76,66,178.243,15.2587
76,71,183.703,14.4547
76,74,392.296,0
76,75,238.785,3.75218
76,81,139.506,7.15547
76,84,197.613,3.38154
76,89,187.824,8.9977
76,90,343.044,17.5541
76,93,287.826,22.1571
76,94,206.695,5.13715
76,97,244.329,19.0249
77,4,163.783,0
77,5,130.188,0
77,7,200.848,0
77,12,56.4004,0
77,18,133.735,0
77,23,132.458,0
77,28,119.105,0
77,41,146.24,0
77,45,124.483,0
77,48,75.6637,0
77,57,71.4493,0
77,59,77.3692,0
77,60,185.607,0
77,67,139.27,0
77,68,198.404,0
77,69,192.774,0
77,73,121.655,0
77,79,122.004,0
77,82,97.8366,0
77,84,46.8402,0
77,90,190.245,0
77,94,109.786,0
78,4,206.915,9.80401
78,15,166.854,1.50668
78,23,176.812,1.33884
78,24,56.267,4.13835
78,25,52.6885,1.42681
78,48,207.128,10.8756
78,57,157.899,2.04764
78,60,82.0473,1.59285
78,69,90.5259,7.61381
78,73,159.542,9.64017
78,83,64.3651,5.46474
78,86,94.0308,7.55758
78,99,164.164,9.01107
79,5,159.455,0
79,7,160.078,0
79,12,113.278,0
79,18,194.196,0
79,27,188.175,0
79,28,193.982,0
79,31,181.541,0
79,40,201.527,0
79,41,113.177,0
79,45,81.0987,0
79,46,195.533,0
79,48,182.85,0
79,57,190.394,0
79,59,44.643,0
79,64,114.403,0
79,67,111.072,0
79,68,156.208,0
79,75,230.604,14.4432
79,77,122.004,0
79,82,104.695,0
79,84,131.746,0
79,87,178.011,0
79,90,102.772,0
79,94,55.3173,0
80,2,247.912,17.3612
80,3,88.0511,0
80,6,195.692,1.22268
80,11,130.085,0
80,16,179.513,0
80,17,173.277,0
80,20,113.741,0
80,22,128.004,0
80,26,201.159,0
80,29,189.41,10.6622
80,32,54.5619,0
80,43,21.9545,0
80,49,161.059,0
80,50,87.5557,0
80,55,225.197,10.6567
80,56,119.419,0
80,88,84.8528,0
80,91,160.52,6.01161
80,92,242.362,18.9417
80,98,98.2904,0
81,2,104.12,0
81,6,198.679,1.36966
81,8,170.144,0
81,10,69.857,0
81,13,204.13,0
81,19,225.623,16.8748
81,29,134.015,0
81,33,271.338,22.3362
81,34,136.333,11.4646
81,35,132.474,8.97366
81,36,82.9277,0
81,37,131.042,0
81,38,104.809,0
81,39,207.367,17.0999
81,47,195.284,8.16982
81,51,125.1,0
81,53,43.6807,0
81,55,98.1835,0
81,56,205.465,11.4782
81,61,113.04,0
81,62,234.801,17.4702
81,70,200.164,3.06365
81,71,144.762,11.1199
81,72,172.177,0
81,74,335.678,12.2935
81,75,275.13,15.3771
81,76,139.506,7.15547
81,89,48.1664,0
81,91,166.74,3.50134
81,92,119.641,0
81,93,140.036,0
81,95,172.154,0
82,4,165.496,0
82,7,103.228,0
82,12,44.2832,0
82,18,91.4385,0
82,28,96.2601,0
82,41,195.208,0
82,45,42.3792,0
82,48,111.018,0
82,57,161.892,0
82,59,83.006,0
82,64,138.654,0
82,67,43.0813,0
82,68,100.955,0
82,73,163.23,0
82,77,97.8366,0
82,79,104.695,0
82,84,139.463,0
82,87,202.418,0
82,90,205.876,0
82,94,137.233,0
83,4,171.231,0
83,24,13.8924,0
83,25,114.007,8.37006
83,48,189.763,0
83,57,179.739,0
83,60,145.353,9.4877
83,69,55.3263,0
83,73,138.004,0
83,78,64.3651,5.46474
83,86,36.8782,0
83,99,99.3227,0
84,4,201.646,0
84,5,85.2115,0
84,12,101.533,0
84,15,184.895,0
84,18,180.036,0
84,23,96.1509,0
84,28,164.195,0
84,33,180.247,0
84,41,116.103,0
84,45,158.6,0
84,48,113.565,0
84,57,68.7968,0
84,59,91.7606,0
84,60,170.575,0
84,66,204.893,0
84,67,178.197,0
84,73,149.218,0
84,76,197.613,3.38154
84,77,46.8402,0
84,79,131.746,0
84,82,139.463,0
84,90,180.34,3.32936
84,94,99.0404,0
85,1,116.97,0
85,2,137.058,0
85,3,189.405,9.37347
85,9,68.0074,0
85,13,65,0
85,14,35.171,0
85,20,96.1665,0
85,29,152.086,0
85,32,154.674,0
85,35,217.905,7.48774
85,36,148.003,0
85,44,132.412,0
85,47,200.095,16.7818
85,50,172.855,9.30493
85,53,191.128,0
85,54,33.2866,0
85,55,157.943,0
85,56,198.1,15.1542
85,72,96.421,0
85,91,275.617,23.6413
85,92,126.127,0
85,93,144.222,0
85,95,61.131,0
85,98,111.508,0
86,4,168.388,11.5113
86,24,50.6063,0
86,25,146.621,9.77474
86,28,198.163,0.497872
86,48,171.026,0
86,57,176.98,0
86,60,152.346,4.25235
86,69,38.0132,0
86,73,117.154,0
86,78,94.0308,7.55758
86,83,36.8782,0
86,99,77.8781,0
87,7,138.755,0
87,21,51.923,0
87,31,98.7168,0
87,45,162.003,0
87,64,67.4685,0
87,67,164.575,0
87,68,136.693,0
87,79,178.011,0
87,82,202.418,0
88,3,132.548,0
88,6,172.689,1.00373
88,11,121.696,0
88,16,152.398,0
88,17,95.7549,0
88,20,195.226,0
88,22,90.0278,0
88,26,156.541,0
88,29,236.142,13.6799
88,32,137.786,0
88,43,65.0077,0
88,49,105.394,0
88,50,142.948,0
88,56,161.236,0
88,65,151.427,0
88,70,234.872,15.6581
88,80,84.8528,0
88,91,183.362,7.23153
88,98,174.003,0
89,2,88.4138,0
89,3,210.592,14.5844
89,6,150.602,1.38069
89,8,141.014,0
89,10,32.9848,0
89,11,163.783,0
89,16,163.132,0
89,26,238.892,16.1765
89,29,102.489,0
89,34,185.743,13.7507
89,35,172.545,8.95644
89,36,101.494,0
89,37,94,0
89,38,61.131,0
89,39,135.248,0
89,50,204.094,10.8895
89,51,98.0306,0
89,53,77.7946,0
89,55,72.7186,0
89,56,172.688,11.6526
89,61,87.4643,0
89,70,154.007,3.45757
89,71,185.161,11.4193
89,72,190.465,0
89,74,281.708,21.361
89,75,297.938,18.5405
89,76,187.824,8.9977
89,81,48.1664,0
89,91,123.155,2.87176
89,92,102.303,0
89,93,169.145,0
89,95,178.899,0
90,5,199.019,16.9982
90,12,204.788,0
90,27,115.741,0
90,31,183.883,0
90,39,304.757,25.6257
90,40,130.602,0
90,41,127.012,6.49368
90,42,221.248,7.47609
90,45,183.448,0
90,46,115.832,0
90,59,128.891,0
90,63,246.199,19.7572
90,64,184.092,0
90,74,221.422,17.2318
90,75,121.795,7.9639
90,76,343.044,17.5541
90,77,190.245,0
90,79,102.772,0
90,82,205.876,0
90,84,180.34,3.32936
90,94,80.6598,0
91,2,115.841,8.63477
91,3,80.7829,6.20044
91,6,95.7393,3.24666
91,8,193.417,1.91975
91,10,130.069,2.41908
91,11,93.4856,6.77308
91,16,104.41,5.93442
91,17,221.01,14.1167
91,20,218.509,18.7377
91,22,138.304,11.5617
91,26,152.441,8.88784
91,29,77.316,6.0695
91,32,161.183,8.16756
91,36,176.768,8.31536
91,37,144.606,2.32699
91,38,113.207,2.08998
91,39,206.144,2.31372
91,43,170.171,6.37821
91,49,168.713,12.6535
91,50,107.974,9.26246
91,51,170.461,2.19633
91,53,177.132,5.00573
91,55,94.7523,6.97941
91,56,87.5809,0.599634
91,61,166.925,2.12345
91,65,206.812,12.2623
91,70,134.173,9.41406
91,80,160.52,6.01161
91,81,166.74,3.50134
91,85,275.617,23.6413
91,88,183.362,7.23153
91,89,123.155,2.87176
91,92,114.337,9.053
91,95,212.74,13.0766
91,98,191.315,15.0661
92,2,15.5242,0
92,3,131.423,9.31879
92,6,173.012,0.999792
92,9,193.745,0
92,10,130.3,0
92,11,205.716,17.6475
92,13,137.015,0
92,14,160.639,0
92,16,176.822,0
92,20,133.462,0
92,22,222.776,13.4786
92,29,39.8246,0
92,32,196.141,14.4408
92,34,203.365,4.81654
92,35,176.452,8.01465
92,36,77.8267,0
92,37,177.544,0
92,38,139.086,0
92,47,196.468,12.1167
92,50,149.411,12.7377
92,51,192.52,0
92,53,103.392,0
92,54,133.417,0
92,55,31.9061,0
92,56,106.915,9.129
92,61,184.011,0
92,70,201.046,6.89676
92,71,191.91,10.9509
92,72,126.827,0
92,80,242.362,18.9417
92,81,119.641,0
92,85,126.127,0
92,89,102.303,0
92,91,114.337,9.053
92,93,134.952,0
92,95,96.0052,0
92,98,148.289,11.9892
93,2,129.248,0
93,9,187.305,2.64094
93,10,201.002,0
93,13,90.2497,0
93,14,158.66,0
93,19,119.502,8.30114
93,29,174.201,0
93,33,206.552,10.616
93,34,169.211,14.3028
93,35,80.0771,6.44006
93,36,70.0928,0
93,47,55.0761,4.70387
93,53,96.5091,0
93,54,118.878,0
93,55,148.061,0
93,62,118.562,8.25376
93,66,183.461,0
93,71,89.6735,7.52956
93,72,50.9215,0
93,76,287.826,22.1571
93,81,140.036,0
93,85,144.222,0
93,89,169.145,0
93,92,134.952,0
93,95,85.3756,0
93,97,210.693,9.87291
94,5,105.688,0
94,12,127.389,0
94,23,181.62,0
94,27,190.394,0
94,40,205.039,0
94,41,60.4401,0
94,45,127.094,0
94,46,193.342,0
94,48,182.981,0
94,57,166.235,0
94,59,54.4518,0
94,64,168.772,0
94,67,156.311,0
94,75,190.694,14.302
94,76,206.695,5.13715
94,77,109.786,0
94,79,55.3173,0
94,82,137.233,0
94,84,99.0404,0
94,90,80.6598,0
95,1,176.706,0
95,2,100.975,0
95,3,218.645,16.1864
95,9,114.56,0
95,13,41.0122,0
95,14,84.4038,0
95,19,209.087,11.378
95,20,137.233,0
95,29,132.518,0
95,32,188.905,0
95,34,222.768,10.6136
95,35,156.929,7.16726
95,36,90.6863,0
95,44,190.767,0
95,47,139.135,11.9359
95,50,191.604,11.8536
95,53,134.063,0
95,54,46.0109,0
95,55,124.036,0
95,56,181.202,10.9352
95,62,230.045,18.0508
95,71,170.425,9.77005
95,72,44.6542,0
95,81,172.154,0
95,85,61.131,0
95,89,178.899,0
95,91,212.74,13.0766
95,92,96.0052,0
95,93,85.3756,0
95,98,139.846,0
96,0,181.838,0
96,6,232.088,17.4066
96,8,170.942,0
96,11,194.795,0
96,16,182.313,13.8895
96,17,158.644,0
96,22,177.178,0
96,26,108.157,0
96,30,31.241,0
96,37,185.003,0
96,39,199.123,0
96,49,144.031,0
96,51,204.353,0
96,52,63.0079,0
96,58,133.154,0
96,63,202.032,0
96,65,94.1116,0
96,70,199.948,16.0154
97,15,101.951,0
97,19,91.8368,0
97,23,174.725,0
97,25,206.087,0
97,33,123.406,0
97,34,166.769,0
97,35,184.458,9.69737
97,47,227.609,18.7483
97,60,187.489,0
97,62,90.824,0
97,66,73.5459,0
97,71,170.11,6.85947
97,76,244.329,19.0249
97,93,210.693,9.87291
98,1,162.641,0
98,2,164.786,12.8542
98,3,71.7208,1.0084
98,6,237.822,14.2567
98,9,164.149,0
98,11,148.643,1.02472
98,13,167.657,0
98,14,138.842,0
98,16,210.817,5.97625
98,20,31.7805,0
98,22,173.142,0
98,29,158.573,13.3028
98,32,49.6588,0
98,36,183.208,0
98,43,119.67,0
98,44,182.562,0
98,50,59.9618,3.52085
98,54,141.824,0
98,55,184.957,15.6179
98,56,106.74,9.06857
98,72,184.491,0
98,80,98.2904,0
98,85,111.508,0
98,88,174.003,0
98,91,191.315,15.0661
98,92,148.289,11.9892
98,95,139.846,0
99,4,169.248,0
99,24,111.005,0
99,25,211.234,8.96281
99,69,112.33,0
99,73,197.52,9.50313
99,78,164.164,9.01107
99,83,99.3227,0
99,86,77.8781,0
