0,17,79.6116,0
0,26,68.5055,0
0,67,55.3624,0
0,78,61.131,0
1,15,40.2244,0
1,34,44.911,0
1,56,39,0
1,71,55.3173,0
1,73,9.89949,0
1,90,58.6003,0
1,91,4.24264,0
2,17,26.5707,0
2,20,56.9386,0
2,26,35.2278,0
2,28,41.7612,0
2,30,79.1202,0
2,31,28.178,0
2,37,31.257,0
2,43,75.4321,0
2,55,88.1187,4.72064
2,61,80.0062,0
2,62,36.1386,0
2,66,46.6154,0
2,67,78.339,0
2,75,65.2993,0
2,78,80.0062,0
2,80,21.9317,0
2,83,78.1025,0
2,84,50.9608,0
2,95,29.2746,0
2,96,21.1896,0
2,97,59.4811,0
3,4,52.7731,0
3,5,17.8885,0
3,7,59,1.85455
3,10,53.6004,0
3,11,29.5296,0
3,16,40.1123,0
3,20,60.5392,0
3,22,78.1181,3.42276
3,23,64.3353,5.08472
3,24,54.4518,0
3,27,55.0727,0
3,30,34.6554,0
3,32,76.9454,2.53666
3,35,34.9285,0
3,36,60.407,0
3,38,73.171,0
3,40,57.9828,0
3,41,54.5894,0
3,42,68.942,0
3,44,86.4823,3.49802
3,47,44.1022,0
3,49,32.8024,0
3,50,51.6624,0
3,54,55.5428,0
3,55,82.6845,5.75288
3,57,72.1249,0
3,58,64.4748,0
3,59,95.0906,6.14216
3,61,21.0238,0
3,62,66.3702,0
3,63,73.6817,0
3,66,61.3514,0
3,70,76.5768,0
3,75,76.2531,4.70975
3,77,80.4091,0.496196
3,81,19.6469,0
3,82,57.4543,0
3,83,23.7697,0
3,85,52.9245,0
3,86,71.5891,0
3,93,59.4811,0
3,97,47.927,0
4,3,52.7731,0
4,5,70.0928,0
4,7,15.8114,1.05409
4,10,39.4462,0
4,11,34.7131,0
4,13,88.939,2.2664
4,16,63.1348,0
4,22,55.8256,3.6739
4,24,74.2024,0
4,27,44.2708,3.13026
4,32,44,1.8
4,35,44.4185,0
4,36,77.9872,0
4,38,79.404,0
4,40,45.1774,0
4,44,67.7828,5.79688
4,49,73.9797,0
4,54,59.5483,0
4,55,81.0139,6.75116
4,59,58.4913,4.47235
4,61,60.9016,0
4,63,22.8035,0
4,64,77.1986,2.98752
4,65,83.3857,6.38299
4,75,86.6833,7.43607
4,76,120.171,3.90524
4,81,63.5059,0
4,83,66.242,0
4,85,11.4018,0
4,88,76.2295,2.10192
4,92,142.684,3.04467
4,93,59.4054,0
5,3,17.8885,0
5,4,70.0928,0
5,7,75.4746,1.89927
5,10,70.0357,0
5,11,42.4264,0
5,16,49.7293,0
5,19,80.9568,0
5,20,46.4866,0
5,23,46.3124,3.96707
5,24,62.6498,0
5,27,66.7608,0
5,30,18.7883,0
5,35,50,0
5,36,68.593,0
5,40,73.8783,0
5,41,46.6905,0
5,42,59.203,0
5,47,30.0832,0
5,49,34.2345,0
5,50,39.9625,0
5,53,73.9256,0
5,54,68.4471,0
5,55,91.3881,5.98456
5,57,77.1622,0
5,58,54.8179,0
5,61,19.8494,0
5,62,62.3939,0
5,66,50.1597,0
5,70,71.6101,0
5,75,74.3869,1.78988
5,77,85.6349,7.04208
5,80,78.0256,0
5,81,15.5563,0
5,82,58.6941,0
5,83,18.0278,0
5,85,70.7743,0
5,86,62.0081,0
5,93,72.8972,0
5,97,36.1248,0
6,8,2.23607,0
6,9,67.3012,3.76809
6,12,90.8954,7.6561
6,18,114.884,8.83226
6,21,92.3951,7.03765
6,25,80.1272,4.76947
6,33,53.0451,3.48529
6,39,17.1172,0
6,60,74.0056,6.34772
6,68,88.9669,5.73804
6,74,40.5475,3.17427
6,98,55.0196,2.44532
6,99,44.2041,0
7,3,59,1.85455
7,4,15.8114,1.05409
7,5,75.4746,1.89927
7,10,55.5691,2.92747
7,11,36.6442,1.91454
7,13,71.9312,2.86633
7,16,75.3147,2.26195
7,22,71.3863,5.56257
7,27,33.058,2.10438
7,32,60.1123,4.27329
7,35,57.0837,2.28954
7,40,61.2429,2.93148
7,44,51.9441,4.43703
7,49,83.6124,2.00387
7,54,74.7448,2.8739
7,55,68.2681,5.64439
7,59,75.1115,6.3731
7,61,64.08,1.98343
7,63,37.01,3.11445
7,64,76.0263,0
7,65,98.9727,8.08686
7,75,83.3884,6.51983
7,76,122,0
7,81,67.1322,1.95802
7,83,69.4669,1.99728
7,85,27.1448,2.19246
7,88,67.2309,0
7,92,136.704,0
7,93,75.7166,3.22602
8,6,2.23607,0
8,9,65.1673,3.76077
8,12,88.8812,7.44947
8,18,114.24,8.85424
8,21,90.1898,6.92246
8,25,78.9487,5.06414
8,33,50.6631,3.16291
8,39,18.4391,0
8,45,100.57,7.76333
8,60,74.2231,6.36717
8,68,87.1863,5.71667
8,74,39.7528,3.28076
8,98,54.1984,2.90349
8,99,46.4004,0
9,6,67.3012,3.76809
9,8,65.1673,3.76077
9,12,29,0
9,14,56.7274,0
9,18,133.357,8.97397
9,21,27.0279,1.93381
9,25,26.2488,0
9,33,53.2353,0
9,39,86.346,5.88028
9,45,35.7045,2.90806
9,60,109.119,7.57793
9,68,54.7083,0
9,71,80.6226,0
9,74,46.0013,3.90314
9,76,145.177,6.72423
9,79,47.2675,3.50755
9,92,121.817,10.0588
9,98,12,0
10,3,53.6004,0
10,4,39.4462,0
10,5,70.0357,0
10,7,55.5691,2.92747
10,11,57.3149,0
10,16,35.1283,0
10,22,24.0416,2.06239
10,24,40.5216,0
10,27,71.8053,0
10,32,29.2329,2.50567
10,35,21.095,0
10,36,42.5441,0
10,38,40.3609,0
10,40,6.08276,0
10,49,54.7083,0
10,54,21.9545,0
10,57,59.0339,0
10,59,46.2576,3.38883
10,61,72.0069,0
10,63,42.9418,0
10,64,102.339,8.67143
10,65,44.4088,3.7979
10,81,72.2011,0
10,82,62.2896,0
10,83,76.1577,0
10,85,28.6007,0
10,88,108.357,9.2778
10,93,20.5183,0
11,3,29.5296,0
11,4,34.7131,0
11,5,42.4264,0
11,7,36.6442,1.91454
11,10,57.3149,0
11,13,78.3529,5.74014
11,16,61.2944,0
11,20,68.5055,0
11,22,78.5435,3.25018
11,23,83.2877,4.67587
11,24,75.5844,0
11,27,25.5539,0
11,30,51.1957,0
11,32,72.4815,2.02625
11,35,47.5395,0
11,36,81.0247,0
11,40,63.1981,0
11,44,56.9045,3.23432
11,47,72.0347,0
11,49,60.959,0
11,50,80.6536,0
11,54,69.2315,0
11,55,55.2406,4.72425
11,59,88.1846,5.09617
11,61,27.8927,0
11,62,55.3624,0
11,63,57.4891,0
11,64,104.921,8.48368
11,66,63.6553,0
11,75,54.5288,4.65243
11,81,31.4006,0
11,83,33.2415,0
11,85,41.0488,0
11,88,66.0092,2.70037
11,93,71.5681,0
11,97,54.0833,0
12,6,90.8954,7.6561
12,8,88.8812,7.44947
12,9,29,0
12,18,101.11,3.10247
12,21,24.1197,1.60798
12,25,55.2268,0
12,33,74.7329,0
12,39,105.555,8.92401
12,45,55.1805,4.63679
12,46,107.359,6.3904
12,60,83.0312,2.62349
12,74,50.3386,3.0803
12,76,103.811,7.30079
12,79,47.6075,3.86379
12,92,122.462,7.09437
12,98,21.9317,0
13,4,88.939,2.2664
13,7,71.9312,2.86633
13,11,78.3529,5.74014
13,27,59.8537,5.12184
13,32,124.817,9.43939
13,43,91.6336,7.86007
13,44,45.607,0
13,52,99.0748,8.15271
13,55,90.9725,0
13,59,137.421,8.62759
13,63,86.3684,3.20354
13,64,38.833,0
13,75,115.966,0
13,76,67.2012,0
13,79,137.523,8.22506
13,85,96.1665,5.9397
13,88,15.2315,0
13,92,60.531,0
13,94,82.6551,6.79067
14,9,56.7274,0
14,15,48.6621,0
14,21,93.5597,7.27334
14,25,30.4795,0
14,33,64.2996,4.99596
14,34,37.4833,0
14,45,76.0263,5.79721
14,56,69.2604,0
14,68,18.0278,0
14,71,27.1662,0
14,79,101.569,8.6811
14,90,67.6757,0
14,91,80.05,0
14,98,66.2873,0
15,1,40.2244,0
15,14,48.6621,0
15,25,72.0069,0
15,34,17.8045,0
15,56,22.2036,0
15,68,65.521,0
15,69,70.0071,0
15,71,23.7065,0
15,73,43.0813,0
15,90,31.0483,0
15,91,39.6989,0
16,3,40.1123,0
16,4,63.1348,0
16,5,49.7293,0
16,7,75.3147,2.26195
16,10,35.1283,0
16,11,61.2944,0
16,22,62.9816,4.93579
16,23,91.0414,6.60255
16,24,14.5602,0
16,30,68.3081,0
16,32,64.8512,3.81369
16,35,18.7883,0
16,36,20.3961,0
16,38,33.9559,0
16,40,35.171,0
16,41,47.1275,0
16,42,61.1882,0
16,47,55.2268,0
16,49,22.0227,0
16,50,54.2033,0
16,54,21.2603,0
16,57,34.1321,0
16,58,57.7235,0
16,59,85.4726,7.24229
16,61,61.0328,0
16,63,74.9533,0
16,65,54.8179,0
16,70,55.9017,0
16,81,59.0339,0
16,82,28.4605,0
16,83,63.0714,0
16,85,55.7136,0
16,86,62.8013,0
16,93,26.2488,0
17,0,79.6116,0
17,2,26.5707,0
17,20,40.1995,0
17,23,77.5675,1.48671
17,26,11.1803,0
17,28,68.3081,0
17,30,67.0671,0
17,31,50.9902,0
17,37,45.1774,0
17,61,75.6108,0
17,62,42.8019,0
17,66,34.7131,0
17,67,51.9711,0
17,75,78.5493,0
17,78,53.4509,0
17,80,10.8167,0
17,81,76.243,0
17,83,72.1249,0
17,84,77.4919,0
17,95,43.4166,0
17,96,5.38516,0
17,97,48.6621,0
18,6,114.884,8.83226
18,8,114.24,8.85424
18,9,133.357,8.97397
18,12,101.11,3.10247
18,21,121.916,8.28141
18,46,80.9938,0
18,60,40.2492,0
18,74,111.803,0
18,98,126.338,5.0582
19,5,80.9568,0
19,23,89.4545,7.67082
19,41,41.0122,0
19,42,26.0192,0
19,47,51,0
19,49,69.0072,0
19,50,41.4367,0
19,53,7.81025,0
19,57,79.925,0
19,58,30.0167,0
19,70,38.6005,0
19,77,21.4709,0
19,82,62.9682,0
19,86,24.1868,0
20,2,56.9386,0
20,3,60.5392,0
20,5,46.4866,0
20,11,68.5055,0
20,17,40.1995,0
20,23,53.0118,4.41765
20,26,45.3982,0
20,30,27.8927,0
20,41,123.841,9.87391
20,47,100.7,4.82016
20,49,78.7718,0
20,50,114.603,7.21278
20,61,43.1393,0
20,62,40.4969,0
20,66,12.53,0
20,67,55.7584,0
20,75,72.0071,0.493007
20,77,76.8375,0
20,78,52.7731,0
20,80,36.4005,0
20,81,42.0119,0
20,83,38.2884,0
20,96,42.9535,0
20,97,14.4222,0
21,6,92.3951,7.03765
21,8,90.1898,6.92246
21,9,27.0279,1.93381
21,12,24.1197,1.60798
21,14,93.5597,7.27334
21,18,121.916,8.28141
21,25,57.9235,4.71775
21,33,80.1137,2.33665
21,45,35.4401,0
21,46,122.737,8.81955
21,60,107.043,7.28978
21,68,85.6938,4.63762
21,74,62.0794,5.31386
21,76,118.152,0
21,79,23.3238,0
21,92,97.188,7.00875
21,98,29.0689,1.82951
22,3,78.1181,3.42276
22,4,55.8256,3.6739
22,7,71.3863,5.56257
22,10,24.0416,2.06239
22,11,78.5435,3.25018
22,16,62.9816,4.93579
22,24,68.0131,5.66776
22,32,20,0
22,35,46.6226,3.38119
22,36,67.3212,5.51652
22,38,55.0685,4.349
22,40,24.2302,1.52498
22,49,80.1446,4.24568
22,54,48.025,3.84071
22,57,81.8346,5.90153
22,59,28,0
22,63,55.4042,4.65057
22,64,114.274,9.25392
22,65,27.5919,2.36655
22,82,91.2986,6.56878
22,85,44.4467,3.3768
22,88,123.414,9.91284
22,93,44.1205,3.15677
23,3,64.3353,5.08472
23,5,46.3124,3.96707
23,11,83.2877,4.67587
23,16,91.0414,6.60255
23,17,77.5675,1.48671
23,19,89.4545,7.67082
23,20,53.0118,4.41765
23,26,81.5514,1.90901
23,30,32.816,2.79682
23,35,93.954,5.9438
23,41,69.0652,5.75543
23,42,77.4431,6.35414
23,47,45.1698,0.480066
23,49,71.2183,5.99312
23,50,57.4172,3.29668
23,53,80.4439,6.88379
23,58,74.82,5.87355
23,61,55.0136,3.88985
23,62,87.3919,6.49568
23,66,65.4302,5.61194
23,67,76.5231,3.04931
23,70,96.3858,8.15294
23,77,64.2615,5.4048
23,78,71.4086,3.08505
23,80,86.9016,5.99094
23,81,51.0152,3.78161
23,82,92.388,7.49815
23,83,50.1404,3.76053
23,86,80.2325,6.68604
23,96,86.2048,3.75051
23,97,53.5182,4.5094
24,3,54.4518,0
24,4,74.2024,0
24,5,62.6498,0
24,10,40.5216,0
24,11,75.5844,0
24,16,14.5602,0
24,22,68.0131,5.66776
24,30,80.8084,0
24,32,79.2832,6.63386
24,35,30.4138,0
24,36,6,0
24,38,22.4722,0
24,40,38.3275,0
24,41,49.6488,0
24,42,61.7414,0
24,47,63.0079,0
24,49,30.8707,0
24,50,59.4138,0
24,54,20,0
24,57,20.5183,0
24,58,59.0593,0
24,59,96.0114,8.10865
24,61,75.2396,0
24,65,51.0784,0
24,70,51.1566,0
24,81,73.0274,0
24,82,23.5372,0
24,83,77.0065,0
24,85,65.5134,0
24,86,62.7694,0
24,93,24.1868,0
25,6,80.1272,4.76947
25,8,78.9487,5.06414
25,9,26.2488,0
25,12,55.2268,0
25,14,30.4795,0
25,15,72.0069,0
25,21,57.9235,4.71775
25,33,43.8292,0
25,34,65.3911,0
25,39,80.336,1.62236
25,45,50.3448,4.2645
25,68,31.0483,0
25,71,55.0364,0
25,74,66.1469,4.72341
25,79,73.0905,5.6505
25,90,81.0247,0
25,98,36.2353,0
26,0,68.5055,0
26,2,35.2278,0
26,17,11.1803,0
26,20,45.3982,0
26,23,81.5514,1.90901
26,28,76.6877,0
26,30,73.1642,0
26,31,56.0803,0
26,37,46.7547,0
26,62,53.8238,0
26,66,42.5441,0
26,67,43.6578,0
26,78,46.0652,0
26,80,21.9545,0
26,83,80.2309,0
26,95,45.2769,0
26,96,15.2971,0
26,97,55.9732,0
27,3,55.0727,0
27,4,44.2708,3.13026
27,5,66.7608,0
27,7,33.058,2.10438
27,10,71.8053,0
27,11,25.5539,0
27,13,59.8537,5.12184
27,30,72.0278,0
27,32,80.1107,1.89736
27,35,68.0955,0
27,40,77.8781,0
27,43,86.7134,7.39034
27,44,43.9021,1.727
27,55,36.4966,0
27,61,49.366,0
27,62,74.5282,6.12653
27,63,72.1063,5.94331
27,64,72.7596,6.23654
27,66,74.7329,0
27,75,50.5964,0
27,76,114.05,9.01894
27,81,53.6004,0
27,83,54.1479,0
27,85,47.0106,0
27,88,53.2854,4.37501
27,92,119.106,7.78159
27,94,100.652,8.6056
27,97,69.1231,0
28,2,41.7612,0
28,17,68.3081,0
28,26,76.6877,0
28,31,29.9666,0
28,37,47.927,0
28,43,45.2769,0
28,48,65.2763,0
28,55,79.4126,4.34194
28,62,56.3028,0
28,66,79.9312,0
28,75,63.0328,0.492191
28,80,62.1691,0
28,84,9.21954,0
28,87,42.0119,0
28,89,70.406,0
28,94,78.5493,0
28,95,47.1699,0
28,96,62.9365,0
29,43,58.8727,0
29,48,23.3452,0
29,51,13.3417,0
29,52,25.9615,0
29,69,30.8058,0
29,72,23.7065,0
29,84,79.9062,0
29,87,47.2969,0
29,89,30.6105,0
29,90,70,0
29,92,111.435,9.55628
29,94,37.4433,0
30,2,79.1202,0
30,3,34.6554,0
30,5,18.7883,0
30,11,51.1957,0
30,16,68.3081,0
30,17,67.0671,0
30,20,27.8927,0
30,23,32.816,2.79682
30,24,80.8084,0
30,26,73.1642,0
30,27,72.0278,0
30,35,68.5055,0
30,41,56.3649,0
30,42,79.4599,5.41133
30,47,45.4694,3.75254
30,49,51.1566,0
30,50,53.3135,3.06106
30,53,105.846,9.07251
30,55,96.2499,7.07902
30,58,69.1317,3.21045
30,61,23.3452,0
30,62,51.4004,0
30,66,33.2415,0
30,67,90.915,5.22
30,75,71.2384,1.04564
30,77,94.4614,7.9937
30,78,85.2804,4.68686
30,80,61.2944,0
30,81,19.9249,0
30,82,74.2428,0
30,83,18.1108,0
30,86,82.3203,5.48802
30,96,69.029,0
30,97,19.6469,0
31,2,28.178,0
31,17,50.9902,0
31,26,56.0803,0
31,28,29.9666,0
31,37,18.0278,0
31,43,74.4043,0
31,62,60.1332,0
31,66,74.7329,0
31,75,81.4836,0.528929
31,80,49.4065,0
31,84,37.6431,0
31,87,70.0357,0
31,95,17.4642,0
31,96,45.9674,0
32,3,76.9454,2.53666
32,4,44,1.8
32,7,60.1123,4.27329
32,10,29.2329,2.50567
32,11,72.4815,2.02625
32,13,124.817,9.43939
32,16,64.8512,3.81369
32,22,20,0
32,24,79.2832,6.63386
32,27,80.1107,1.89736
32,35,49.2979,3.12796
32,36,85.4475,7.32752
32,38,75.2297,6.45031
32,40,34,2.47619
32,46,121.512,9.21648
32,49,82.9329,3.31702
32,54,63.5156,4.65316
32,57,101.611,8.52207
32,59,16.9706,0
32,63,40.1366,3.11082
32,64,98.2842,8.06965
32,65,48.8063,2.52905
32,76,132.241,9.27851
32,85,33.1761,1.73334
32,88,110.628,8.69167
32,93,61.5474,3.66354
33,6,53.0451,3.48529
33,8,50.6631,3.16291
33,9,53.2353,0
33,12,74.7329,0
33,14,64.2996,4.99596
33,21,80.1137,2.33665
33,25,43.8292,0
33,39,55,4.32558
33,45,86.6545,5.52591
33,68,48.7869,4.15798
33,71,91.342,6.08947
33,74,74.924,6.41333
33,98,53.4603,0
33,99,83.7154,3.20502
34,1,44.911,0
34,14,37.4833,0
34,15,17.8045,0
34,25,65.3911,0
34,56,39.6232,0
34,68,52.1536,0
34,71,10.4403,0
34,73,51.0392,0
34,90,47.927,0
34,91,42.72,0
35,3,34.9285,0
35,4,44.4185,0
35,5,50,0
35,7,57.0837,2.28954
35,10,21.095,0
35,11,47.5395,0
35,16,18.7883,0
35,22,46.6226,3.38119
35,23,93.954,5.9438
35,24,30.4138,0
35,27,68.0955,0
35,30,68.5055,0
35,32,49.2979,3.12796
35,36,35,0
35,38,41.9762,0
35,40,24.0416,0
35,41,62.2896,0
35,42,77.1038,0
35,47,64.846,0
35,49,34.5254,0
35,50,66.7608,0
35,54,22.0227,0
35,57,50.9313,0
35,58,73.2462,0
35,59,65.4461,5.38546
35,61,55.0818,0
35,63,56.7186,0
35,65,57.6291,3.4303
35,70,74.2159,0
35,81,54.4243,0
35,82,47.1699,0
35,83,58.5235,0
35,85,37,0
35,86,79.0253,0
35,93,25.1794,0
36,3,60.407,0
36,4,77.9872,0
36,5,68.593,0
36,10,42.5441,0
36,11,81.0247,0
36,16,20.3961,0
36,22,67.3212,5.51652
36,24,6,0
36,32,85.4475,7.32752
36,35,35,0
36,38,17.6918,0
36,40,39.5601,0
36,41,53.2635,0
36,42,64.4981,0
36,47,67.9559,0
36,49,36.4005,0
36,50,63.7024,0
36,54,20.8806,0
36,57,16.6433,0
36,58,62.1289,0
36,59,95.2807,8.10078
36,61,81.2219,0
36,65,49.0408,0
36,70,51.9711,0
36,81,79.0253,0
36,82,25.4951,0
36,85,68.8186,0
36,86,65.2993,0
36,93,24.1868,0
37,2,31.257,0
37,17,45.1774,0
37,26,46.7547,0
37,28,47.927,0
37,31,18.0278,0
37,62,67.2681,0
37,66,75.3127,0
37,80,47.5395,0
37,84,55.6597,0
37,95,2,0
37,96,41.2311,0
38,3,73.171,0
38,4,79.404,0
38,10,40.3609,0
38,16,33.9559,0
38,22,55.0685,4.349
38,24,22.4722,0
38,32,75.2297,6.45031
38,35,41.9762,0
38,36,17.6918,0
38,40,38.1054,1.25622
38,41,70.8378,0
38,49,53.2353,0
38,54,20.6155,0
38,57,26.3059,0
38,58,79.404,0
38,59,78.1513,6.69526
38,65,35.0143,0
38,70,67.0671,0
38,82,42.4382,0
38,85,68.884,0
38,93,20,0
39,6,17.1172,0
39,8,18.4391,0
39,9,86.346,5.88028
39,12,105.555,8.92401
39,25,80.336,1.62236
39,33,55,4.32558
39,60,90.8723,7.57269
39,68,100.311,8.23607
39,74,57.8503,3.80714
39,98,77.3679,5.26886
39,99,34.4819,0
40,3,57.9828,0
40,4,45.1774,0
40,5,73.8783,0
40,7,61.2429,2.93148
40,10,6.08276,0
40,11,63.1981,0
40,16,35.171,0
40,22,24.2302,1.52498
40,24,38.3275,0
40,27,77.8781,0
40,32,34,2.47619
40,35,24.0416,0
40,36,39.5601,0
40,38,38.1054,1.25622
40,49,55.9464,0
40,54,18.6815,0
40,57,55.7136,0
40,59,50.1953,2.08673
40,61,76.9675,0
40,63,46.8722,0
40,64,105.343,8.70257
40,65,38.2618,3.27351
40,81,76.9415,0
40,82,61,0
40,83,80.9506,0
40,85,34.1321,0
40,93,16.1245,0
41,3,54.5894,0
41,5,46.6905,0
41,16,47.1275,0
41,19,41.0122,0
41,20,123.841,9.87391
41,23,69.0652,5.75543
41,24,49.6488,0
41,30,56.3649,0
41,35,62.2896,0
41,36,53.2635,0
41,38,70.8378,0
41,42,15.1327,0
41,47,23.3452,0
41,49,28,0
41,50,13.1529,0
41,53,36.3456,0
41,54,67.1193,0
41,57,50.774,0
41,58,11,0
41,61,66.468,0
41,70,26,0
41,77,35.8469,0
41,81,62.2415,0
41,82,29.2062,0
41,83,64.5368,0
41,86,17.4642,0
41,93,72.0139,0
41,97,75.7694,0
42,3,68.942,0
42,5,59.203,0
42,16,61.1882,0
42,19,26.0192,0
42,23,77.4431,6.35414
42,24,61.7414,0
42,30,79.4599,5.41133
42,35,77.1038,0
42,36,64.4981,0
42,41,15.1327,0
42,47,31.4006,0
42,49,43.0465,0
42,50,19.8494,0
42,53,22.1359,0
42,54,80.3243,0
42,57,58.6941,0
42,58,4.47214,0
42,61,79.0253,0
42,70,22.561,0
42,77,25.6125,0
42,81,74.6525,0
42,82,39.1152,0
42,83,76.4853,0
42,86,2.82843,0
43,2,75.4321,0
43,13,91.6336,7.86007
43,27,86.7134,7.39034
43,28,45.2769,0
43,29,58.8727,0
43,31,74.4043,0
43,44,57,3.65625
43,48,40.6079,0
43,51,70.342,0
43,52,48.1664,0
43,55,51.1534,3.56384
43,62,65.9697,0
43,75,48.0833,1.91603
43,84,40.8044,0
43,87,33.2415,0
43,88,103.359,8.7801
43,89,57.6281,0
43,92,103.843,8.86246
43,94,35.4401,0
44,3,86.4823,3.49802
44,4,67.7828,5.79688
44,7,51.9441,4.43703
44,11,56.9045,3.23432
44,13,45.607,0
44,27,43.9021,1.727
44,43,57,3.65625
44,48,89.5324,4.30761
44,52,84.1072,6.72632
44,55,45.6508,0
44,61,98.5684,8.29166
44,62,107.331,8.94427
44,63,88.0135,7.07126
44,64,79.3221,0
44,75,70.7107,0
44,76,112.801,0
44,81,102.948,8.54997
44,83,105.056,8.85523
44,85,79.9056,6.79878
44,87,89.5614,4.01894
44,88,51.614,0
44,92,98.0612,0
44,94,67.0924,5.50864
45,8,100.57,7.76333
45,9,35.7045,2.90806
45,12,55.1805,4.63679
45,14,76.0263,5.79721
45,21,35.4401,0
45,25,50.3448,4.2645
45,33,86.6545,5.52591
45,60,136.166,8.83792
45,68,80.3767,5.84225
45,69,99.6243,7.47182
45,71,92.2925,5.67917
45,74,80.1726,6.79467
45,76,124.675,4.05162
45,79,26.0768,0
45,92,89.1911,7.59004
45,98,45.6254,3.90657
46,12,107.359,6.3904
46,18,80.9938,0
46,21,122.737,8.81955
46,32,121.512,9.21648
46,59,111.011,8.49372
46,60,112.446,0
46,63,89.7414,7.53796
46,64,133.776,0
46,74,161.307,0
46,76,114.543,0
46,79,152.382,3.65824
46,88,161.555,0
46,92,161.009,0
47,3,44.1022,0
47,5,30.0832,0
47,11,72.0347,0
47,16,55.2268,0
47,19,51,0
47,20,100.7,4.82016
47,23,45.1698,0.480066
47,24,63.0079,0
47,30,45.4694,3.75254
47,35,64.846,0
47,36,67.9559,0
47,41,23.3452,0
47,42,31.4006,0
47,49,33.2415,0
47,50,11.6619,0
47,53,43.8634,0
47,54,76.4853,0
47,57,69.8928,0
47,58,27.4591,0
47,61,49.2443,0
47,66,93.4915,8.01557
47,70,49.0408,0
47,77,40.4061,2.16461
47,81,44.7772,0
47,82,48.0833,0
47,83,47.2551,0.589892
47,86,34.2053,0
47,97,72.4907,6.14532
48,28,65.2763,0
48,29,23.3452,0
48,43,40.6079,0
48,44,89.5324,4.30761
48,51,36.6742,0
48,52,33.121,0
48,55,90.0558,4.0523
48,69,54.1295,0
48,72,44.5533,0
48,84,56.5685,0
48,87,24.0416,0
48,89,20.3961,0
48,94,35.0571,0
49,3,32.8024,0
49,4,73.9797,0
49,5,34.2345,0
49,7,83.6124,2.00387
49,10,54.7083,0
49,11,60.959,0
49,16,22.0227,0
49,19,69.0072,0
49,20,78.7718,0
49,22,80.1446,4.24568
49,23,71.2183,5.99312
49,24,30.8707,0
49,30,51.1566,0
49,32,82.9329,3.31702
49,35,34.5254,0
49,36,36.4005,0
49,38,53.2353,0
49,40,55.9464,0
49,41,28,0
49,42,43.0465,0
49,47,33.2415,0
49,50,32.6956,0
49,53,64.195,0
49,54,43.2782,0
49,57,43.0116,0
49,58,39,0
49,61,50.6952,0
49,65,76.8375,0
49,70,44.9444,0
49,77,61.6847,0
49,81,47.4342,0
49,82,25.0799,0
49,83,50.9608,0
49,85,69.2604,0
49,86,45.1774,0
49,93,48.2701,0
49,97,70.0071,0
50,3,51.6624,0
50,5,39.9625,0
50,11,80.6536,0
50,16,54.2033,0
50,19,41.4367,0
50,20,114.603,7.21278
50,23,57.4172,3.29668
50,24,59.4138,0
50,30,53.3135,3.06106
50,35,66.7608,0
50,36,63.7024,0
50,41,13.1529,0
50,42,19.8494,0
50,47,11.6619,0
50,49,32.6956,0
50,53,34.9285,0
50,54,75.1665,0
50,57,63.0635,0
50,58,15.8114,0
50,61,59.6406,0
50,66,108.56,9.31173
50,70,37.855,0
50,77,29.4279,0
50,81,55.2178,0
50,82,41.1825,0
50,83,56.8507,0
50,86,22.6716,0
50,93,80.1561,0
50,97,84.236,6.79001
51,29,13.3417,0
51,43,70.342,0
51,48,36.6742,0
51,52,29.7321,0
51,56,75.1332,0
51,69,17.4642,0
51,72,16.1245,0
51,87,60.6383,0
51,89,41.8688,0
51,90,57.0789,0
51,92,111.677,9.57854
51,94,44.0454,0
52,13,99.0748,8.15271
52,29,25.9615,0
52,43,48.1664,0
52,44,84.1072,6.72632
52,48,33.121,0
52,51,29.7321,0
52,55,87.8113,5.1245
52,69,41.1461,0
52,72,45.607,0
52,76,134.099,7.90328
52,84,80.9506,0
52,87,53.0754,0
52,88,114.393,8.93745
52,89,50.448,0
52,90,80.9568,0
52,92,86,6.51852
52,94,15.2315,0
53,5,73.9256,0
53,19,7.81025,0
53,23,80.4439,6.88379
53,30,105.846,9.07251
53,41,36.3456,0
53,42,22.1359,0
53,47,43.8634,0
53,49,64.195,0
53,50,34.9285,0
53,57,79.2023,0
53,58,25.4951,0
53,70,38.9487,0
53,77,13.9284,0
53,82,60.8276,0
53,86,21.0238,0
54,3,55.5428,0
54,4,59.5483,0
54,5,68.4471,0
54,7,74.7448,2.8739
54,10,21.9545,0
54,11,69.2315,0
54,16,21.2603,0
54,22,48.025,3.84071
54,24,20,0
54,32,63.5156,4.65316
54,35,22.0227,0
54,36,20.8806,0
54,38,20.6155,0
54,40,18.6815,0
54,41,67.1193,0
54,42,80.3243,0
54,47,76.4853,0
54,49,43.2782,0
54,50,75.1665,0
54,57,37.1618,0
54,58,77.2528,0
54,59,76.0188,4.82341
54,61,76.2955,0
54,63,64.8845,0
54,65,33.6006,0
54,70,71.1126,0
54,81,75.1864,0
54,82,43.2897,0
54,83,79.3095,0
54,85,49.5177,0
54,93,5,0
55,2,88.1187,4.72064
55,3,82.6845,5.75288
55,4,81.0139,6.75116
55,5,91.3881,5.98456
55,7,68.2681,5.64439
55,11,55.2406,4.72425
55,13,90.9725,0
55,27,36.4966,0
55,28,79.4126,4.34194
55,30,96.2499,7.07902
55,43,51.1534,3.56384
55,44,45.6508,0
55,48,90.0558,4.0523
55,52,87.8113,5.1245
55,61,74.8932,6.0999
55,62,62.0512,4.83516
55,63,106.945,8.81793
55,64,110.596,4.52437
55,66,86.4131,5.71314
55,75,25.0599,0
55,76,158.114,0
55,80,93.0575,5.37778
55,81,79.3818,6.30014
55,83,78.2487,6.16812
55,84,80.1305,4.29271
55,85,84.0398,6.72626
55,87,84.6091,4.2446
55,88,86.7175,3.36805
55,92,142.338,0
55,94,72.6722,4.89657
55,97,86.0088,6.17206
56,1,39,0
56,14,69.2604,0
56,15,22.2036,0
56,34,39.6232,0
56,51,75.1332,0
56,69,59.4811,0
56,71,45.793,0
56,72,66.0076,0
56,73,36.4005,0
56,90,19.7231,0
56,91,40.8044,0
57,3,72.1249,0
57,5,77.1622,0
57,10,59.0339,0
57,16,34.1321,0
57,19,79.925,0
57,22,81.8346,5.90153
57,24,20.5183,0
57,32,101.611,8.52207
57,35,50.9313,0
57,36,16.6433,0
57,38,26.3059,0
57,40,55.7136,0
57,41,50.774,0
57,42,58.6941,0
57,47,69.8928,0
57,49,43.0116,0
57,50,63.0635,0
57,53,79.2023,0
57,54,37.1618,0
57,58,57.3847,0
57,59,105.62,8.67743
57,65,61.2046,0
57,70,41.5933,0
57,82,21.9317,0
57,86,58.7963,0
57,93,39.8497,0
58,3,64.4748,0
58,5,54.8179,0
58,16,57.7235,0
58,19,30.0167,0
58,23,74.82,5.87355
58,24,59.0593,0
58,30,69.1317,3.21045
58,35,73.2462,0
58,36,62.1289,0
58,38,79.404,0
58,41,11,0
58,42,4.47214,0
58,47,27.4591,0
58,49,39,0
58,50,15.8114,0
58,53,25.4951,0
58,54,77.2528,0
58,57,57.3847,0
58,61,74.6525,0
58,70,24.0208,0
58,77,26.9072,0
58,81,70.2922,0
58,82,37.0135,0
58,83,72.1803,0
58,86,7.2111,0
58,97,101.354,7.70028
59,3,95.0906,6.14216
59,4,58.4913,4.47235
59,7,75.1115,6.3731
59,10,46.2576,3.38883
59,11,88.1846,5.09617
59,13,137.421,8.62759
59,16,85.4726,7.24229
59,22,28,0
59,24,96.0114,8.10865
59,32,16.9706,0
59,35,65.4461,5.38546
59,36,95.2807,8.10078
59,38,78.1513,6.69526
59,40,50.1953,2.08673
59,46,111.011,8.49372
59,54,76.0188,4.82341
59,57,105.62,8.67743
59,63,50.196,4.25531
59,64,103.774,8.08627
59,65,49.59,1.2325
59,76,133.678,8.80336
59,85,48.529,4.07113
59,88,122.205,8.23021
59,93,71.0844,4.02918
60,6,74.0056,6.34772
60,8,74.2231,6.36717
60,9,109.119,7.57793
60,12,83.0312,2.62349
60,18,40.2492,0
60,21,107.043,7.28978
60,39,90.8723,7.57269
60,45,136.166,8.83792
60,46,112.446,0
60,74,75.4718,0
60,79,129.583,7.67321
60,98,98.8457,4.17685
60,99,113.433,9.64774
61,2,80.0062,0
61,3,21.0238,0
61,4,60.9016,0
61,5,19.8494,0
61,7,64.08,1.98343
61,10,72.0069,0
61,11,27.8927,0
61,16,61.0328,0
61,17,75.6108,0
61,20,43.1393,0
61,23,55.0136,3.88985
61,24,75.2396,0
61,27,49.366,0
61,30,23.3452,0
61,35,55.0818,0
61,36,81.2219,0
61,40,76.9675,0
61,41,66.468,0
61,42,79.0253,0
61,44,98.5684,8.29166
61,47,49.2443,0
61,49,50.6952,0
61,50,59.6406,0
61,54,76.2955,0
61,55,74.8932,6.0999
61,58,74.6525,0
61,62,45.7056,0
61,66,41.5933,0
61,75,54.5209,1.72267
61,80,67.1863,0
61,81,4.47214,0
61,82,75.7694,0
61,83,5.38516,0
61,85,64.6607,0
61,93,80.05,0
61,96,75.9605,0
61,97,29.2062,0
62,2,36.1386,0
62,3,66.3702,0
62,5,62.3939,0
62,11,55.3624,0
62,17,42.8019,0
62,20,40.4969,0
62,23,87.3919,6.49568
62,26,53.8238,0
62,27,74.5282,6.12653
62,28,56.3028,0
62,30,51.4004,0
62,31,60.1332,0
62,37,67.2681,0
62,43,65.9697,0
62,44,107.331,8.94427
62,55,62.0512,4.83516
62,61,45.7056,0
62,66,28.1603,0
62,75,37.3476,0.532586
62,80,32.0156,0
62,81,48.5077,0
62,83,44.9222,0
62,84,63.2535,0
62,95,65.307,0
62,96,40.3113,0
62,97,34.0588,0
63,3,73.6817,0
63,4,22.8035,0
63,7,37.01,3.11445
63,10,42.9418,0
63,11,57.4891,0
63,13,86.3684,3.20354
63,16,74.9533,0
63,22,55.4042,4.65057
63,27,72.1063,5.94331
63,32,40.1366,3.11082
63,35,56.7186,0
63,40,46.8722,0
63,44,88.0135,7.07126
63,46,89.7414,7.53796
63,54,64.8845,0
63,55,106.945,8.81793
63,59,50.196,4.25531
63,64,58.1727,3.11639
63,65,92.8145,7.25682
63,75,125.17,9.79896
63,76,87.2067,5.44434
63,85,21.2132,0
63,88,71.1306,3.08537
63,92,126.094,4.15696
63,93,62.9682,0
64,4,77.1986,2.98752
64,7,76.0263,0
64,10,102.339,8.67143
64,11,104.921,8.48368
64,13,38.833,0
64,22,114.274,9.25392
64,27,72.7596,6.23654
64,32,98.2842,8.06965
64,40,105.343,8.70257
64,44,79.3221,0
64,46,133.776,0
64,55,110.596,4.52437
64,59,103.774,8.08627
64,63,58.1727,3.11639
64,75,127.854,6.74416
64,76,46.0435,0
64,79,147.809,2.79739
64,85,75.3478,6.04394
64,88,27.7849,0
64,92,69.4262,0
64,94,118.659,8.21345
65,4,83.3857,6.38299
65,7,98.9727,8.08686
65,10,44.4088,3.7979
65,16,54.8179,0
65,22,27.5919,2.36655
65,24,51.0784,0
65,32,48.8063,2.52905
65,35,57.6291,3.4303
65,36,49.0408,0
65,38,35.0143,0
65,40,38.2618,3.27351
65,49,76.8375,0
65,54,33.6006,0
65,57,61.2046,0
65,59,49.59,1.2325
65,63,92.8145,7.25682
65,82,74.3303,0
65,85,71.9794,5.90441
65,93,28.6007,0
66,2,46.6154,0
66,3,61.3514,0
66,5,50.1597,0
66,11,63.6553,0
66,17,34.7131,0
66,20,12.53,0
66,23,65.4302,5.61194
66,26,42.5441,0
66,27,74.7329,0
66,28,79.9312,0
66,30,33.2415,0
66,31,74.7329,0
66,37,75.3127,0
66,47,93.4915,8.01557
66,50,108.56,9.31173
66,55,86.4131,5.71314
66,61,41.5933,0
66,62,28.1603,0
66,67,62.7694,0
66,75,61.4137,0.495001
66,78,60.7289,0
66,80,28.0713,0
66,81,41.7852,0
66,83,37.6962,0
66,95,73.3485,0
66,96,36.0555,0
66,97,14.0357,0
67,0,55.3624,0
67,2,78.339,0
67,17,51.9711,0
67,20,55.7584,0
67,23,76.5231,3.04931
67,26,43.6578,0
67,30,90.915,5.22
67,66,62.7694,0
67,78,6,0
67,80,60.1332,0
67,96,57.2713,0
67,97,70.1783,0
68,6,88.9669,5.73804
68,8,87.1863,5.71667
68,9,54.7083,0
68,14,18.0278,0
68,15,65.521,0
68,21,85.6938,4.63762
68,25,31.0483,0
68,33,48.7869,4.15798
68,34,52.1536,0
68,39,100.311,8.23607
68,45,80.3767,5.84225
68,71,42.5793,0
68,74,99.2533,8.40997
68,79,104.191,8.76164
68,98,69.5959,3.43649
69,15,70.0071,0
69,29,30.8058,0
69,45,99.6243,7.47182
69,48,54.1295,0
69,51,17.4642,0
69,52,41.1461,0
69,56,59.4811,0
69,72,20.1246,0
69,87,78.1025,0
69,89,57.9828,0
69,90,40.6079,0
69,92,118.053,10.0486
69,94,56.3649,0
70,3,76.5768,0
70,5,71.6101,0
70,16,55.9017,0
70,19,38.6005,0
70,23,96.3858,8.15294
70,24,51.1566,0
70,35,74.2159,0
70,36,51.9711,0
70,38,67.0671,0
70,41,26,0
70,42,22.561,0
70,47,49.0408,0
70,49,44.9444,0
70,50,37.855,0
70,53,38.9487,0
70,54,71.1126,0
70,57,41.5933,0
70,58,24.0208,0
70,77,46.9574,0
70,82,28.0179,0
70,86,21.1896,0
70,93,75.326,0
71,1,55.3173,0
71,9,80.6226,0
71,14,27.1662,0
71,15,23.7065,0
71,25,55.0364,0
71,33,91.342,6.08947
71,34,10.4403,0
71,45,92.2925,5.67917
71,56,45.793,0
71,68,42.5793,0
71,73,61.2046,0
71,90,50.2195,0
71,91,53.1601,0
72,29,23.7065,0
72,48,44.5533,0
72,51,16.1245,0
72,52,45.607,0
72,56,66.0076,0
72,69,20.1246,0
72,87,67,0
72,89,42.0595,0
72,90,50.2195,0
72,94,59.397,0
73,1,9.89949,0
73,15,43.0813,0
73,34,51.0392,0
73,56,36.4005,0
73,71,61.2046,0
73,90,56.0357,0
73,91,14.1421,0
74,6,40.5475,3.17427
74,8,39.7528,3.28076
74,9,46.0013,3.90314
74,12,50.3386,3.0803
74,18,111.803,0
74,21,62.0794,5.31386
74,25,66.1469,4.72341
74,33,74.924,6.41333
74,39,57.8503,3.80714
74,45,80.1726,6.79467
74,46,161.307,0
74,60,75.4718,0
74,68,99.2533,8.40997
74,79,84.611,6.77198
74,98,33.731,2.76072
74,99,82.9759,4.03355
75,2,65.2993,0
75,3,76.2531,4.70975
75,4,86.6833,7.43607
75,5,74.3869,1.78988
75,7,83.3884,6.51983
75,11,54.5288,4.65243
75,13,115.966,0
75,17,78.5493,0
75,20,72.0071,0.493007
75,27,50.5964,0
75,28,63.0328,0.492191
75,30,71.2384,1.04564
75,31,81.4836,0.528929
75,43,48.0833,1.91603
75,44,70.7107,0
75,55,25.0599,0
75,61,54.5209,1.72267
75,62,37.3476,0.532586
75,63,125.17,9.79896
75,64,127.854,6.74416
75,66,61.4137,0.495001
75,80,67.7422,0
75,81,58.8989,1.71789
75,83,57.3637,1.64151
75,84,65.3876,0.495123
75,85,91.7282,7.24058
75,87,76.9948,1.14693
75,88,108.955,4.28601
75,94,83.0206,5.77183
75,96,75.452,0
75,97,60.4208,0.494973
76,4,120.171,3.90524
76,7,122,0
76,9,145.177,6.72423
76,12,103.811,7.30079
76,13,67.2012,0
76,21,118.152,0
76,27,114.05,9.01894
76,32,132.241,9.27851
76,44,112.801,0
76,45,124.675,4.05162
76,46,114.543,0
76,52,134.099,7.90328
76,55,158.114,0
76,59,133.678,8.80336
76,63,87.2067,5.44434
76,64,46.0435,0
76,79,106.053,1.45704
76,85,117.927,7.52329
76,88,65.3911,0
76,92,48.3735,0
76,94,124.427,7.5238
77,3,80.4091,0.496196
77,5,85.6349,7.04208
77,19,21.4709,0
77,20,76.8375,0
77,23,64.2615,5.4048
77,30,94.4614,7.9937
77,41,35.8469,0
77,42,25.6125,0
77,47,40.4061,2.16461
77,49,61.6847,0
77,50,29.4279,0
77,53,13.9284,0
77,58,26.9072,0
77,70,46.9574,0
77,81,105.384,8.81076
77,82,63.8905,0
77,83,108.643,9.24211
77,86,26.0768,0
77,97,117.773,9.91369
78,0,61.131,0
78,2,80.0062,0
78,17,53.4509,0
78,20,52.7731,0
78,23,71.4086,3.08505
78,26,46.0652,0
78,30,85.2804,4.68686
78,66,60.7289,0
78,67,6,0
78,80,60.8276,0
78,96,58.8218,0
78,97,67.1193,0
79,9,47.2675,3.50755
79,12,47.6075,3.86379
79,13,137.523,8.22506
79,14,101.569,8.6811
79,21,23.3238,0
79,25,73.0905,5.6505
79,45,26.0768,0
79,46,152.382,3.65824
79,60,129.583,7.67321
79,64,147.809,2.79739
79,68,104.191,8.76164
79,74,84.611,6.77198
79,76,106.053,1.45704
79,92,73.7218,6.30731
79,98,50,4.28571
80,2,21.9317,0
80,5,78.0256,0
80,17,10.8167,0
80,20,36.4005,0
80,23,86.9016,5.99094
80,26,21.9545,0
80,28,62.1691,0
80,30,61.2944,0
80,31,49.4065,0
80,37,47.5395,0
80,55,93.0575,5.37778
80,61,67.1863,0
80,62,32.0156,0
80,66,28.0713,0
80,67,60.1332,0
80,75,67.7422,0
80,78,60.8276,0
80,81,68.2495,0
80,83,64.1327,0
80,84,71.1758,0
80,95,45.607,0
80,96,8.94427,0
80,97,42.0119,0
81,3,19.6469,0
81,4,63.5059,0
81,5,15.5563,0
81,7,67.1322,1.95802
81,10,72.2011,0
81,11,31.4006,0
81,16,59.0339,0
81,17,76.243,0
81,20,42.0119,0
81,23,51.0152,3.78161
81,24,73.0274,0
81,27,53.6004,0
81,30,19.9249,0
81,35,54.4243,0
81,36,79.0253,0
81,40,76.9415,0
81,41,62.2415,0
81,42,74.6525,0
81,44,102.948,8.54997
81,47,44.7772,0
81,49,47.4342,0
81,50,55.2178,0
81,54,75.1864,0
81,55,79.3818,6.30014
81,58,70.2922,0
81,61,4.47214,0
81,62,48.5077,0
81,66,41.7852,0
81,75,58.8989,1.71789
81,77,105.384,8.81076
81,80,68.2495,0
81,82,72.45,0
81,83,4.12311,0
81,85,66.6108,0
81,86,77.4661,0
81,93,79.1202,0
81,96,76.9025,0
81,97,28.6531,0
82,3,57.4543,0
82,5,58.6941,0
82,10,62.2896,0
82,16,28.4605,0
82,19,62.9682,0
82,22,91.2986,6.56878
82,23,92.388,7.49815
82,24,23.5372,0
82,30,74.2428,0
82,35,47.1699,0
82,36,25.4951,0
82,38,42.4382,0
82,40,61,0
82,41,29.2062,0
82,42,39.1152,0
82,47,48.0833,0
82,49,25.0799,0
82,50,41.1825,0
82,53,60.8276,0
82,54,43.2897,0
82,57,21.9317,0
82,58,37.0135,0
82,61,75.7694,0
82,65,74.3303,0
82,70,28.0179,0
82,77,63.8905,0
82,81,72.45,0
82,83,75.8947,0
82,86,39.8246,0
82,93,47.676,0
83,2,78.1025,0
83,3,23.7697,0
83,4,66.242,0
83,5,18.0278,0
83,7,69.4669,1.99728
83,10,76.1577,0
83,11,33.2415,0
83,16,63.0714,0
83,17,72.1249,0
83,20,38.2884,0
83,23,50.1404,3.76053
83,24,77.0065,0
83,26,80.2309,0
83,27,54.1479,0
83,30,18.1108,0
83,35,58.5235,0
83,40,80.9506,0
83,41,64.5368,0
83,42,76.4853,0
83,44,105.056,8.85523
83,47,47.2551,0.589892
83,49,50.9608,0
83,50,56.8507,0
83,54,79.3095,0
83,55,78.2487,6.16812
83,58,72.1803,0
83,61,5.38516,0
83,62,44.9222,0
83,66,37.6962,0
83,75,57.3637,1.64151
83,77,108.643,9.24211
83,80,64.1327,0
83,81,4.12311,0
83,82,75.8947,0
83,85,69.814,0
83,86,79.3095,0
83,96,72.7805,0
83,97,24.6982,0
84,2,50.9608,0
84,17,77.4919,0
84,28,9.21954,0
84,29,79.9062,0
84,31,37.6431,0
84,37,55.6597,0
84,43,40.8044,0
84,48,56.5685,0
84,52,80.9506,0
84,55,80.1305,4.29271
84,62,63.2535,0
84,75,65.3876,0.495123
84,80,71.1758,0
84,87,33.0151,0
84,89,61.1882,0
84,94,72.2011,0
84,95,55.0818,0
84,96,72.1249,0
85,3,52.9245,0
85,4,11.4018,0
85,5,70.7743,0
85,7,27.1448,2.19246
85,10,28.6007,0
85,11,41.0488,0
85,13,96.1665,5.9397
85,16,55.7136,0
85,22,44.4467,3.3768
85,24,65.5134,0
85,27,47.0106,0
85,32,33.1761,1.73334
85,35,37,0
85,36,68.8186,0
85,38,68.884,0
85,40,34.1321,0
85,44,79.9056,6.79878
85,49,69.2604,0
85,54,49.5177,0
85,55,84.0398,6.72626
85,59,48.529,4.07113
85,61,64.6607,0
85,63,21.2132,0
85,64,75.3478,6.04394
85,65,71.9794,5.90441
85,75,91.7282,7.24058
85,76,117.927,7.52329
85,81,66.6108,0
85,83,69.814,0
85,88,81.7371,5.64953
85,93,48.9183,0
86,3,71.5891,0
86,5,62.0081,0
86,16,62.8013,0
86,19,24.1868,0
86,23,80.2325,6.68604
86,24,62.7694,0
86,30,82.3203,5.48802
86,35,79.0253,0
86,36,65.2993,0
86,41,17.4642,0
86,42,2.82843,0
86,47,34.2053,0
86,49,45.1774,0
86,50,22.6716,0
86,53,21.0238,0
86,57,58.7963,0
86,58,7.2111,0
86,70,21.1896,0
86,77,26.0768,0
86,81,77.4661,0
86,82,39.8246,0
86,83,79.3095,0
87,28,42.0119,0
87,29,47.2969,0
87,31,70.0357,0
87,43,33.2415,0
87,44,89.5614,4.01894
87,48,24.0416,0
87,51,60.6383,0
87,52,53.0754,0
87,55,84.6091,4.2446
87,69,78.1025,0
87,72,67,0
87,75,76.9948,1.14693
87,84,33.0151,0
87,89,29.9666,0
87,94,48.8774,0
88,4,76.2295,2.10192
88,7,67.2309,0
88,10,108.357,9.2778
88,11,66.0092,2.70037
88,13,15.2315,0
88,22,123.414,9.91284
88,27,53.2854,4.37501
88,32,110.628,8.69167
88,43,103.359,8.7801
88,44,51.614,0
88,46,161.555,0
88,52,114.393,8.93745
88,55,86.7175,3.36805
88,59,122.205,8.23021
88,63,71.1306,3.08537
88,64,27.7849,0
88,75,108.955,4.28601
88,76,65.3911,0
88,85,81.7371,5.64953
88,92,69.5701,0
88,94,97.7034,7.56769
89,28,70.406,0
89,29,30.6105,0
89,43,57.6281,0
89,48,20.3961,0
89,51,41.8688,0
89,52,50.448,0
89,69,57.9828,0
89,72,42.0595,0
89,84,61.1882,0
89,87,29.9666,0
89,94,55.0364,0
90,1,58.6003,0
90,14,67.6757,0
90,15,31.0483,0
90,25,81.0247,0
90,29,70,0
90,34,47.927,0
90,51,57.0789,0
90,52,80.9568,0
90,56,19.7231,0
90,69,40.6079,0
90,71,50.2195,0
90,72,50.2195,0
90,73,56.0357,0
90,91,60.1664,0
91,1,4.24264,0
91,14,80.05,0
91,15,39.6989,0
91,34,42.72,0
91,56,40.8044,0
91,71,53.1601,0
91,73,14.1421,0
91,90,60.1664,0
92,4,142.684,3.04467
92,7,136.704,0
92,9,121.817,10.0588
92,12,122.462,7.09437
92,13,60.531,0
92,21,97.188,7.00875
92,27,119.106,7.78159
92,29,111.435,9.55628
92,43,103.843,8.86246
92,44,98.0612,0
92,45,89.1911,7.59004
92,46,161.009,0
92,51,111.677,9.57854
92,52,86,6.51852
92,55,142.338,0
92,63,126.094,4.15696
92,64,69.4262,0
92,69,118.053,10.0486
92,76,48.3735,0
92,79,73.7218,6.30731
92,88,69.5701,0
92,94,80.2083,5.97873
93,3,59.4811,0
93,4,59.4054,0
93,5,72.8972,0
93,7,75.7166,3.22602
93,10,20.5183,0
93,11,71.5681,0
93,16,26.2488,0
93,22,44.1205,3.15677
93,24,24.1868,0
93,32,61.5474,3.66354
93,35,25.1794,0
93,36,24.1868,0
93,38,20,0
93,40,16.1245,0
93,41,72.0139,0
93,49,48.2701,0
93,50,80.1561,0
93,54,5,0
93,57,39.8497,0
93,59,71.0844,4.02918
93,61,80.05,0
93,63,62.9682,0
93,65,28.6007,0
93,70,75.326,0
93,81,79.1202,0
93,82,47.676,0
93,85,48.9183,0
94,13,82.6551,6.79067
94,27,100.652,8.6056
94,28,78.5493,0
94,29,37.4433,0
94,43,35.4401,0
94,44,67.0924,5.50864
94,48,35.0571,0
94,51,44.0454,0
94,52,15.2315,0
94,55,72.6722,4.89657
94,64,118.659,8.21345
94,69,56.3649,0
94,72,59.397,0
94,75,83.0206,5.77183
94,76,124.427,7.5238
94,84,72.2011,0
94,87,48.8774,0
94,88,97.7034,7.56769
94,89,55.0364,0
94,92,80.2083,5.97873
95,2,29.2746,0
95,17,43.4166,0
95,26,45.2769,0
95,28,47.1699,0
95,31,17.4642,0
95,37,2,0
95,62,65.307,0
95,66,73.3485,0
95,80,45.607,0
95,84,55.0818,0
95,96,39.3954,0
96,2,21.1896,0
96,17,5.38516,0
96,20,42.9535,0
96,23,86.2048,3.75051
96,26,15.2971,0
96,28,62.9365,0
96,30,69.029,0
96,31,45.9674,0
96,37,41.2311,0
96,61,75.9605,0
96,62,40.3113,0
96,66,36.0555,0
96,67,57.2713,0
96,75,75.452,0
96,78,58.8218,0
96,80,8.94427,0
96,81,76.9025,0
96,83,72.7805,0
96,84,72.1249,0
96,95,39.3954,0
96,97,50.0899,0
97,2,59.4811,0
97,3,47.927,0
97,5,36.1248,0
97,11,54.0833,0
97,17,48.6621,0
97,20,14.4222,0
97,23,53.5182,4.5094
97,26,55.9732,0
97,27,69.1231,0
97,30,19.6469,0
97,41,75.7694,0
97,47,72.4907,6.14532
97,49,70.0071,0
97,50,84.236,6.79001
97,55,86.0088,6.17206
97,58,101.354,7.70028
97,61,29.2062,0
97,62,34.0588,0
97,66,14.0357,0
97,67,70.1783,0
97,75,60.4208,0.494973
97,77,117.773,9.91369
97,78,67.1193,0
97,80,42.0119,0
97,81,28.6531,0
97,83,24.6982,0
97,96,50.0899,0
98,6,55.0196,2.44532
98,8,54.1984,2.90349
98,9,12,0
98,12,21.9317,0
98,14,66.2873,0
98,18,126.338,5.0582
98,21,29.0689,1.82951
98,25,36.2353,0
98,33,53.4603,0
98,39,77.3679,5.26886
98,45,45.6254,3.90657
98,60,98.8457,4.17685
98,68,69.5959,3.43649
98,74,33.731,2.76072
98,79,50,4.28571
99,6,44.2041,0
99,8,46.4004,0
99,33,83.7154,3.20502
99,39,34.4819,0
99,60,113.433,9.64774
99,74,82.9759,4.03355
