0,3,171.292,0
0,73,199.218,0
0,75,291.554,13.5397
0,94,203.039,0
0,95,233.944,0
1,39,143.098,0
1,41,270.668,0
1,47,174.642,0
1,66,170.188,0
1,79,95.5249,0
1,85,248.477,0
1,92,217.518,0
1,97,135.033,0
1,99,202.675,0
2,4,24.3311,0
2,11,225.081,8.401
2,12,194.17,10.1548
2,19,199.33,15.4188
2,21,128.445,0
2,23,232.003,16.8513
2,28,226.501,15.8632
2,30,162.997,0
2,35,511.11,11.1945
2,38,226.067,19.3928
2,51,117.516,0
2,53,460.465,11.9842
2,58,410.702,34.2709
2,65,176.013,11.3384
2,67,192.276,0
2,69,63.4048,4.33852
2,70,18.0278,0
2,71,479.031,19.3016
2,88,109.882,0
3,0,171.292,0
3,8,346.046,29.6787
3,30,154.434,0
3,38,265.377,14.97
3,51,210.466,0
3,58,314.395,26.8781
3,67,118.962,0
3,73,239.885,0
3,75,306.479,15.3906
3,94,188.367,0
3,95,258.451,0
4,2,24.3311,0
4,11,217.982,12.6961
4,12,156.723,13.3808
4,19,258.082,12.8446
4,21,105.119,0
4,23,208.097,16.105
4,28,242.954,20.8399
4,30,186.526,0
4,38,247.829,20.8999
4,51,133.963,0
4,53,489.864,13.5369
4,65,212.951,12.1189
4,67,214.182,0
4,69,50.4058,1.41565
4,70,22.2036,0
4,71,478.428,22.8161
4,88,85.6154,0
5,20,226.356,0
5,22,155.859,0
5,23,300.463,25.5213
5,24,215.021,0
5,27,259.825,13.8289
5,28,229.02,0
5,36,12.083,0
5,41,245.122,0
5,42,91.7606,0
5,44,79.8123,0
5,47,266.008,0
5,50,187.299,0
5,54,203.31,9.67772
5,62,260.346,0
5,78,69.4046,0
5,82,113.004,0
5,83,172.812,0
5,90,78.5175,0
5,91,213.378,0
5,93,263.685,0
6,7,218.905,9.88864
6,8,151.846,4.94163
6,10,66.6408,0
6,13,240.608,0
6,17,132.62,0
6,34,275.944,0
6,35,407.475,18.3202
6,40,115.966,0
6,43,67.6018,0
6,52,258.26,0
6,53,407.67,19.8173
6,55,130.034,10.9801
6,58,274.933,23.549
6,60,261.262,0
6,72,130.468,9.67661
6,73,234.322,8.33359
6,75,150.296,0
6,76,185.173,0
6,77,126.12,10.713
6,84,130.614,0
6,86,374.237,17.8586
6,94,249.106,16.0259
6,95,196.03,7.30904
6,98,265.074,11.9683
7,6,218.905,9.88864
7,10,186.625,0
7,13,259.326,0
7,17,193.582,0
7,25,235.51,0
7,32,131.594,0
7,34,119.921,0
7,35,284.331,24.3874
7,37,204.551,0
7,43,312.843,26.8081
7,48,106.626,0
7,52,65.3911,0
7,53,341.203,28.3428
7,55,189.43,14.7753
7,56,221.504,0
7,60,223.034,0
7,63,143.586,0
7,64,88.1022,0
7,71,262.399,3.72421
7,72,94.6256,0
7,74,112.73,0
7,76,62.6498,0
7,77,338.595,27.9242
7,80,208.37,0
7,84,87.0976,0
7,86,254.92,21.7831
7,98,53.0094,0
8,3,346.046,29.6787
8,6,151.846,4.94163
8,10,217.35,4.63794
8,17,283.414,4.67746
8,19,389.931,18.9174
8,30,381.694,18.962
8,35,381.25,1.6478
8,38,286.974,18.4079
8,40,156.123,6.69145
8,43,86.2477,4.79622
8,53,342.374,3.53163
8,55,270.88,0
8,58,106.942,3.24394
8,65,436.627,18.8987
8,67,380.79,28.792
8,72,356.099,14.2334
8,73,223.513,18.9843
8,75,163.006,13.7963
8,76,432.887,20.2441
8,77,123.321,0
8,84,416.12,27.896
8,86,369.096,0
8,94,163.082,13.8838
8,95,237.809,14.8465
9,13,119.331,0
9,14,46.5725,0
9,15,10.2956,0
9,17,211.603,0
9,46,6.40312,0
9,56,72.1803,0
9,60,81.1542,0
9,63,191.377,0
9,80,266.12,0
9,84,252.492,0
10,6,66.6408,0
10,7,186.625,0
10,8,217.35,4.63794
10,13,173.968,0
10,17,66.1287,0
10,35,438.549,32.4228
10,40,151.568,0
10,43,134.183,0
10,52,239.134,0
10,55,165.232,12.3426
10,56,219,0
10,58,355.401,30.301
10,60,197.821,0
10,63,254.189,0
10,64,260.801,0
10,72,115,0
10,73,278.451,8.26176
10,75,197.307,0
10,76,197.018,0
10,77,195.158,14.2539
10,84,102.903,0
10,86,401.008,31.0604
10,94,308.035,17.354
10,95,241.459,7.67915
10,98,236.248,0
11,2,225.081,8.401
11,4,217.982,12.6961
11,12,53.1738,4.14341
11,18,319.891,20.5925
11,19,192.603,0
11,21,292.714,25.0698
11,23,373.767,20.0233
11,28,167.02,13.2362
11,29,311.768,21.1435
11,30,334.994,27.9162
11,35,354.277,0
11,38,319.531,0
11,51,311.006,26.6035
11,53,326.907,0
11,58,486.033,14.0241
11,65,163.683,0
11,67,372.479,31.9268
11,68,227.306,19.4967
11,69,152.819,4.08953
11,70,239.223,14.0418
11,71,258.45,10.3417
11,86,391.346,0
11,88,261.943,21.8772
12,2,194.17,10.1548
12,4,156.723,13.3808
12,11,53.1738,4.14341
12,18,276.871,2.17042
12,19,238.292,1.93626
12,21,220.806,17.1138
12,23,320.625,15.2303
12,28,127.738,9.30305
12,29,265.742,4.00103
12,30,332.219,28.4986
12,35,407.108,6.70775
12,38,361.961,1.97744
12,51,314.604,26.9875
12,53,380.358,6.57814
12,65,201.12,1.95106
12,67,364.625,30.13
12,68,238.035,20.0825
12,69,107.462,5.44069
12,70,186.046,15.5861
12,71,225.735,19.1435
12,82,455.634,30.3756
12,86,444.296,6.71819
12,88,191.881,15.9254
13,6,240.608,0
13,7,259.326,0
13,9,119.331,0
13,10,173.968,0
13,14,165.895,0
13,15,129.283,0
13,17,108.407,0
13,46,123.357,0
13,52,273.66,0
13,56,99.4887,0
13,60,71.8471,0
13,63,219.365,0
13,72,247.386,0
13,84,189.336,0
14,9,46.5725,0
14,13,165.895,0
14,15,36.6742,0
14,17,255.384,0
14,46,43.0813,0
14,56,104.752,0
14,60,121.495,0
14,63,198.6,0
14,80,256.681,0
15,9,10.2956,0
15,13,129.283,0
15,14,36.6742,0
15,17,220.005,0
15,46,9.84886,0
15,56,76.0263,0
15,60,87.9318,0
15,63,189.497,0
15,80,272.002,5.26824
15,84,257.624,0
16,18,71.6938,0
16,20,72.1249,0
16,28,269.824,0
16,29,72.0069,0
16,31,144.81,0
16,33,276.065,0
16,37,226.808,0
16,42,208.002,0
16,45,262.612,0
16,49,191.951,0
16,61,146.455,0
16,68,203.679,0
16,71,251.796,0
16,78,275.83,0
16,81,53.7401,0
16,85,175.864,0
16,87,155.242,0
16,89,208.483,0
16,92,232.381,0
16,96,93.0215,0
17,6,132.62,0
17,7,193.582,0
17,8,283.414,4.67746
17,9,211.603,0
17,10,66.1287,0
17,13,108.407,0
17,14,255.384,0
17,15,220.005,0
17,40,206.194,0
17,43,199.965,0
17,46,217.083,0
17,52,231.487,0
17,55,232.438,17.1943
17,56,158.676,0
17,60,135.093,0
17,63,219.92,0
17,64,250.32,0
17,72,151.288,0
17,74,267.899,0
17,75,255.635,0
17,76,222.991,0
17,77,260.712,15.7797
17,84,108.074,0
17,98,246.52,0
18,11,319.891,20.5925
18,12,276.871,2.17042
18,16,71.6938,0
18,20,96.1769,0
18,28,230.367,0
18,29,36.4005,0
18,31,195.862,0
18,32,232.594,0
18,34,244.965,0
18,37,176.006,0
18,42,235.417,0
18,49,255.384,0
18,61,213.965,0
18,68,132.608,0
18,71,180.369,0
18,81,123.175,0
18,85,247.297,0
18,87,136.059,0
18,89,233.137,0
18,96,37.4833,0
19,2,199.33,15.4188
19,4,258.082,12.8446
19,8,389.931,18.9174
19,11,192.603,0
19,12,238.292,1.93626
19,21,368.841,31.0218
19,28,333.761,28.0088
19,30,225.06,16.8795
19,35,295.053,0
19,38,127.138,0
19,43,518.783,3.35303
19,51,208.121,13.0985
19,53,240.308,0
19,55,509.4,0
19,58,316.746,8.09426
19,65,46.6476,0
19,67,268.827,22.9882
19,68,371.482,23.6855
19,69,236.868,4.5985
19,70,211.334,17.876
19,71,359.09,3.70405
19,77,468.606,0
19,86,325.171,0
19,88,346.903,27.7577
20,5,226.356,0
20,16,72.1249,0
20,18,96.1769,0
20,28,213.825,0
20,29,66.0984,0
20,31,210.343,0
20,36,236.814,0
20,37,272,0
20,42,142.172,0
20,49,243.46,0
20,61,192.917,0
20,68,201.249,0
20,71,249.281,0
20,78,214.009,0
20,81,108.342,0
20,85,190.394,0
20,87,218.344,0
20,92,259.625,0
20,96,132.231,0
21,2,128.445,0
21,4,105.119,0
21,11,292.714,25.0698
21,12,220.806,17.1138
21,19,368.841,31.0218
21,23,131.918,11.1303
21,27,215.202,8.3583
21,28,191.974,7.74436
21,51,205.65,0
21,54,331.059,25.0026
21,65,322.659,27.6418
21,69,130.906,0.667747
21,70,116.692,0
21,82,272.418,22.5742
21,88,29.7321,0
21,90,330.649,24.9388
22,5,155.859,0
22,23,254.993,17.8179
22,24,249.834,1.28092
22,26,249.444,6.19963
22,27,144.152,12.0467
22,36,149.566,0
22,42,247.111,0
22,44,77.0584,0
22,50,203.14,1.83434
22,54,47.3104,3.75479
22,62,236.966,5.40415
22,78,210.687,0
22,82,110.68,0
22,83,64.2415,5.49893
22,90,85.0357,1.06151
22,91,112.86,7.80818
22,93,194.134,8.12174
23,2,232.003,16.8513
23,4,208.097,16.105
23,5,300.463,25.5213
23,11,373.767,20.0233
23,12,320.625,15.2303
23,21,131.918,11.1303
23,22,254.993,17.8179
23,27,178.15,9.81898
23,28,177.971,15.2438
23,36,295.45,23.9727
23,42,362.086,30.917
23,44,294.924,25.2998
23,54,302.202,25.2264
23,65,426.369,30.877
23,69,242.126,20.4064
23,70,226.098,16.5004
23,82,214.264,10.1502
23,83,319.183,23.8944
23,88,127.081,10.6322
23,90,271.278,22.4228
24,5,215.021,0
24,22,249.834,1.28092
24,26,131.244,0
24,36,204.157,0
24,41,72.5328,0
24,42,255.55,0
24,44,209.848,0
24,47,180.228,0
24,50,49.0408,0
24,54,315.777,17.2063
24,62,102.616,0
24,78,181.893,0
24,79,274.804,0
24,83,216.67,0
24,90,238.195,0
24,91,210.381,0
24,93,176.726,0
24,97,210.523,0
25,7,235.51,0
25,32,210.77,0
25,34,220.336,0
25,37,178.354,0
25,45,223.886,0
25,48,154.331,0
25,52,173.254,0
25,57,164.76,0
25,63,188.452,0
25,64,150.629,0
25,74,128.55,0
25,76,269.67,0
25,80,101.789,0
25,87,202.83,0
25,89,234.233,0
25,98,205.73,0
26,22,249.444,6.19963
26,24,131.244,0
26,36,272.883,0
26,41,195.479,0
26,44,241.05,0
26,50,113.455,0
26,54,297.338,17.6045
26,62,29.6816,0
26,83,191.606,0
26,90,270.44,0
26,91,156.924,0
26,93,78.6448,0
27,5,259.825,13.8289
27,21,215.202,8.3583
27,22,144.152,12.0467
27,23,178.15,9.81898
27,28,366.567,30.7462
27,36,247.24,9.57835
27,44,181.852,7.76955
27,54,130.034,9.7918
27,82,173.132,14.601
27,83,233.542,17.3588
27,88,214.114,0
27,90,166.657,7.15996
27,91,255.826,21.9279
27,93,336.102,26.0078
28,2,226.501,15.8632
28,4,242.954,20.8399
28,5,229.02,0
28,11,167.02,13.2362
28,12,127.738,9.30305
28,16,269.824,0
28,18,230.367,0
28,19,333.761,28.0088
28,20,213.825,0
28,21,191.974,7.74436
28,23,177.971,15.2438
28,27,366.567,30.7462
28,29,204.025,0
28,36,240.008,0
28,42,222.463,0
28,44,260.722,0
28,65,328.78,24.799
28,68,187.302,0
28,69,167.467,12.1136
28,70,263.495,22.3701
28,71,203.652,0
28,82,229.879,17.1405
28,88,149.164,0
28,90,232.433,0
28,96,256.383,0
29,11,311.768,21.1435
29,12,265.742,4.00103
29,16,72.0069,0
29,18,36.4005,0
29,20,66.0984,0
29,28,204.025,0
29,31,212.445,0
29,32,261.008,0
29,34,272.369,0
29,37,209.955,0
29,42,200.808,0
29,49,263.883,0
29,61,218.248,0
29,68,140.428,0
29,71,189.114,0
29,78,274.571,0
29,81,125.495,0
29,85,238.38,0
29,87,171.735,0
29,89,261.002,0
29,96,73.6614,0
30,2,162.997,0
30,3,154.434,0
30,4,186.526,0
30,8,381.694,18.962
30,11,334.994,27.9162
30,12,332.219,28.4986
30,19,225.06,16.8795
30,35,425.311,30.1863
30,38,119.884,8.90029
30,51,96.6747,0
30,53,363.28,27.6913
30,58,234.19,19.9719
30,65,198.878,16.9698
30,67,46.0652,0
30,69,248.674,18.0751
30,70,168.003,0
30,77,415.78,31.7913
30,86,453.117,29.1568
30,88,269.091,0
30,94,340.859,29.0622
31,16,144.81,0
31,18,195.862,0
31,20,210.343,0
31,29,212.445,0
31,33,137.674,0
31,37,265.006,0
31,39,242.825,0
31,45,145,0
31,49,77.8781,0
31,57,191.802,0
31,59,188.438,0
31,61,75.1332,0
31,81,103.121,0
31,85,161.697,0
31,87,161.4,0
31,89,98.7168,0
31,92,167.323,0
31,96,190.591,0
32,7,131.594,0
32,18,232.594,0
32,25,210.77,0
32,29,261.008,0
32,34,16.1245,0
32,35,218.55,18.1831
32,37,85.4751,0
32,48,69.3542,0
32,52,134.183,0
32,53,281.958,24.1154
32,55,282.497,23.2568
32,63,233.345,0
32,64,138.293,0
32,68,164.757,0
32,71,150.296,0
32,72,190.937,0
32,74,151.476,0
32,76,107.564,0
32,80,243.239,0
32,84,214.114,0
32,86,205.845,16.5197
32,87,188.86,0
32,96,201.993,0
32,98,80.6536,0
33,16,276.065,0
33,31,137.674,0
33,45,62.9365,0
33,49,156.63,0
33,57,121.696,0
33,59,181.728,0
33,61,193.383,0
33,81,240.142,0
33,87,220.871,0
33,89,87.0919,0
33,92,248.163,0
34,6,275.944,0
34,7,119.921,0
34,18,244.965,0
34,25,220.336,0
34,29,272.369,0
34,32,16.1245,0
34,35,207.192,17.5127
34,37,101.597,0
34,43,423.954,34.2538
34,48,72.5672,0
34,52,129.449,0
34,53,270.44,22.9464
34,55,265.331,22.2057
34,63,229.63,0
34,64,136.18,0
34,68,169.65,0
34,71,150.602,0
34,72,175.354,0
34,74,151.608,0
34,76,91.9239,0
34,77,416.275,31.9331
34,80,246.562,0
34,84,200.562,0
34,86,197.377,16.6096
34,87,204.919,0
34,96,215.335,0
34,98,71.1969,0
35,2,511.11,11.1945
35,6,407.475,18.3202
35,7,284.331,24.3874
35,8,381.25,1.6478
35,10,438.549,32.4228
35,11,354.277,0
35,12,407.108,6.70775
35,19,295.053,0
35,30,425.311,30.1863
35,32,218.55,18.1831
35,34,207.192,17.5127
35,37,289.602,21.4044
35,38,328.445,0
35,43,373.881,2.43961
35,48,266.99,18.2586
35,52,322.968,25.9741
35,53,63.1506,0
35,55,282.078,0
35,58,321.762,11.1408
35,64,334.213,25.497
35,65,330.551,0
35,68,281.003,18.8132
35,69,473.381,9.79932
35,71,232.668,3.80516
35,72,299.216,16.7806
35,76,221.497,16.3365
35,77,329.812,0
35,84,347.213,29.1518
35,86,37.2022,0
35,98,254.901,21.6815
36,5,12.083,0
36,20,236.814,0
36,22,149.566,0
36,23,295.45,23.9727
36,24,204.157,0
36,26,272.883,0
36,27,247.24,9.57835
36,28,240.008,0
36,41,236.248,0
36,42,100.09,0
36,44,72.6911,0
36,47,261.645,0
36,50,175.582,0
36,54,186.003,4.71599
36,62,248.278,0
36,78,67.9779,0
36,82,116.103,0
36,83,163.982,0
36,90,75.6902,0
36,91,203.421,0
36,93,252.127,0
37,7,204.551,0
37,16,226.808,0
37,18,176.006,0
37,20,272,0
37,25,178.354,0
37,29,209.955,0
37,31,265.006,0
37,32,85.4751,0
37,34,101.597,0
37,35,289.602,21.4044
37,45,257.738,0
37,48,106.301,0
37,52,183.6,0
37,53,352.359,29.5157
37,57,228.98,0
37,63,270.141,0
37,64,176.977,0
37,68,163.233,0
37,71,174.072,0
37,72,274.855,0
37,74,178.62,0
37,76,192.01,0
37,80,244.935,0
37,81,257.857,0
37,86,283.363,19.8917
37,87,103.817,0
37,89,228.037,0
37,96,139.989,0
37,98,151.648,0
38,2,226.067,19.3928
38,3,265.377,14.97
38,4,247.829,20.8999
38,8,286.974,18.4079
38,11,319.531,0
38,12,361.961,1.97744
38,19,127.138,0
38,30,119.884,8.90029
38,35,328.445,0
38,43,438.563,6.28982
38,51,213.908,17.3394
38,53,265.481,0
38,55,447.515,11.2232
38,58,195.326,11.835
38,65,161.009,0
38,67,181.179,14.2973
38,68,484.526,24.3736
38,69,329.978,8.20121
38,70,236.664,20.0521
38,71,457.357,3.60882
38,77,397.457,0
38,86,348.144,0
38,88,339.041,26.1491
38,94,336.012,28.7968
39,1,143.098,0
39,31,242.825,0
39,47,205.905,0
39,49,170.074,0
39,59,157.547,0
39,61,175.559,0
39,66,149.79,0
39,79,120.673,0
39,81,251.114,0
39,85,127.318,0
39,92,76.0066,0
39,97,220.737,0
39,99,234.764,0
40,6,115.966,0
40,8,156.123,6.69145
40,10,151.568,0
40,17,206.194,0
40,43,117.277,0
40,55,232.091,16.903
40,58,284.18,24.2925
40,72,242.232,10.0034
40,73,145.678,12.0502
40,75,52.3927,0
40,77,158.48,7.49789
40,84,242.99,0
40,94,158.965,10.0792
40,95,106.339,9.12239
41,1,270.668,0
41,5,245.122,0
41,24,72.5328,0
41,26,195.479,0
41,36,236.248,0
41,42,260.432,0
41,44,260.517,0
41,47,116.108,0
41,50,119.013,0
41,62,169.189,0
41,78,193.747,0
41,79,207.885,0
41,93,248.477,0
41,97,138.004,0
42,5,91.7606,0
42,16,208.002,0
42,18,235.417,0
42,20,142.172,0
42,22,247.111,0
42,23,362.086,30.917
42,24,255.55,0
42,28,222.463,0
42,29,200.808,0
42,36,100.09,0
42,41,260.432,0
42,44,171.563,0
42,47,239.24,0
42,50,243.37,0
42,54,296.621,11.4394
42,61,275.049,0
42,78,74.2496,0
42,81,222.308,0
42,82,183.636,0
42,83,264.068,0
42,85,223.376,0
42,90,166.868,0
42,96,272.606,0
43,6,67.6018,0
43,7,312.843,26.8081
43,8,86.2477,4.79622
43,10,134.183,0
43,17,199.965,0
43,19,518.783,3.35303
43,34,423.954,34.2538
43,35,373.881,2.43961
43,38,438.563,6.28982
43,40,117.277,0
43,53,362.742,2.44343
43,55,151.469,3.16932
43,58,204.241,14.2183
43,72,204.708,15.9513
43,73,240.204,18.6983
43,75,126.827,0
43,76,313.916,22.6039
43,77,50.6631,2.54163
43,84,197.648,8.55152
43,86,346.247,2.45115
43,94,180.663,8.23786
43,95,176.298,8.93346
43,98,368.071,31.4412
44,5,79.8123,0
44,22,77.0584,0
44,23,294.924,25.2998
44,24,209.848,0
44,26,241.05,0
44,27,181.852,7.76955
44,28,260.722,0
44,36,72.6911,0
44,41,260.517,0
44,42,171.563,0
44,50,168.324,0
44,54,113.63,4.13351
44,62,221.815,0
44,78,134.495,0
44,82,89.1067,0
44,83,94.6678,0
44,90,30.0167,0
44,91,138.852,0
44,93,202.237,0
45,16,262.612,0
45,25,223.886,0
45,31,145,0
45,33,62.9365,0
45,37,257.738,0
45,49,190.709,0
45,57,61.2944,0
45,59,240.075,0
45,61,214.979,0
45,81,237.539,0
45,87,174.771,0
45,89,54.1295,0
45,96,261.92,0
46,9,6.40312,0
46,13,123.357,0
46,14,43.0813,0
46,15,9.84886,0
46,17,217.083,0
46,56,78.5684,0
46,60,87.3212,0
46,63,196.698,0
46,80,278.017,3.88172
46,84,258.853,0
47,1,174.642,0
47,5,266.008,0
47,24,180.228,0
47,36,261.645,0
47,39,205.905,0
47,41,116.108,0
47,42,239.24,0
47,50,217.23,0
47,78,198.204,0
47,79,95,0
47,85,215.873,0
47,92,241.4,0
47,97,77.1622,0
48,7,106.626,0
48,25,154.331,0
48,32,69.3542,0
48,34,72.5672,0
48,35,266.99,18.2586
48,37,106.301,0
48,52,77.4919,0
48,53,338.667,28.4068
48,55,280.907,18.9721
48,63,170,0
48,64,74.0608,0
48,68,231.138,0
48,71,219.584,0
48,72,192.408,0
48,74,83.2406,0
48,76,119.633,0
48,80,174.256,0
48,84,193.29,0
48,86,267.471,20.5295
48,87,201.559,0
48,96,244.518,0
48,98,59.203,0
49,16,191.951,0
49,18,255.384,0
49,20,243.46,0
49,29,263.883,0
49,31,77.8781,0
49,33,156.63,0
49,39,170.074,0
49,45,190.709,0
49,57,247.388,0
49,59,120.739,0
49,61,51.788,0
49,66,262.545,0
49,79,271.516,0
49,81,139.431,0
49,85,121.314,0
49,87,239.176,0
49,89,158.808,0
49,92,97.6934,0
49,96,257.69,0
50,5,187.299,0
50,22,203.14,1.83434
50,24,49.0408,0
50,26,113.455,0
50,36,175.582,0
50,41,119.013,0
50,42,243.37,0
50,44,168.324,0
50,47,217.23,0
50,54,268.911,17.0452
50,62,84.1724,0
50,78,169.499,0
50,82,257.171,0
50,83,167.705,0
50,90,197.732,0
50,91,162.348,0
50,93,138.813,0
50,97,255.838,0
51,2,117.516,0
51,3,210.466,0
51,4,133.963,0
51,11,311.006,26.6035
51,12,314.604,26.9875
51,19,208.121,13.0985
51,21,205.65,0
51,30,96.6747,0
51,38,213.908,17.3394
51,58,293.137,16.3633
51,65,201.485,13.9372
51,67,98.0612,0
51,69,195.361,11.1127
51,70,111.772,0
51,88,201.375,0
52,6,258.26,0
52,7,65.3911,0
52,10,239.134,0
52,13,273.66,0
52,17,231.487,0
52,25,173.254,0
52,32,134.183,0
52,34,129.449,0
52,35,322.968,25.9741
52,37,183.6,0
52,48,77.4919,0
52,55,254.992,16.5388
52,56,212.462,0
52,60,222.252,0
52,63,100.424,0
52,64,23.0217,0
52,72,159.154,0
52,74,47.4131,0
52,76,117,0
52,80,144.534,0
52,84,136.242,0
52,86,301.382,23.7396
52,87,275.116,0
52,98,64.8845,0
53,2,460.465,11.9842
53,4,489.864,13.5369
53,6,407.67,19.8173
53,7,341.203,28.3428
53,8,342.374,3.53163
53,11,326.907,0
53,12,380.358,6.57814
53,19,240.308,0
53,30,363.28,27.6913
53,32,281.958,24.1154
53,34,270.44,22.9464
53,35,63.1506,0
53,37,352.359,29.5157
53,38,265.481,0
53,43,362.742,2.44343
53,48,338.667,28.4068
53,55,296.709,0
53,58,272.659,10.785
53,65,279.177,0
53,67,442.421,32.0801
53,68,313.192,19.3442
53,69,422.389,14.1549
53,70,469.303,21.2555
53,71,263.643,3.61269
53,72,343.261,14.0874
53,76,277.607,17.6553
53,77,314.229,0
53,84,394.529,31.0118
53,86,85.9069,0
53,98,319.66,26.968
54,5,203.31,9.67772
54,21,331.059,25.0026
54,22,47.3104,3.75479
54,23,302.202,25.2264
54,24,315.777,17.2063
54,26,297.338,17.6045
54,27,130.034,9.7918
54,36,186.003,4.71599
54,42,296.621,11.4394
54,44,113.63,4.13351
54,50,268.911,17.0452
54,62,287.551,16.9207
54,78,248.095,4.36599
54,82,184.246,14.6227
54,83,104.954,7.46099
54,88,404.905,34.3486
54,90,130.16,9.62573
54,91,162,12.6019
54,93,246.22,19.9226
55,6,130.034,10.9801
55,7,189.43,14.7753
55,8,270.88,0
55,10,165.232,12.3426
55,17,232.438,17.1943
55,19,509.4,0
55,32,282.497,23.2568
55,34,265.331,22.2057
55,35,282.078,0
55,38,447.515,11.2232
55,40,232.091,16.903
55,43,151.469,3.16932
55,48,280.907,18.9721
55,52,254.992,16.5388
55,53,296.709,0
55,58,304.361,10.2561
55,64,277.863,17.0279
55,71,482.512,10.4833
55,72,93.0484,7.75403
55,73,388.673,33.1687
55,74,302.51,17.3528
55,75,268.895,21.9558
55,76,162.464,13.9282
55,77,149.693,0
55,84,154.207,11.3801
55,86,246.982,0
55,94,356.489,29.7551
55,95,321.136,27.3128
55,98,220.757,16.7718
56,7,221.504,0
56,9,72.1803,0
56,10,219,0
56,13,99.4887,0
56,14,104.752,0
56,15,76.0263,0
56,17,158.676,0
56,46,78.5684,0
56,52,212.462,0
56,60,28.4253,0
56,63,134.034,0
56,64,218.289,0
56,72,247.358,0
56,74,221.639,0
56,80,225.411,0
56,84,182.06,0
56,98,263.837,0
57,25,164.76,0
57,31,191.802,0
57,33,121.696,0
57,37,228.98,0
57,45,61.2944,0
57,49,247.388,0
57,61,265.633,0
57,80,261.49,0
57,81,272.092,0
57,87,167.147,0
57,89,93.086,0
57,96,265.912,0
58,2,410.702,34.2709
58,3,314.395,26.8781
58,6,274.933,23.549
58,8,106.942,3.24394
58,10,355.401,30.301
58,11,486.033,14.0241
58,19,316.746,8.09426
58,30,234.19,19.9719
58,35,321.762,11.1408
58,38,195.326,11.835
58,40,284.18,24.2925
58,43,204.241,14.2183
58,51,293.137,16.3633
58,53,272.659,10.785
58,55,304.361,10.2561
58,65,359.866,8.26373
58,67,246.54,19.9878
58,72,397.388,20.8279
58,73,288.072,24.6598
58,75,266.107,20.7138
58,76,439.225,26.0627
58,77,185.658,7.48958
58,86,317.192,11.106
58,94,208.809,16.7968
58,95,297.355,21.8277
59,31,188.438,0
59,33,181.728,0
59,39,157.547,0
59,45,240.075,0
59,49,120.739,0
59,61,167.726,0
59,66,170.047,0
59,81,259.37,0
59,85,199.812,0
59,89,233.773,0
59,92,131.643,0
59,99,256.681,0
60,6,261.262,0
60,7,223.034,0
60,9,81.1542,0
60,10,197.821,0
60,13,71.8471,0
60,14,121.495,0
60,15,87.9318,0
60,17,135.093,0
60,46,87.3212,0
60,52,222.252,0
60,56,28.4253,0
60,63,153.183,0
60,64,230.673,0
60,72,237.693,0
60,74,236.685,0
60,80,249.227,0
60,84,173.003,0
60,98,268.779,0
61,16,146.455,0
61,18,213.965,0
61,20,192.917,0
61,29,218.248,0
61,31,75.1332,0
61,33,193.383,0
61,39,175.559,0
61,42,275.049,0
61,45,214.979,0
61,49,51.788,0
61,57,265.633,0
61,59,167.726,0
61,79,258.382,0
61,81,92.7631,0
61,85,87.4586,0
61,87,222.272,0
61,89,172.795,0
61,92,99.8499,0
61,96,221.653,0
62,5,260.346,0
62,22,236.966,5.40415
62,24,102.616,0
62,26,29.6816,0
62,36,248.278,0
62,41,169.189,0
62,44,221.815,0
62,50,84.1724,0
62,54,287.551,16.9207
62,78,252.002,0
62,83,182.833,0
62,90,251.645,0
62,91,154.486,0
62,93,88.193,0
63,7,143.586,0
63,9,191.377,0
63,10,254.189,0
63,13,219.365,0
63,14,198.6,0
63,15,189.497,0
63,17,219.92,0
63,25,188.452,0
63,32,233.345,0
63,34,229.63,0
63,37,270.141,0
63,46,196.698,0
63,48,170,0
63,52,100.424,0
63,56,134.034,0
63,60,153.183,0
63,64,96.0469,0
63,72,216.834,0
63,74,91.7878,0
63,76,205.572,0
63,80,104.809,0
63,84,165.424,0
63,98,164.21,0
64,7,88.1022,0
64,10,260.801,0
64,17,250.32,0
64,25,150.629,0
64,32,138.293,0
64,34,136.18,0
64,35,334.213,25.497
64,37,176.977,0
64,48,74.0608,0
64,52,23.0217,0
64,55,277.863,17.0279
64,56,218.289,0
64,60,230.673,0
64,63,96.0469,0
64,72,182.132,0
64,74,24.6982,0
64,76,136.62,0
64,80,124.258,0
64,84,158.051,0
64,86,315.811,23.7297
64,87,263.388,0
64,98,79.2465,0
65,2,176.013,11.3384
65,4,212.951,12.1189
65,8,436.627,18.8987
65,11,163.683,0
65,12,201.12,1.95106
65,19,46.6476,0
65,21,322.659,27.6418
65,23,426.369,30.877
65,28,328.78,24.799
65,30,198.878,16.9698
65,35,330.551,0
65,38,161.009,0
65,51,201.485,13.9372
65,53,279.177,0
65,58,359.866,8.26373
65,67,235.916,17.6937
65,68,359.678,25.5379
65,69,190.537,4.466
65,70,179.466,15.2018
65,71,366.008,4.01791
65,77,515.248,0
65,86,362.491,0
65,88,300.017,25.0975
66,1,170.188,0
66,39,149.79,0
66,49,262.545,0
66,59,170.047,0
66,79,225.32,0
66,85,270.867,0
66,92,201.936,0
66,99,93.4719,0
67,2,192.276,0
67,3,118.962,0
67,4,214.182,0
67,8,380.79,28.792
67,11,372.479,31.9268
67,12,364.625,30.13
67,19,268.827,22.9882
67,30,46.0652,0
67,38,181.179,14.2973
67,51,98.0612,0
67,53,442.421,32.0801
67,58,246.54,19.9878
67,65,235.916,17.6937
67,69,278.295,17.3079
67,70,193.61,0
67,94,271.018,14.6778
68,11,227.306,19.4967
68,12,238.035,20.0825
68,16,203.679,0
68,18,132.608,0
68,19,371.482,23.6855
68,20,201.249,0
68,28,187.302,0
68,29,140.428,0
68,32,164.757,0
68,34,169.65,0
68,35,281.003,18.8132
68,37,163.233,0
68,38,484.526,24.3736
68,48,231.138,0
68,53,313.192,19.3442
68,65,359.678,25.5379
68,69,342.518,29.2392
68,71,48.7032,0
68,76,235.281,0
68,81,255.783,0
68,86,303.912,19.859
68,87,202.882,0
68,96,128.973,0
68,98,240,0
69,2,63.4048,4.33852
69,4,50.4058,1.41565
69,11,152.819,4.08953
69,12,107.462,5.44069
69,19,236.868,4.5985
69,21,130.906,0.667747
69,23,242.126,20.4064
69,28,167.467,12.1136
69,30,248.674,18.0751
69,35,473.381,9.79932
69,38,329.978,8.20121
69,51,195.361,11.1127
69,53,422.389,14.1549
69,65,190.537,4.466
69,67,278.295,17.3079
69,68,342.518,29.2392
69,70,67.8531,1.53477
69,71,397.397,18.6863
69,82,447.36,31.9107
69,86,508.888,10.0008
69,88,104.062,0.6584
70,2,18.0278,0
70,4,22.2036,0
70,11,239.223,14.0418
70,12,186.046,15.5861
70,19,211.334,17.876
70,21,116.692,0
70,23,226.098,16.5004
70,28,263.495,22.3701
70,30,168.003,0
70,38,236.664,20.0521
70,51,111.772,0
70,53,469.303,21.2555
70,65,179.466,15.2018
70,67,193.61,0
70,69,67.8531,1.53477
70,88,101.316,0
71,2,479.031,19.3016
71,4,478.428,22.8161
71,7,262.399,3.72421
71,11,258.45,10.3417
71,12,225.735,19.1435
71,16,251.796,0
71,18,180.369,0
71,19,359.09,3.70405
71,20,249.281,0
71,28,203.652,0
71,29,189.114,0
71,32,150.296,0
71,34,150.602,0
71,35,232.668,3.80516
71,37,174.072,0
71,38,457.357,3.60882
71,48,219.584,0
71,53,263.643,3.61269
71,55,482.512,10.4833
71,65,366.008,4.01791
71,68,48.7032,0
71,69,397.397,18.6863
71,72,382.498,32.7657
71,76,253.07,19.3255
71,86,259.23,3.77731
71,87,234.361,0
71,96,173.003,0
71,98,216.601,0
72,6,130.468,9.67661
72,7,94.6256,0
72,8,356.099,14.2334
72,10,115,0
72,13,247.386,0
72,17,151.288,0
72,32,190.937,0
72,34,175.354,0
72,35,299.216,16.7806
72,37,274.855,0
72,40,242.232,10.0034
72,43,204.708,15.9513
72,48,192.408,0
72,52,159.154,0
72,53,343.261,14.0874
72,55,93.0484,7.75403
72,56,247.358,0
72,58,397.388,20.8279
72,60,237.693,0
72,63,216.834,0
72,64,182.132,0
72,71,382.498,32.7657
72,74,206.519,0
72,75,248.163,0
72,76,83.4326,0
72,77,232.792,12.8524
72,84,65.2993,0
72,86,263.177,15.8135
72,98,133.222,0
73,0,199.218,0
73,3,239.885,0
73,6,234.322,8.33359
73,8,223.513,18.9843
73,10,278.451,8.26176
73,40,145.678,12.0502
73,43,240.204,18.6983
73,55,388.673,33.1687
73,58,288.072,24.6598
73,75,84.3515,6.64919
73,77,277.94,23.7437
73,94,72.0347,0
73,95,36.2491,0
74,7,112.73,0
74,17,267.899,0
74,25,128.55,0
74,32,151.476,0
74,34,151.608,0
74,37,178.62,0
74,48,83.2406,0
74,52,47.4131,0
74,55,302.51,17.3528
74,56,221.639,0
74,60,236.685,0
74,63,91.7878,0
74,64,24.6982,0
74,72,206.519,0
74,76,160.515,0
74,80,101.005,0
74,84,179.805,0
74,86,336.724,24.0371
74,87,257.893,0
74,98,101.124,0
75,0,291.554,13.5397
75,3,306.479,15.3906
75,6,150.296,0
75,8,163.006,13.7963
75,10,197.307,0
75,17,255.635,0
75,40,52.3927,0
75,43,126.827,0
75,55,268.895,21.9558
75,58,266.107,20.7138
75,72,248.163,0
75,73,84.3515,6.64919
75,77,160.878,7.77512
75,94,116.276,9.97165
75,95,47.5,3.64583
76,6,185.173,0
76,7,62.6498,0
76,8,432.887,20.2441
76,10,197.018,0
76,17,222.991,0
76,25,269.67,0
76,32,107.564,0
76,34,91.9239,0
76,35,221.497,16.3365
76,37,192.01,0
76,43,313.916,22.6039
76,48,119.633,0
76,52,117,0
76,53,277.607,17.6553
76,55,162.464,13.9282
76,58,439.225,26.0627
76,63,205.572,0
76,64,136.62,0
76,68,235.281,0
76,71,253.07,19.3255
76,72,83.4326,0
76,74,160.515,0
76,77,315.97,19.4189
76,80,260.847,0
76,84,117.324,0
76,86,191.636,14.8872
76,98,63.9766,0
77,6,126.12,10.713
77,7,338.595,27.9242
77,8,123.321,0
77,10,195.158,14.2539
77,17,260.712,15.7797
77,19,468.606,0
77,30,415.78,31.7913
77,34,416.275,31.9331
77,35,329.812,0
77,38,397.457,0
77,40,158.48,7.49789
77,43,50.6631,2.54163
77,53,314.229,0
77,55,149.693,0
77,58,185.658,7.48958
77,65,515.248,0
77,72,232.792,12.8524
77,73,277.94,23.7437
77,75,160.878,7.77512
77,76,315.97,19.4189
77,84,297.037,23.1458
77,86,304.631,0
77,94,228.183,19.5257
77,95,225.919,18.7261
77,98,372.619,31.1004
78,5,69.4046,0
78,16,275.83,0
78,20,214.009,0
78,22,210.687,0
78,24,181.893,0
78,29,274.571,0
78,36,67.9779,0
78,41,193.747,0
78,42,74.2496,0
78,44,134.495,0
78,47,198.204,0
78,50,169.499,0
78,54,248.095,4.36599
78,62,252.002,0
78,79,268.794,0
78,82,182.409,0
78,83,215.956,0
78,85,252.052,0
78,90,143.024,0
78,91,247.695,0
78,97,271.803,0
79,1,95.5249,0
79,24,274.804,0
79,39,120.673,0
79,41,207.885,0
79,47,95,0
79,49,271.516,0
79,61,258.382,0
79,66,225.32,0
79,78,268.794,0
79,85,178.539,0
79,92,175.011,0
79,97,101.139,0
80,7,208.37,0
80,9,266.12,0
80,14,256.681,0
80,15,272.002,5.26824
80,25,101.789,0
80,32,243.239,0
80,34,246.562,0
80,37,244.935,0
80,46,278.017,3.88172
80,48,174.256,0
80,52,144.534,0
80,56,225.411,0
80,57,261.49,0
80,60,249.227,0
80,63,104.809,0
80,64,124.258,0
80,74,101.005,0
80,76,260.847,0
80,84,258.279,0
80,98,202.089,0
81,16,53.7401,0
81,18,123.175,0
81,20,108.342,0
81,29,125.495,0
81,31,103.121,0
81,33,240.142,0
81,37,257.857,0
81,39,251.114,0
81,42,222.308,0
81,45,237.539,0
81,49,139.431,0
81,57,272.092,0
81,59,259.37,0
81,61,92.7631,0
81,68,255.783,0
81,85,130.752,0
81,87,170.188,0
81,89,184.708,0
81,92,180.679,0
81,96,136.971,0
82,5,113.004,0
82,12,455.634,30.3756
82,21,272.418,22.5742
82,22,110.68,0
82,23,214.264,10.1502
82,27,173.132,14.601
82,28,229.879,17.1405
82,36,116.103,0
82,42,183.636,0
82,44,89.1067,0
82,50,257.171,0
82,54,184.246,14.6227
82,69,447.36,31.9107
82,78,182.409,0
82,83,165.864,6.09405
82,88,334.167,23.917
82,90,59.439,0
82,91,213.544,5.7734
83,5,172.812,0
83,22,64.2415,5.49893
83,23,319.183,23.8944
83,24,216.67,0
83,26,191.606,0
83,27,233.542,17.3588
83,36,163.982,0
83,42,264.068,0
83,44,94.6678,0
83,50,167.705,0
83,54,104.954,7.46099
83,62,182.833,0
83,78,215.956,0
83,82,165.864,6.09405
83,90,112.432,0
83,91,48.7647,0
83,93,129.869,0
84,6,130.614,0
84,7,87.0976,0
84,8,416.12,27.896
84,9,252.492,0
84,10,102.903,0
84,13,189.336,0
84,15,257.624,0
84,17,108.074,0
84,32,214.114,0
84,34,200.562,0
84,35,347.213,29.1518
84,40,242.99,0
84,43,197.648,8.55152
84,46,258.853,0
84,48,193.29,0
84,52,136.242,0
84,53,394.529,31.0118
84,55,154.207,11.3801
84,56,182.06,0
84,60,173.003,0
84,63,165.424,0
84,64,158.051,0
84,72,65.2993,0
84,74,179.805,0
84,76,117.324,0
84,77,297.037,23.1458
84,80,258.279,0
84,86,313.315,26.6766
84,98,139.442,0
85,1,248.477,0
85,16,175.864,0
85,18,247.297,0
85,20,190.394,0
85,29,238.38,0
85,31,161.697,0
85,39,127.318,0
85,42,223.376,0
85,47,215.873,0
85,49,121.314,0
85,59,199.812,0
85,61,87.4586,0
85,66,270.867,0
85,78,252.052,0
85,79,178.539,0
85,81,130.752,0
85,89,260.048,0
85,92,74.7329,0
85,96,266.528,0
85,97,268.33,0
86,6,374.237,17.8586
86,7,254.92,21.7831
86,8,369.096,0
86,10,401.008,31.0604
86,11,391.346,0
86,12,444.296,6.71819
86,19,325.171,0
86,30,453.117,29.1568
86,32,205.845,16.5197
86,34,197.377,16.6096
86,35,37.2022,0
86,37,283.363,19.8917
86,38,348.144,0
86,43,346.247,2.45115
86,48,267.471,20.5295
86,52,301.382,23.7396
86,53,85.9069,0
86,55,246.982,0
86,58,317.192,11.106
86,64,315.811,23.7297
86,65,362.491,0
86,68,303.912,19.859
86,69,508.888,10.0008
86,71,259.23,3.77731
86,72,263.177,15.8135
86,74,336.724,24.0371
86,76,191.636,14.8872
86,77,304.631,0
86,84,313.315,26.6766
86,98,236.665,20.0854
87,16,155.242,0
87,18,136.059,0
87,20,218.344,0
87,25,202.83,0
87,29,171.735,0
87,31,161.4,0
87,32,188.86,0
87,33,220.871,0
87,34,204.919,0
87,37,103.817,0
87,45,174.771,0
87,48,201.559,0
87,49,239.176,0
87,52,275.116,0
87,57,167.147,0
87,61,222.272,0
87,64,263.388,0
87,68,202.882,0
87,71,234.361,0
87,74,257.893,0
87,81,170.188,0
87,89,133.81,0
87,96,102.201,0
87,98,253.19,0
88,2,109.882,0
88,4,85.6154,0
88,11,261.943,21.8772
88,12,191.881,15.9254
88,19,346.903,27.7577
88,21,29.7321,0
88,23,127.081,10.6322
88,27,214.114,0
88,28,149.164,0
88,30,269.091,0
88,38,339.041,26.1491
88,51,201.375,0
88,54,404.905,34.3486
88,65,300.017,25.0975
88,69,104.062,0.6584
88,70,101.316,0
88,82,334.167,23.917
88,90,383.688,32.7365
89,16,208.483,0
89,18,233.137,0
89,25,234.233,0
89,29,261.002,0
89,31,98.7168,0
89,33,87.0919,0
89,37,228.037,0
89,45,54.1295,0
89,49,158.808,0
89,57,93.086,0
89,59,233.773,0
89,61,172.795,0
89,81,184.708,0
89,85,260.048,0
89,87,133.81,0
89,92,256.164,0
89,96,211.981,0
90,5,78.5175,0
90,21,330.649,24.9388
90,22,85.0357,1.06151
90,23,271.278,22.4228
90,24,238.195,0
90,26,270.44,0
90,27,166.657,7.15996
90,28,232.433,0
90,36,75.6902,0
90,42,166.868,0
90,44,30.0167,0
90,50,197.732,0
90,54,130.16,9.62573
90,62,251.645,0
90,78,143.024,0
90,82,59.439,0
90,83,112.432,0
90,88,383.688,32.7365
90,91,159.665,0
90,93,228.668,0
91,5,213.378,0
91,22,112.86,7.80818
91,24,210.381,0
91,26,156.924,0
91,27,255.826,21.9279
91,36,203.421,0
91,44,138.852,0
91,50,162.348,0
91,54,162,12.6019
91,62,154.486,0
91,78,247.695,0
91,82,213.544,5.7734
91,83,48.7647,0
91,90,159.665,0
91,93,86.3713,0
92,1,217.518,0
92,16,232.381,0
92,20,259.625,0
92,31,167.323,0
92,33,248.163,0
92,39,76.0066,0
92,47,241.4,0
92,49,97.6934,0
92,59,131.643,0
92,61,99.8499,0
92,66,201.936,0
92,79,175.011,0
92,81,180.679,0
92,85,74.7329,0
92,89,256.164,0
92,97,275.224,0
93,5,263.685,0
93,22,194.134,8.12174
93,24,176.726,0
93,26,78.6448,0
93,27,336.102,26.0078
93,36,252.127,0
93,41,248.477,0
93,44,202.237,0
93,50,138.813,0
93,54,246.22,19.9226
93,62,88.193,0
93,83,129.869,0
93,90,228.668,0
93,91,86.3713,0
94,0,203.039,0
94,3,188.367,0
94,6,249.106,16.0259
94,8,163.082,13.8838
94,10,308.035,17.354
94,30,340.859,29.0622
94,38,336.012,28.7968
94,40,158.965,10.0792
94,43,180.663,8.23786
94,55,356.489,29.7551
94,58,208.809,16.7968
94,67,271.018,14.6778
94,73,72.0347,0
94,75,116.276,9.97165
94,77,228.183,19.5257
94,95,74.3303,0
95,0,233.944,0
95,3,258.451,0
95,6,196.03,7.30904
95,8,237.809,14.8465
95,10,241.459,7.67915
95,40,106.339,9.12239
95,43,176.298,8.93346
95,55,321.136,27.3128
95,58,297.355,21.8277
95,73,36.2491,0
95,75,47.5,3.64583
95,77,225.919,18.7261
95,94,74.3303,0
96,16,93.0215,0
96,18,37.4833,0
96,20,132.231,0
96,28,256.383,0
96,29,73.6614,0
96,31,190.591,0
96,32,201.993,0
96,34,215.335,0
96,37,139.989,0
96,42,272.606,0
96,45,261.92,0
96,48,244.518,0
96,49,257.69,0
96,57,265.912,0
96,61,221.653,0
96,68,128.973,0
96,71,173.003,0
96,81,136.971,0
96,85,266.528,0
96,87,102.201,0
96,89,211.981,0
97,1,135.033,0
97,24,210.523,0
97,39,220.737,0
97,41,138.004,0
97,47,77.1622,0
97,50,255.838,0
97,78,271.803,0
97,79,101.139,0
97,85,268.33,0
97,92,275.224,0
98,6,265.074,11.9683
98,7,53.0094,0
98,10,236.248,0
98,17,246.52,0
98,25,205.73,0
98,32,80.6536,0
98,34,71.1969,0
98,35,254.901,21.6815
98,37,151.648,0
98,43,368.071,31.4412
98,48,59.203,0
98,52,64.8845,0
98,53,319.66,26.968
98,55,220.757,16.7718
98,56,263.837,0
98,60,268.779,0
98,63,164.21,0
98,64,79.2465,0
98,68,240,0
98,71,216.601,0
98,72,133.222,0
98,74,101.124,0
98,76,63.9766,0
98,77,372.619,31.1004
98,80,202.089,0
98,84,139.442,0
98,86,236.665,20.0854
98,87,253.19,0
99,1,202.675,0
99,39,234.764,0
99,59,256.681,0
99,66,93.4719,0
