0,6,84.0238,0
0,23,186.271,0
0,32,208.37,0
0,33,182.044,0
0,63,117.992,0
0,72,179.494,0
0,77,125.399,0
0,87,50.448,0
0,91,203.666,0
1,3,124.326,0
1,16,116.726,0
1,20,164.21,0
1,22,186.118,0
1,26,171.304,0
1,35,191.634,3.37802
1,36,166.931,0
1,41,176.386,0
1,43,197.732,0
1,47,216.261,0
1,48,194.879,0
1,49,195.441,0
1,51,113.004,0
1,60,112.752,0
1,64,212.72,0
1,75,124.531,0
1,76,209.745,0
1,79,194.034,0
1,84,103.392,0
1,88,80.6226,0
2,4,26.6833,0
2,7,150.233,0
2,10,207.885,0
2,14,107.689,0
2,19,54.0833,0
2,25,144.755,0
2,29,88.5099,0
2,30,100.319,0
2,38,148.408,0
2,54,184.114,0
2,69,98.3514,0
2,70,70.2282,0
2,78,84.0952,0
2,80,193.982,0
2,81,206.903,0
2,97,131.59,0
2,98,128.725,0
2,99,157.496,0
3,1,124.326,0
3,5,195.658,0
3,13,182.453,0
3,15,203.404,0
3,16,211.929,0
3,20,173.17,0
3,34,191.638,0
3,35,108.812,0
3,37,186.762,0
3,47,107.201,0
3,48,167.705,0
3,49,78.6384,0
3,51,223.081,0
3,60,89.3197,0
3,61,149.121,0
3,64,92.72,0
3,68,140.89,0
3,75,160.639,0
3,76,195.059,0
3,84,88.278,0
3,85,133.555,0
3,88,142.72,0
4,2,26.6833,0
4,7,125.1,0
4,10,198.494,0
4,14,109.659,0
4,19,66.6408,0
4,25,139.176,0
4,29,72.1803,0
4,30,80.4487,0
4,38,131.137,0
4,50,204.749,0
4,54,189.235,0
4,69,71.8679,0
4,70,43.8634,0
4,78,94.8683,0
4,80,178.933,0
4,81,207.762,0
4,97,149.251,0
4,98,129.808,0
4,99,175.114,0
5,3,195.658,0
5,6,204.694,4.14963
5,13,227.607,0
5,15,202.714,0
5,23,141.014,0
5,32,78.7098,3.98499
5,33,109.417,0
5,45,197.003,0
5,47,119.808,0
5,48,78.492,0
5,52,199.447,4.09044
5,60,146.055,0
5,63,166.894,1.96882
5,64,227.229,0
5,68,153.792,0
5,72,112.579,0
5,75,169.532,0
5,77,162.631,0
5,87,236.778,4.46516
5,91,148.486,0
6,0,84.0238,0
6,5,204.694,4.14963
6,23,130.863,0
6,32,126.752,0
6,33,98.1835,0
6,48,213.909,0
6,63,49.2544,0
6,72,95.7183,0
6,77,65,0
6,87,36.4005,0
6,91,128.39,0
7,2,150.233,0
7,4,125.1,0
7,10,155.081,0
7,11,185.408,0
7,14,150.814,0
7,17,201.814,0
7,19,185.97,0
7,20,216.012,0
7,24,168.027,0
7,25,209.619,0
7,29,135.248,0
7,30,122.711,0
7,37,233.185,3.39428
7,38,157.051,0
7,50,80.6226,0
7,54,214.663,0
7,55,145.99,0
7,58,196.474,0
7,69,57.6281,0
7,70,82.3286,0
7,76,195.256,0
7,78,208.83,0
7,80,201.099,0
7,81,210.801,0
7,89,213.621,0
7,94,151.4,0
7,98,158.114,0
8,13,92.4175,0
8,15,125.718,0
8,18,211.518,0
8,27,182.497,0
8,31,198.124,0
8,34,57.6975,0
8,35,213.925,0
8,39,44.3847,0
8,47,214.234,0
8,49,174.642,0
8,53,188.279,0
8,61,175.445,0
8,62,32.573,0
8,64,157.42,0
8,65,131.503,0
8,66,183.33,0
8,68,167.529,0
8,71,100.603,0
8,85,157.115,0
8,90,130.633,0
8,92,104.547,0
8,93,53.535,0
9,10,157.175,0
9,11,122.09,0
9,17,129.016,0
9,24,167.92,0
9,28,114.39,0
9,40,77.4919,0
9,43,219.021,0
9,46,119,0
9,54,193.541,0
9,56,113.851,0
9,57,171.977,0
9,59,103.16,0
9,74,32.28,0
9,81,158.142,0
9,82,62.0967,0
9,94,189.694,0
9,95,148.678,0
9,96,60.0833,0
10,2,207.885,0
10,4,198.494,0
10,7,155.081,0
10,9,157.175,0
10,11,45.5412,0
10,14,114.39,0
10,17,95.7758,0
10,24,95.2733,0
10,40,100.265,0
10,46,106.888,0
10,50,160.58,0
10,54,107.564,0
10,56,228.32,0
10,57,220.418,0
10,69,179.981,0
10,70,181.868,0
10,74,159.656,0
10,79,198.588,0
10,81,80.0062,0
10,82,213.354,0
10,94,102.84,0
10,96,164.615,0
10,98,98.2344,0
11,7,185.408,0
11,9,122.09,0
11,10,45.5412,0
11,14,159.239,0
11,17,55.7584,0
11,24,71.0282,0
11,28,207.039,0
11,40,85.4927,0
11,43,195.274,0
11,46,111.072,0
11,50,171.593,0
11,54,139.284,0
11,56,183.183,0
11,57,177.341,0
11,59,209.619,0
11,69,218.332,0
11,70,223.271,0
11,74,131.894,0
11,79,169.544,0
11,81,104.695,0
11,82,173.442,0
11,94,87.0976,0
11,95,211.009,0
11,96,143.68,0
11,98,142.042,0
12,13,191.269,0
12,15,145.086,0
12,23,226.221,0
12,31,41.4005,0
12,39,213.403,0
12,44,58,0
12,45,41,0
12,47,225.4,0
12,52,44.7772,0
12,53,50.774,0
12,65,223.397,0
12,67,47.4236,0
12,68,189.56,0
12,83,193.396,0
12,92,189.201,0
12,93,217.8,0
13,3,182.453,0
13,5,227.607,0
13,8,92.4175,0
13,12,191.269,0
13,15,48.1041,0
13,31,157.029,0
13,34,59.6657,0
13,35,188.322,0
13,39,108.853,0
13,45,191.324,0
13,47,124.487,0
13,49,123.665,0
13,52,183.175,0
13,53,147.085,0
13,61,171.003,0
13,62,95.4149,0
13,64,104.317,0
13,65,191.024,0
13,66,218.762,0
13,68,75.4255,0
13,71,157.613,0
13,85,143.283,0
13,90,219.659,0
13,92,149.723,0
13,93,121.396,0
14,2,107.689,0
14,4,109.659,0
14,7,150.814,0
14,10,114.39,0
14,11,159.239,0
14,17,209.48,0
14,19,160.798,0
14,24,200.863,0
14,29,179.569,0
14,30,183.404,0
14,40,176.045,0
14,46,149.646,0
14,50,206.051,0
14,54,80.1561,0
14,69,134.239,0
14,70,118.106,0
14,78,190.591,0
14,81,99.2472,0
14,94,200.412,0
14,98,21.095,0
15,3,203.404,0
15,5,202.714,0
15,8,125.718,0
15,12,145.086,0
15,13,48.1041,0
15,31,113.772,0
15,34,106.33,0
15,39,126.495,0
15,44,190.877,0
15,45,143.252,0
15,47,120.768,0
15,49,158.521,0
15,52,135.074,0
15,53,104.346,0
15,61,216.592,0
15,62,137.179,0
15,64,140.186,0
15,65,193.38,0
15,67,188.597,0
15,68,68.7968,0
15,71,203.666,0
15,85,188.17,0
15,92,149.255,0
15,93,137.612,0
16,1,116.726,0
16,3,211.929,0
16,17,195.028,0
16,20,127.883,0
16,22,179.201,0
16,24,177.775,0
16,26,98.7927,0
16,35,215.411,0
16,36,128.098,0
16,37,219.094,0
16,41,106.042,0
16,43,95.2103,0
16,50,196.38,0
16,51,171.945,0
16,57,151.99,0
16,60,228,0
16,76,176.505,0
16,79,77.3175,0
16,84,139.818,0
16,88,72.2011,0
16,94,170.578,0
17,7,201.814,0
17,9,129.016,0
17,10,95.7758,0
17,11,55.7584,0
17,14,209.48,0
17,16,195.028,0
17,24,40,0
17,26,193.67,0
17,28,182.148,0
17,40,125.1,0
17,41,196.207,0
17,43,139.517,0
17,46,160.125,0
17,50,164.478,0
17,54,195.041,0
17,56,150.562,0
17,57,125.096,0
17,59,192.388,0
17,74,150.296,0
17,79,117.72,0
17,81,160.125,0
17,82,163.453,0
17,94,62.0081,0
17,95,172.569,0
17,96,169.944,0
17,98,193.982,0
18,8,211.518,0
18,21,64.405,0
18,27,75.6637,0
18,34,206.787,0
18,35,195.489,0
18,37,152.237,0
18,55,142.78,0
18,58,94.4934,0
18,61,149.857,0
18,62,184.361,0
18,66,63.3246,0
18,71,112.272,0
18,73,56.8859,0
18,76,196.061,0
18,85,169.307,0
18,86,57.0351,0
18,89,97.1854,0
18,90,147.231,0
19,2,54.0833,0
19,4,66.6408,0
19,7,185.97,0
19,14,160.798,0
19,25,104.005,0
19,29,78.3135,0
19,30,96.026,0
19,38,130.614,0
19,69,128.888,0
19,70,104.139,0
19,78,30.0167,0
19,80,167.839,0
19,97,83.4086,0
19,98,181.893,0
19,99,109.041,0
20,1,164.21,0
20,3,173.17,0
20,7,216.012,0
20,16,127.883,0
20,24,210.09,0
20,26,225.96,0
20,35,113.719,0
20,37,91.7606,0
20,43,208.751,0
20,49,181.604,0
20,50,142.874,0
20,55,179.939,0
20,58,176.638,0
20,61,149.683,0
20,64,199.612,0
20,66,194.654,0
20,76,50.1597,0
20,79,157.29,0
20,84,87.3212,0
20,85,167.586,0
20,88,87.6641,0
20,94,191.377,0
21,18,64.405,0
21,27,114.756,0
21,37,180.854,0
21,38,198.363,0
21,55,117.89,0
21,58,89.2693,0
21,61,202.2,0
21,66,118.87,0
21,71,176.411,0
21,73,55.5698,0
21,76,214.037,0
21,80,175.756,0
21,85,225.364,0
21,86,66.6408,0
21,89,44.7772,0
21,90,194.815,0
22,1,186.118,0
22,16,179.201,0
22,26,106.4,0
22,36,59.0762,0
22,41,102.176,0
22,43,160.206,0
22,51,102.577,0
22,57,179.388,0
22,75,220.952,0
22,79,211.851,0
22,88,222.036,0
22,95,209.497,0
23,0,186.271,0
23,5,141.014,0
23,6,130.863,0
23,12,226.221,0
23,32,96.0469,0
23,33,128.222,0
23,44,186.43,0
23,45,186.968,0
23,48,220.6,7.80941
23,52,187.107,0
23,63,81.7863,0
23,72,129.201,0
23,77,66.2722,0
23,87,142.506,0
23,91,191.471,0
24,7,168.027,0
24,9,167.92,0
24,10,95.2733,0
24,11,71.0282,0
24,14,200.863,0
24,16,177.775,0
24,17,40,0
24,20,210.09,0
24,26,196.703,0
24,28,219.477,0
24,40,153.525,0
24,41,200.562,0
24,43,142.524,0
24,46,182.099,0
24,50,124.824,0
24,54,202.25,0
24,56,185.723,0
24,57,143.892,0
24,69,215.541,0
24,74,187.224,0
24,79,103.315,0
24,81,171.231,0
24,82,203.325,0
24,88,228.178,0
24,94,22.0227,0
24,95,204.245,0
24,96,204.824,0
24,98,188.502,0
25,2,144.755,0
25,4,139.176,0
25,7,209.619,0
25,19,104.005,0
25,29,78.0256,0
25,30,87.0976,0
25,38,68.7677,0
25,55,224.475,0
25,69,158.269,0
25,70,149.164,0
25,78,87.2353,0
25,80,77.026,0
25,89,218.05,0
25,97,127.098,0
25,99,140.161,0
26,1,171.304,0
26,16,98.7927,0
26,17,193.67,0
26,20,225.96,0
26,22,106.4,0
26,24,196.703,0
26,28,211.249,0
26,36,47.5079,0
26,41,7.28011,0
26,43,54.5619,0
26,51,156.732,0
26,56,175.171,0
26,57,90.2718,0
26,79,107.154,0
26,88,164.502,0
26,94,200.801,0
26,95,156,0
27,8,182.497,0
27,18,75.6637,0
27,21,114.756,0
27,34,198.842,0
27,37,218.195,0
27,39,210.488,0
27,55,216.622,0
27,58,169.994,0
27,61,192.01,0
27,62,164.201,0
27,66,116.211,0
27,71,103.942,0
27,73,64.0703,0
27,85,202.237,0
27,86,52.1536,0
27,89,158.146,0
27,90,80.399,0
27,93,209.745,0
28,9,114.39,0
28,11,207.039,0
28,17,182.148,0
28,24,219.477,0
28,26,211.249,0
28,40,190.547,0
28,41,207.28,0
28,43,189.212,0
28,56,40.3609,0
28,57,132.306,0
28,59,30.0167,0
28,74,139.818,0
28,82,57.3847,0
28,95,57.2189,0
28,96,164.757,0
29,2,88.5099,0
29,4,72.1803,0
29,7,135.248,0
29,14,179.569,0
29,19,78.3135,0
29,25,78.0256,0
29,30,18.3848,0
29,38,59.9083,0
29,50,212.659,0
29,55,188.322,0
29,69,81.0247,0
29,70,71.5681,0
29,78,87.2353,0
29,80,106.775,0
29,89,210.262,0
29,97,148.223,0
29,98,198.726,0
29,99,170.578,0
30,2,100.319,0
30,4,80.4487,0
30,7,122.711,0
30,14,183.404,0
30,19,96.026,0
30,25,87.0976,0
30,29,18.3848,0
30,38,51.8556,0
30,50,198.177,0
30,55,170.062,0
30,58,218.979,0
30,69,72.0069,0
30,70,69.0797,0
30,78,105.603,0
30,80,101.257,0
30,89,194.33,0
30,97,166.481,0
30,98,201.638,0
30,99,188.608,0
31,8,198.124,0
31,12,41.4005,0
31,13,157.029,0
31,15,113.772,0
31,34,205.995,0
31,39,172.003,0
31,42,221.542,0
31,44,99.0858,0
31,45,69.2892,0
31,47,210.602,0
31,52,67.6831,0
31,53,10.198,0
31,62,222.733,0
31,65,186.215,0
31,67,76.1643,0
31,68,168.181,0
31,83,179.922,0
31,92,149.79,0
31,93,176.479,0
32,0,208.37,0
32,5,78.7098,3.98499
32,6,126.752,0
32,23,96.0469,0
32,33,52.1728,0
32,45,233.259,5.0489
32,47,198.235,4.26457
32,48,121.404,4.96654
32,52,235.63,7.73659
32,60,206.477,4.42682
32,63,94.4034,0
32,68,230.549,4.80619
32,72,54.9181,0
32,75,198.743,0.998503
32,77,96.6075,0
32,87,157.953,0
32,91,110.788,0
33,0,182.044,0
33,5,109.417,0
33,6,98.1835,0
33,23,128.222,0
33,32,52.1728,0
33,47,225.942,0
33,48,115.763,0
33,60,205.913,0
33,63,87.1436,0
33,72,3.16228,0
33,75,185.691,0
33,77,98.4124,0
33,87,133.959,0
33,91,63.6553,0
34,3,191.638,0
34,8,57.6975,0
34,13,59.6657,0
34,15,106.33,0
34,18,206.787,0
34,27,198.842,0
34,31,205.995,0
34,35,162.25,0
34,37,212.953,0
34,39,95.483,0
34,47,165.738,0
34,49,117.137,0
34,53,195.801,0
34,61,130.943,0
34,62,42.4264,0
34,64,99.7296,0
34,65,185.348,0
34,66,163.233,0
34,68,125.24,0
34,71,97.949,0
34,85,107.787,0
34,90,167.72,0
34,92,152.201,0
34,93,107.056,0
35,1,191.634,3.37802
35,3,108.812,0
35,8,213.925,0
35,13,188.322,0
35,16,215.411,0
35,18,195.489,0
35,20,113.719,0
35,34,162.25,0
35,37,82.365,0
35,47,184.619,0
35,49,74.6726,0
35,55,209.48,0
35,58,176.241,0
35,60,196.596,0
35,61,51.9711,0
35,62,184.567,0
35,64,90.0056,0
35,66,133.004,0
35,68,190.394,0
35,71,164.344,0
35,76,108.074,0
35,84,84.4808,0
35,85,57.3847,0
35,88,147.353,0
36,1,166.931,0
36,16,128.098,0
36,22,59.0762,0
36,26,47.5079,0
36,41,43.9318,0
36,43,101.823,0
36,51,122.016,0
36,56,202.01,0
36,57,128.413,0
36,79,153,0
36,88,182.236,0
36,95,176.638,0
37,3,186.762,0
37,7,233.185,3.39428
37,16,219.094,0
37,18,152.237,0
37,20,91.7606,0
37,21,180.854,0
37,27,218.195,0
37,34,212.953,0
37,35,82.365,0
37,49,154.324,0
37,50,176.921,0
37,55,127.914,0
37,58,101.533,0
37,61,82.7345,0
37,62,221.054,0
37,64,166.628,0
37,66,103.354,0
37,71,173.761,0
37,73,206.62,0
37,76,50.9117,0
37,84,130.173,0
37,85,110.041,0
37,86,208.885,0
37,88,168.003,0
37,89,171.397,0
38,2,148.408,0
38,4,131.137,0
38,7,157.051,0
38,19,130.614,0
38,21,198.363,0
38,25,68.7677,0
38,29,59.9083,0
38,30,51.8556,0
38,50,223.215,0
38,55,156.16,0
38,58,198.154,0
38,69,116.482,0
38,70,119.57,0
38,78,129.062,0
38,80,49.7393,0
38,89,159.314,0
38,97,183.415,0
38,99,201.122,0
39,8,44.3847,0
39,12,213.403,0
39,13,108.853,0
39,15,126.495,0
39,27,210.488,0
39,31,172.003,0
39,34,95.483,0
39,49,211.4,0
39,52,228.044,0
39,53,162.89,0
39,61,219.42,0
39,62,76.896,0
39,64,193.093,0
39,65,89.8721,0
39,66,225.743,0
39,68,182.395,0
39,71,141.128,0
39,83,219.365,0
39,85,200.062,0
39,90,145.715,0
39,92,60.1664,0
39,93,12.6491,0
40,9,77.4919,0
40,10,100.265,0
40,11,85.4927,0
40,14,176.045,0
40,17,125.1,0
40,24,153.525,0
40,28,190.547,0
40,46,45.2769,0
40,54,116.108,0
40,56,183.218,0
40,57,217.368,0
40,59,180.646,0
40,74,65.4905,0
40,81,80.8084,0
40,82,139.56,0
40,94,171.712,0
40,95,217.279,0
40,96,64.6607,0
40,98,155.013,0
41,1,176.386,0
41,16,106.042,0
41,17,196.207,0
41,22,102.176,0
41,24,200.562,0
41,26,7.28011,0
41,28,207.28,0
41,36,43.9318,0
41,43,58.0517,0
41,51,157.334,0
41,56,171.82,0
41,57,89.1067,0
41,79,112.947,0
41,88,171.406,0
41,94,205.3,0
41,95,151.568,0
42,31,221.542,0
42,53,223.707,0
42,65,163.783,0
42,67,210.152,0
42,83,42.2019,0
42,92,182.937,0
43,1,197.732,0
43,9,219.021,0
43,11,195.274,0
43,16,95.2103,0
43,17,139.517,0
43,20,208.751,0
43,22,160.206,0
43,24,142.524,0
43,26,54.5619,0
43,28,189.212,0
43,36,101.823,0
43,41,58.0517,0
43,50,220.635,0
43,51,206.243,0
43,56,149.586,0
43,57,56.9386,0
43,59,215.648,0
43,79,63,0
43,82,212.551,0
43,88,167.41,0
43,94,147.872,0
43,95,140.801,0
44,12,58,0
44,15,190.877,0
44,23,186.43,0
44,31,99.0858,0
44,45,49.0408,0
44,52,58.0086,0
44,53,107.935,0
44,67,62.0725,0
44,68,222.272,0
45,5,197.003,0
45,12,41,0
45,13,191.324,0
45,15,143.252,0
45,23,186.968,0
45,31,69.2892,0
45,32,233.259,5.0489
45,44,49.0408,0
45,47,201.762,0
45,52,9.05539,0
45,53,75.1332,0
45,67,79.3977,0
45,68,173.488,0
45,92,217.959,0
46,9,119,0
46,10,106.888,0
46,11,111.072,0
46,14,149.646,0
46,17,160.125,0
46,24,182.099,0
46,40,45.2769,0
46,54,78.3135,0
46,56,228.037,0
46,59,221,0
46,74,99.2018,0
46,81,50.5964,0
46,82,180.025,0
46,94,197.345,0
46,96,86.0058,0
46,98,128.845,0
47,1,216.261,0
47,3,107.201,0
47,5,119.808,0
47,8,214.234,0
47,12,225.4,0
47,13,124.487,0
47,15,120.768,0
47,31,210.602,0
47,32,198.235,4.26457
47,33,225.942,0
47,34,165.738,0
47,35,184.619,0
47,45,201.762,0
47,48,139.23,0
47,49,114.28,0
47,52,192.899,0
47,53,203.973,0
47,60,123.004,0
47,61,201.814,0
47,62,208.079,0
47,64,108.301,0
47,68,52.5547,0
47,75,190.276,0
47,84,194.209,0
47,85,175.069,0
48,1,194.879,0
48,3,167.705,0
48,5,78.492,0
48,6,213.909,0
48,23,220.6,7.80941
48,32,121.404,4.96654
48,33,115.763,0
48,47,139.23,0
48,49,226.312,0
48,51,210.381,0
48,60,90.3383,0
48,63,197.03,0
48,68,188.322,0
48,72,118.191,0
48,75,91.9239,0
48,77,203.494,0
48,91,116.726,0
49,1,195.441,0
49,3,78.6384,0
49,8,174.642,0
49,13,123.665,0
49,15,158.521,0
49,20,181.604,0
49,34,117.137,0
49,35,74.6726,0
49,37,154.324,0
49,39,211.4,0
49,47,114.28,0
49,48,226.312,0
49,60,162.635,0
49,61,88.4138,0
49,62,152.279,0
49,64,19.4165,0
49,66,171.143,0
49,68,115.732,0
49,71,163.6,0
49,76,182.538,0
49,84,121.017,0
49,85,64.0703,0
49,88,188.502,0
49,93,223.432,0
50,4,204.749,0
50,7,80.6226,0
50,10,160.58,0
50,11,171.593,0
50,14,206.051,0
50,16,196.38,0
50,17,164.478,0
50,20,142.874,0
50,24,124.824,0
50,29,212.659,0
50,30,198.177,0
50,37,176.921,0
50,38,223.215,0
50,43,220.635,0
50,55,148.125,0
50,58,185.607,0
50,69,138.105,0
50,70,162.733,0
50,76,134.629,0
50,79,158.685,0
50,88,206.693,0
50,89,227.653,0
50,94,103.315,0
50,98,206.155,0
51,1,113.004,0
51,3,223.081,0
51,16,171.945,0
51,22,102.577,0
51,26,156.732,0
51,36,122.016,0
51,41,157.334,0
51,43,206.243,0
51,48,210.381,0
51,60,167.92,0
51,75,118.533,0
51,84,216.231,0
51,88,179.003,0
52,5,199.447,4.09044
52,12,44.7772,0
52,13,183.175,0
52,15,135.074,0
52,23,187.107,0
52,31,67.6831,0
52,32,235.63,7.73659
52,39,228.044,0
52,44,58.0086,0
52,45,9.05539,0
52,47,192.899,0
52,53,72.45,0
52,67,86.267,0
52,68,164.438,0
52,92,214.663,0
53,8,188.279,0
53,12,50.774,0
53,13,147.085,0
53,15,104.346,0
53,31,10.198,0
53,34,195.801,0
53,39,162.89,0
53,42,223.707,0
53,44,107.935,0
53,45,75.1332,0
53,47,203.973,0
53,52,72.45,0
53,62,212.664,0
53,65,180.499,0
53,67,86.2844,0
53,68,160.378,0
53,83,182.483,0
53,92,142.888,0
53,93,167.705,0
54,2,184.114,0
54,4,189.235,0
54,7,214.663,0
54,9,193.541,0
54,10,107.564,0
54,11,139.284,0
54,14,80.1561,0
54,17,195.041,0
54,24,202.25,0
54,40,116.108,0
54,46,78.3135,0
54,69,210.278,0
54,70,197.084,0
54,74,176.918,0
54,81,37.8021,0
54,94,210.319,0
54,96,164.11,0
54,98,62.2896,0
55,7,145.99,0
55,18,142.78,0
55,20,179.939,0
55,21,117.89,0
55,25,224.475,0
55,27,216.622,0
55,29,188.322,0
55,30,170.062,0
55,35,209.48,0
55,37,127.914,0
55,38,156.16,0
55,50,148.125,0
55,58,52.7731,0
55,61,194.064,0
55,66,148.337,0
55,69,165.221,0
55,70,190.948,0
55,73,169.853,0
55,76,135.155,1.11634
55,80,166.193,0
55,85,223.081,0
55,86,178.899,0
55,89,80.0562,0
56,9,113.851,0
56,10,228.32,0
56,11,183.183,0
56,17,150.562,0
56,24,185.723,0
56,26,175.171,0
56,28,40.3609,0
56,36,202.01,0
56,40,183.218,0
56,41,171.82,0
56,43,149.586,0
56,46,228.037,0
56,57,92.6607,0
56,59,66.2118,0
56,74,144.222,0
56,79,188.862,0
56,82,73.8241,0
56,94,205.431,0
56,95,34.8281,0
56,96,171.511,0
57,9,171.977,0
57,10,220.418,0
57,11,177.341,0
57,16,151.99,0
57,17,125.096,0
57,22,179.388,0
57,24,143.892,0
57,26,90.2718,0
57,28,132.306,0
57,36,128.413,0
57,40,217.368,0
57,41,89.1067,0
57,43,56.9386,0
57,56,92.6607,0
57,59,158.777,0
57,74,204.025,0
57,79,104.235,0
57,82,157.709,0
57,88,224.143,0
57,94,156.895,0
57,95,86.0523,0
58,7,196.474,0
58,18,94.4934,0
58,20,176.638,0
58,21,89.2693,0
58,27,169.994,0
58,30,218.979,0
58,35,176.241,0
58,37,101.533,0
58,38,198.154,0
58,50,185.607,0
58,55,52.7731,0
58,61,151.268,0
58,66,96.0052,0
58,69,217.993,0
58,71,180.472,0
58,73,132.004,0
58,76,126.479,0
58,80,197.8,0
58,85,179.494,0
58,86,138.975,0
58,89,70.2282,0
59,9,103.16,0
59,11,209.619,0
59,17,192.388,0
59,28,30.0167,0
59,40,180.646,0
59,43,215.648,0
59,46,221,0
59,56,66.2118,0
59,57,158.777,0
59,74,123.548,0
59,82,41.1096,0
59,95,87.2067,0
59,96,146.014,0
60,1,112.752,0
60,3,89.3197,0
60,5,146.055,0
60,16,228,0
60,32,206.477,4.42682
60,33,205.913,0
60,35,196.596,0
60,47,123.004,0
60,48,90.3383,0
60,49,162.635,0
60,51,167.92,0
60,64,172.142,0
60,68,174.264,0
60,72,208.255,0
60,75,75.1066,0
60,84,150.801,0
60,85,221.984,0
60,88,175.354,0
60,91,196.703,0
61,3,149.121,0
61,8,175.445,0
61,13,171.003,0
61,15,216.592,0
61,18,149.857,0
61,20,149.683,0
61,21,202.2,0
61,27,192.01,0
61,34,130.943,0
61,35,51.9711,0
61,37,82.7345,0
61,39,219.42,0
61,47,201.814,0
61,49,88.4138,0
61,55,194.064,0
61,58,151.268,0
61,62,143.951,0
61,64,94.3398,0
61,66,86.539,0
61,68,193.693,0
61,71,113.596,0
61,73,205.866,0
61,76,127.016,0
61,84,136.308,0
61,85,29.1204,0
61,86,203.303,0
61,88,197.307,0
61,89,210.794,0
61,90,214.672,0
62,8,32.573,0
62,13,95.4149,0
62,15,137.179,0
62,18,184.361,0
62,27,164.201,0
62,31,222.733,0
62,34,42.4264,0
62,35,184.567,0
62,37,221.054,0
62,39,76.896,0
62,47,208.079,0
62,49,152.279,0
62,53,212.664,0
62,61,143.951,0
62,64,136.682,0
62,65,162.29,0
62,66,152.003,0
62,68,166.208,0
62,71,72.1249,0
62,73,217.304,0
62,85,127.287,0
62,86,207.735,0
62,90,125.865,0
62,92,137.058,0
62,93,85.4225,0
63,0,117.992,0
63,5,166.894,1.96882
63,6,49.2544,0
63,23,81.7863,0
63,32,94.4034,0
63,33,87.1436,0
63,48,197.03,0
63,72,86.0233,0
63,77,17.8045,0
63,87,68.4471,0
63,91,138.6,0
64,1,212.72,0
64,3,92.72,0
64,5,227.229,0
64,8,157.42,0
64,13,104.317,0
64,15,140.186,0
64,20,199.612,0
64,34,99.7296,0
64,35,90.0056,0
64,37,166.628,0
64,39,193.093,0
64,47,108.301,0
64,49,19.4165,0
64,60,172.142,0
64,61,94.3398,0
64,62,136.682,0
64,66,172.247,0
64,68,101.868,0
64,71,154.932,0
64,76,198.023,0
64,84,140.428,0
64,85,66.8431,0
64,88,207.87,0
64,93,205.244,0
65,8,131.503,0
65,12,223.397,0
65,13,191.024,0
65,15,193.38,0
65,31,186.215,0
65,34,185.348,0
65,39,89.8721,0
65,42,163.783,0
65,53,180.499,0
65,62,162.29,0
65,71,214.448,0
65,83,150.12,0
65,90,175.932,0
65,92,44.2832,0
65,93,78.5175,0
66,8,183.33,0
66,13,218.762,0
66,18,63.3246,0
66,20,194.654,0
66,21,118.87,0
66,27,116.211,0
66,34,163.233,0
66,35,133.004,0
66,37,103.354,0
66,39,225.743,0
66,49,171.143,0
66,55,148.337,0
66,58,96.0052,0
66,61,86.539,0
66,62,152.003,0
66,64,172.247,0
66,71,85.8662,0
66,73,119.641,0
66,76,152.82,0
66,84,212.002,0
66,85,107.075,0
66,86,117.886,0
66,89,136.473,0
66,90,163.466,0
67,12,47.4236,0
67,15,188.597,0
67,31,76.1643,0
67,42,210.152,0
67,44,62.0725,0
67,45,79.3977,0
67,52,86.267,0
67,53,86.2844,0
67,83,169.012,0
67,92,204.475,0
68,3,140.89,0
68,5,153.792,0
68,8,167.529,0
68,12,189.56,0
68,13,75.4255,0
68,15,68.7968,0
68,31,168.181,0
68,32,230.549,4.80619
68,34,125.24,0
68,35,190.394,0
68,39,182.395,0
68,44,222.272,0
68,45,173.488,0
68,47,52.5547,0
68,48,188.322,0
68,49,115.732,0
68,52,164.438,0
68,53,160.378,0
68,60,174.264,0
68,61,193.693,0
68,62,166.208,0
68,64,101.868,0
68,71,218.213,0
68,84,220.756,0
68,85,164.794,0
68,92,215.035,0
68,93,194.659,0
69,2,98.3514,0
69,4,71.8679,0
69,7,57.6281,0
69,10,179.981,0
69,11,218.332,0
69,14,134.239,0
69,19,128.888,0
69,24,215.541,0
69,25,158.269,0
69,29,81.0247,0
69,30,72.0069,0
69,38,116.482,0
69,50,138.105,0
69,54,210.278,0
69,55,165.221,0
69,58,217.993,0
69,70,28.1603,0
69,78,151.212,0
69,80,165.148,0
69,81,216.633,0
69,89,216.529,0
69,94,201.556,0
69,97,211.454,0
69,98,148.395,0
70,2,70.2282,0
70,4,43.8634,0
70,7,82.3286,0
70,10,181.868,0
70,11,223.271,0
70,14,118.106,0
70,19,104.139,0
70,25,149.164,0
70,29,71.5681,0
70,30,69.0797,0
70,38,119.57,0
70,50,162.733,0
70,54,197.084,0
70,55,190.948,0
70,69,28.1603,0
70,78,128.701,0
70,80,169.307,0
70,81,208.031,0
70,94,217.007,0
70,97,187.446,0
70,98,134.826,0
70,99,212.869,0
71,8,100.603,0
71,13,157.613,0
71,15,203.666,0
71,18,112.272,0
71,21,176.411,0
71,27,103.942,0
71,34,97.949,0
71,35,164.344,0
71,37,173.761,0
71,39,141.128,0
71,49,163.6,0
71,58,180.472,0
71,61,113.596,0
71,62,72.1249,0
71,64,154.932,0
71,65,214.448,0
71,66,85.8662,0
71,68,218.213,0
71,73,148.678,0
71,76,224.555,0
71,85,112.178,0
71,86,140.186,0
71,89,207.504,0
71,90,101.922,0
71,92,198.98,0
71,93,146.113,0
72,0,179.494,0
72,5,112.579,0
72,6,95.7183,0
72,23,129.201,0
72,32,54.9181,0
72,33,3.16228,0
72,48,118.191,0
72,60,208.255,0
72,63,86.0233,0
72,75,187.107,0
72,77,97.7394,0
72,87,131.609,0
72,91,62.3699,0
73,18,56.8859,0
73,21,55.5698,0
73,27,64.0703,0
73,37,206.62,0
73,55,169.853,0
73,58,132.004,0
73,61,205.866,0
73,62,217.304,0
73,66,119.641,0
73,71,148.678,0
73,80,221.02,0
73,85,223.707,0
73,86,12.0416,0
73,89,100.344,0
73,90,144.087,0
74,9,32.28,0
74,10,159.656,0
74,11,131.894,0
74,17,150.296,0
74,24,187.224,0
74,28,139.818,0
74,40,65.4905,0
74,46,99.2018,0
74,54,176.918,0
74,56,144.222,0
74,57,204.025,0
74,59,123.548,0
74,81,144.281,0
74,82,83.4865,0
74,94,208.331,0
74,95,178.922,0
74,96,27.8568,0
74,98,220.227,0
75,1,124.531,0
75,3,160.639,0
75,5,169.532,0
75,22,220.952,0
75,32,198.743,0.998503
75,33,185.691,0
75,47,190.276,0
75,48,91.9239,0
75,51,118.533,0
75,60,75.1066,0
75,72,187.107,0
75,84,202.272,0
75,88,203.666,0
75,91,154.289,0
76,1,209.745,0
76,3,195.059,0
76,7,195.256,0
76,16,176.505,0
76,18,196.061,0
76,20,50.1597,0
76,21,214.037,0
76,35,108.074,0
76,37,50.9117,0
76,49,182.538,0
76,50,134.629,0
76,55,135.155,1.11634
76,58,126.479,0
76,61,127.016,0
76,64,198.023,0
76,66,152.82,0
76,71,224.555,0
76,79,195.51,0
76,84,119.503,0
76,85,151.119,0
76,88,136.561,0
76,89,195.164,0
76,94,208.031,0
77,0,125.399,0
77,5,162.631,0
77,6,65,0
77,23,66.2722,0
77,32,96.6075,0
77,33,98.4124,0
77,48,203.494,0
77,63,17.8045,0
77,72,97.7394,0
77,87,78.1025,0
77,91,153.444,0
78,2,84.0952,0
78,4,94.8683,0
78,7,208.83,0
78,14,190.591,0
78,19,30.0167,0
78,25,87.2353,0
78,29,87.2353,0
78,30,105.603,0
78,38,129.062,0
78,69,151.212,0
78,70,128.701,0
78,80,158.862,0
78,97,61.6117,0
78,98,211.684,0
78,99,85.5862,0
79,1,194.034,0
79,10,198.588,0
79,11,169.544,0
79,16,77.3175,0
79,17,117.72,0
79,20,157.29,0
79,22,211.851,0
79,24,103.315,0
79,26,107.154,0
79,36,153,0
79,41,112.947,0
79,43,63,0
79,50,158.685,0
79,56,188.862,0
79,57,104.235,0
79,76,195.51,0
79,84,201.854,0
79,88,139.718,0
79,94,100.424,0
79,95,189.447,0
80,2,193.982,0
80,4,178.933,0
80,7,201.099,0
80,19,167.839,0
80,21,175.756,0
80,25,77.026,0
80,29,106.775,0
80,30,101.257,0
80,38,49.7393,0
80,55,166.193,0
80,58,197.8,0
80,69,165.148,0
80,70,169.307,0
80,73,221.02,0
80,78,158.862,0
80,89,144.101,0
80,97,204.022,0
80,99,216.924,0
81,2,206.903,0
81,4,207.762,0
81,7,210.801,0
81,9,158.142,0
81,10,80.0062,0
81,11,104.695,0
81,14,99.2472,0
81,17,160.125,0
81,24,171.231,0
81,40,80.8084,0
81,46,50.5964,0
81,54,37.8021,0
81,69,216.633,0
81,70,208.031,0
81,74,144.281,0
81,82,220.239,0
81,94,181.728,0
81,96,135.074,0
81,98,78.339,0
82,9,62.0967,0
82,10,213.354,0
82,11,173.442,0
82,17,163.453,0
82,24,203.325,0
82,28,57.3847,0
82,40,139.56,0
82,43,212.551,0
82,46,180.025,0
82,56,73.8241,0
82,57,157.709,0
82,59,41.1096,0
82,74,83.4865,0
82,81,220.239,0
82,94,225.211,0
82,95,105.304,0
82,96,107.564,0
83,12,193.396,0
83,31,179.922,0
83,39,219.365,0
83,42,42.2019,0
83,53,182.483,0
83,65,150.12,0
83,67,169.012,0
83,92,159.59,0
83,93,212.492,0
84,1,103.392,0
84,3,88.278,0
84,16,139.818,0
84,20,87.3212,0
84,35,84.4808,0
84,37,130.173,0
84,47,194.209,0
84,49,121.017,0
84,51,216.231,0
84,60,150.801,0
84,61,136.308,0
84,64,140.428,0
84,66,212.002,0
84,68,220.756,0
84,75,202.272,0
84,76,119.503,0
84,79,201.854,0
84,85,138.636,0
84,88,67.897,0
85,3,133.555,0
85,8,157.115,0
85,13,143.283,0
85,15,188.17,0
85,18,169.307,0
85,20,167.586,0
85,21,225.364,0
85,27,202.237,0
85,34,107.787,0
85,35,57.3847,0
85,37,110.041,0
85,39,200.062,0
85,47,175.069,0
85,49,64.0703,0
85,55,223.081,0
85,58,179.494,0
85,60,221.984,0
85,61,29.1204,0
85,62,127.287,0
85,64,66.8431,0
85,66,107.075,0
85,68,164.794,0
85,71,112.178,0
85,73,223.707,0
85,76,151.119,0
85,84,138.636,0
85,86,219.864,0
85,88,203.868,0
85,90,213.925,0
85,93,210.412,0
86,18,57.0351,0
86,21,66.6408,0
86,27,52.1536,0
86,37,208.885,0
86,55,178.899,0
86,58,138.975,0
86,61,203.303,0
86,62,207.735,0
86,66,117.886,0
86,71,140.186,0
86,73,12.0416,0
86,85,219.864,0
86,89,111.364,0
86,90,132.061,0
87,0,50.448,0
87,5,236.778,4.46516
87,6,36.4005,0
87,23,142.506,0
87,32,157.953,0
87,33,133.959,0
87,63,68.4471,0
87,72,131.609,0
87,77,78.1025,0
87,91,163.625,0
88,1,80.6226,0
88,3,142.72,0
88,16,72.2011,0
88,20,87.6641,0
88,22,222.036,0
88,24,228.178,0
88,26,164.502,0
88,35,147.353,0
88,36,182.236,0
88,37,168.003,0
88,41,171.406,0
88,43,167.41,0
88,49,188.502,0
88,50,206.693,0
88,51,179.003,0
88,57,224.143,0
88,60,175.354,0
88,61,197.307,0
88,64,207.87,0
88,75,203.666,0
88,76,136.561,0
88,79,139.718,0
88,84,67.897,0
88,85,203.868,0
88,94,215.574,0
89,7,213.621,0
89,18,97.1854,0
89,21,44.7772,0
89,25,218.05,0
89,27,158.146,0
89,29,210.262,0
89,30,194.33,0
89,37,171.397,0
89,38,159.314,0
89,50,227.653,0
89,55,80.0562,0
89,58,70.2282,0
89,61,210.794,0
89,66,136.473,0
89,69,216.529,0
89,71,207.504,0
89,73,100.344,0
89,76,195.164,0
89,80,144.101,0
89,86,111.364,0
90,8,130.633,0
90,13,219.659,0
90,18,147.231,0
90,21,194.815,0
90,27,80.399,0
90,34,167.72,0
90,39,145.715,0
90,61,214.672,0
90,62,125.865,0
90,65,175.932,0
90,66,163.466,0
90,71,101.922,0
90,73,144.087,0
90,85,213.925,0
90,86,132.061,0
90,92,182.923,0
90,93,141.736,0
91,0,203.666,0
91,5,148.486,0
91,6,128.39,0
91,23,191.471,0
91,32,110.788,0
91,33,63.6553,0
91,48,116.726,0
91,60,196.703,0
91,63,138.6,0
91,72,62.3699,0
91,75,154.289,0
91,77,153.444,0
91,87,163.625,0
92,8,104.547,0
92,12,189.201,0
92,13,149.723,0
92,15,149.255,0
92,31,149.79,0
92,34,152.201,0
92,39,60.1664,0
92,42,182.937,0
92,45,217.959,0
92,52,214.663,0
92,53,142.888,0
92,62,137.058,0
92,65,44.2832,0
92,67,204.475,0
92,68,215.035,0
92,71,198.98,0
92,83,159.59,0
92,90,182.923,0
92,93,52.9528,0
93,8,53.535,0
93,12,217.8,0
93,13,121.396,0
93,15,137.612,0
93,27,209.745,0
93,31,176.479,0
93,34,107.056,0
93,39,12.6491,0
93,49,223.432,0
93,53,167.705,0
93,62,85.4225,0
93,64,205.244,0
93,65,78.5175,0
93,68,194.659,0
93,71,146.113,0
93,83,212.492,0
93,85,210.412,0
93,90,141.736,0
93,92,52.9528,0
94,7,151.4,0
94,9,189.694,0
94,10,102.84,0
94,11,87.0976,0
94,14,200.412,0
94,16,170.578,0
94,17,62.0081,0
94,20,191.377,0
94,24,22.0227,0
94,26,200.801,0
94,40,171.712,0
94,41,205.3,0
94,43,147.872,0
94,46,197.345,0
94,50,103.315,0
94,54,210.319,0
94,56,205.431,0
94,57,156.895,0
94,69,201.556,0
94,70,217.007,0
94,74,208.331,0
94,76,208.031,0
94,79,100.424,0
94,81,181.728,0
94,82,225.211,0
94,88,215.574,0
94,95,222.299,0
94,96,225.144,0
94,98,190.058,0
95,9,148.678,0
95,11,211.009,0
95,17,172.569,0
95,22,209.497,0
95,24,204.245,0
95,26,156,0
95,28,57.2189,0
95,36,176.638,0
95,40,217.279,0
95,41,151.568,0
95,43,140.801,0
95,56,34.8281,0
95,57,86.0523,0
95,59,87.2067,0
95,74,178.922,0
95,79,189.447,0
95,82,105.304,0
95,94,222.299,0
95,96,206.09,0
96,9,60.0833,0
96,10,164.615,0
96,11,143.68,0
96,17,169.944,0
96,24,204.824,0
96,28,164.757,0
96,40,64.6607,0
96,46,86.0058,0
96,54,164.11,0
96,56,171.511,0
96,59,146.014,0
96,74,27.8568,0
96,81,135.074,0
96,82,107.564,0
96,94,225.144,0
96,95,206.09,0
96,98,213.063,0
97,2,131.59,0
97,4,149.251,0
97,19,83.4086,0
97,25,127.098,0
97,29,148.223,0
97,30,166.481,0
97,38,183.415,0
97,69,211.454,0
97,70,187.446,0
97,78,61.6117,0
97,80,204.022,0
97,99,25.9422,0
98,2,128.725,0
98,4,129.808,0
98,7,158.114,0
98,10,98.2344,0
98,11,142.042,0
98,14,21.095,0
98,17,193.982,0
98,19,181.893,0
98,24,188.502,0
98,29,198.726,0
98,30,201.638,0
98,40,155.013,0
98,46,128.845,0
98,50,206.155,0
98,54,62.2896,0
98,69,148.395,0
98,70,134.826,0
98,74,220.227,0
98,78,211.684,0
98,81,78.339,0
98,94,190.058,0
98,96,213.063,0
99,2,157.496,0
99,4,175.114,0
99,19,109.041,0
99,25,140.161,0
99,29,170.578,0
99,30,188.608,0
99,38,201.122,0
99,70,212.869,0
99,78,85.5862,0
99,80,216.924,0
99,97,25.9422,0
