0,38,190.94,0
0,42,236.73,13.6078
0,43,255.893,17.0122
0,76,215.343,8.11675
1,3,145.89,0
1,7,138.293,0
1,11,105.368,0.560339
1,12,117.72,0
1,13,183.758,13.8929
1,14,27.8927,0
1,25,284.793,23.4585
1,26,247.629,19.7797
1,27,121.047,7.20517
1,30,165.315,11.7128
1,31,314.603,19.2098
1,35,59.9083,0
1,45,288.631,24.4487
1,46,146.414,0
1,48,174.063,0
1,52,306.395,26.1205
1,56,285.187,24.1417
1,62,204.198,0
1,67,127.035,0
1,68,75.9605,0
1,69,176.814,14.3401
1,82,248.532,21.0704
1,91,227.856,18.5664
1,93,159.113,13.2594
2,4,95.1893,0
2,17,197.993,3.85
2,18,178.609,13.8103
2,29,127.988,0
2,34,199.067,13.0445
2,60,170.173,13.4837
2,62,207.483,0
2,77,70.0928,0
2,81,35.5106,0
2,85,187.354,14.0516
2,87,189.4,5.3859
2,90,194.553,9.78862
2,99,76.0592,0
3,1,145.89,0
3,4,191.01,0
3,7,61.8142,0
3,12,273.254,19.2031
3,13,26.0768,0
3,14,128.413,0
3,15,181.894,11.5789
3,25,96.5194,0
3,27,191.765,12.1909
3,29,199.552,0
3,30,154.516,13.2548
3,35,97.0824,0
3,48,28.178,0
3,62,97.4526,0
3,67,67.0075,0
3,68,178.07,11.9486
3,69,195.276,16.4811
3,82,108.44,8.22351
3,87,219.16,7.65097
3,93,338.065,22.9946
4,2,95.1893,0
4,3,191.01,0
4,7,191.651,0
4,13,205.973,0
4,15,177.8,0
4,17,173.22,0
4,18,100.285,0
4,25,203.953,0
4,29,59.0085,0
4,34,108.019,0
4,48,166.364,0
4,60,88.8876,0
4,62,131.126,0
4,67,204.022,0
4,77,41.2311,0
4,81,106.827,0
4,85,102.772,0
4,87,110.023,0
4,90,146.895,0
4,99,168.648,0
5,38,164.478,0
5,41,172.261,0
5,47,166.508,0
5,50,246.979,15.864
5,63,268.592,22.7097
5,66,27.2947,0
5,72,136.292,6.21003
5,75,93.6483,0
5,76,221.935,6.7321
5,80,184.111,6.2734
5,86,16.1555,0
5,88,36.4005,0
5,89,78.7718,0
5,92,161.042,11.5679
5,94,120.017,0
5,95,137.525,0
6,21,200.434,17.1898
6,31,361.451,23.732
6,32,151.288,12.4698
6,33,26.6271,0
6,36,49.0408,0
6,41,152.591,0
6,44,121.511,0
6,45,173.713,14.859
6,46,266.777,20.9551
6,64,244.659,20.1277
6,79,151.954,0
6,80,238.824,19.6524
6,84,46.0109,0
6,91,284.792,24.37
6,94,158.398,0
6,95,169,0
7,1,138.293,0
7,3,61.8142,0
7,4,191.651,0
7,12,266.857,22.238
7,13,86.4002,0
7,14,132.231,0
7,15,242.64,15.0993
7,25,157,0
7,27,201.796,16.851
7,30,214.927,18.2363
7,35,112.721,0
7,48,75.505,0
7,62,66,0
7,67,12.53,0
7,68,133.36,0
7,69,263.411,22.1633
7,82,169.401,9.25304
8,11,351.295,18.2434
8,12,298.451,19.569
8,19,234.807,12.6616
8,21,171.715,14.7305
8,22,182.593,14.6796
8,26,185.946,6.1301
8,31,191.992,9.96174
8,32,235.192,18.1223
8,36,335.547,26.0408
8,41,177.207,13.5731
8,45,258.597,21.1019
8,47,329.93,24.7447
8,52,155.542,12.9022
8,54,225.573,16.0412
8,56,160.312,0
8,59,34.1027,2.18751
8,61,179.319,15.3159
8,63,243.311,0
8,64,137.172,11.0269
8,69,334.833,22.7621
8,72,262.845,10.2738
8,74,103.562,8.83597
8,75,329.931,10.4625
8,78,252.267,19.381
8,80,187.128,13.9602
8,89,398.252,12.7603
8,91,282.11,11.1304
8,92,260.101,7.47832
8,93,329.462,14.8755
8,97,302.803,25.8181
9,10,38.8973,0
9,28,157.309,0
9,37,114.543,0
9,39,172.409,0
9,40,174.347,0
9,55,65.1153,0
9,57,104.995,0
9,70,142.215,0
9,71,162.364,0
9,96,180.945,0
9,98,150.841,0
10,9,38.8973,0
10,28,158.824,0
10,37,89.9389,0
10,39,168.962,0
10,40,183.025,0
10,55,90.4268,0
10,57,97.0824,0
10,70,152.473,0
10,71,198.204,0
10,96,175.841,0
10,98,183.565,0
11,1,105.368,0.560339
11,8,351.295,18.2434
11,12,136.009,10.7107
11,13,336.091,25.3132
11,14,122.927,8.47453
11,21,287.455,18.2986
11,26,209.338,12.9559
11,27,203.899,13.8468
11,30,273.943,12.2564
11,31,165.324,6.72746
11,32,334.013,13.8422
11,35,156.005,11.6564
11,36,290.657,24.179
11,45,189.82,11.0558
11,46,66.0303,0
11,52,266.584,18.4685
11,56,236.524,12.7468
11,59,313.509,19.5354
11,64,200.666,17.2133
11,68,165.614,14.1856
11,69,241.718,11.6089
11,91,67.9287,5.82624
11,93,51.0524,2.99191
12,1,117.72,0
12,3,273.254,19.2031
12,7,266.857,22.238
12,8,298.451,19.569
12,11,136.009,10.7107
12,13,224.254,18.5538
12,14,103.67,4.00113
12,21,358.126,19.2617
12,25,300.469,19.5305
12,26,115.968,9.80518
12,27,82.7925,6.55539
12,30,139.953,1.94053
12,31,178.395,7.13047
12,35,139.627,11.3633
12,45,270.159,21.1168
12,46,193.988,15.1523
12,48,288.683,23.4525
12,52,175.597,4.91508
12,56,142.62,12.1694
12,59,245.481,21.026
12,64,298.21,16.204
12,67,252.414,20.3873
12,68,121.958,5.07005
12,69,97.5465,2.02419
12,82,261.415,7.72959
12,91,135.555,11.4464
12,93,82.3524,7.06416
13,1,183.758,13.8929
13,3,26.0768,0
13,4,205.973,0
13,7,86.4002,0
13,11,336.091,25.3132
13,12,224.254,18.5538
13,14,170.828,14.4999
13,15,175.425,12.6316
13,25,77.7946,0
13,26,325.49,26.7766
13,27,161.89,10.1293
13,29,228.057,9.18296
13,30,112.63,9.21081
13,35,144.184,11.1114
13,48,40.025,0
13,52,257.961,20.8498
13,62,122.43,0
13,67,89.9444,0
13,68,173.512,6.76047
13,69,146.726,12.2567
13,82,83.9026,7.12831
13,87,210.612,3.21701
13,93,355.585,11.2713
14,1,27.8927,0
14,3,128.413,0
14,7,132.231,0
14,11,122.927,8.47453
14,12,103.67,4.00113
14,13,170.828,14.4999
14,25,263.831,22.5296
14,26,202.515,12.6353
14,27,92.1574,6.37338
14,30,137.485,10.8504
14,31,284.256,19.4288
14,35,34.7131,0
14,45,312.836,26.4031
14,46,153.834,0
14,48,156.371,0
14,52,300.868,22.1473
14,56,240.324,18.3842
14,62,197.821,0
14,67,122.376,0
14,68,48.0833,0
14,69,147.227,12.4775
14,82,220.211,18.8881
14,91,225.3,17.0494
14,93,128.71,10.8412
15,3,181.894,11.5789
15,4,177.8,0
15,7,242.64,15.0993
15,13,175.425,12.6316
15,17,190.646,0
15,18,151.585,0
15,20,252.305,20.0242
15,25,121.139,8.58742
15,27,307.941,26.0616
15,29,138.438,0
15,30,283.699,22.0592
15,34,118.663,0
15,48,175.162,14.6262
15,51,236.704,18.7238
15,60,151.789,0
15,62,209.024,6.06959
15,65,246.293,18.9521
15,67,256.662,16.7578
15,69,321.188,24.0516
15,77,195,0
15,82,161.843,13.8698
15,85,140.688,0
15,87,100.17,0
15,90,171.047,0
16,20,83.9345,0
16,22,227.557,7.78647
16,23,117.273,0
16,24,85.5089,5.04372
16,28,184.261,0
16,39,192.211,0
16,40,149.308,0
16,49,248.992,18.077
16,51,62.6817,0
16,53,154.434,0
16,54,145.121,0
16,65,55.1453,0
16,70,193.357,7.94735
16,73,99,4.05
16,78,198.43,7.31255
16,83,249.954,16.782
16,96,194.805,0
17,2,197.993,3.85
17,4,173.22,0
17,15,190.646,0
17,18,74.8866,0
17,29,122.413,0
17,34,88.4816,0
17,55,215.337,0
17,60,85.7555,0
17,71,74.8866,0
17,77,145.784,0
17,85,77.1557,0
17,87,104.709,0
17,90,27.6586,0
17,98,105.646,0
18,2,178.609,13.8103
18,4,100.285,0
18,15,151.585,0
18,17,74.8866,0
18,25,210.01,0
18,29,47.634,0
18,34,33.2415,0
18,48,212.72,0
18,60,11.4018,0
18,62,214.516,0
18,71,149.773,0
18,77,80.5047,0
18,81,199.595,11.8807
18,85,11.1803,0
18,87,51.4198,0
18,90,47.5079,0
18,98,180.236,0
18,99,238.866,11.661
19,8,234.807,12.6616
19,22,124.018,2.3953
19,38,192.433,16.4218
19,41,318.7,23.7118
19,42,219.611,18.8394
19,43,240.441,20.4762
19,47,121.3,10.3483
19,49,147.003,0
19,50,97.8757,4.1456
19,54,197.003,2.43493
19,56,321.884,26.031
19,58,264.032,22.6049
19,59,238.058,18.0702
19,61,44,2.17949
19,63,47.4148,0.639723
19,72,195.436,14.2972
19,74,115.217,9.85569
19,75,201.826,16.4831
19,76,176.762,14.9029
19,78,150.427,1.07402
19,80,278.327,19.2687
19,86,236.028,13.147
19,88,215.787,12.8932
19,89,165.886,8.84199
19,92,168.593,13.0142
19,97,92.3515,5.11949
20,15,252.305,20.0242
20,16,83.9345,0
20,22,168.241,0
20,23,196.352,0
20,24,159.607,10.0752
20,25,221.083,10.309
20,40,238.059,9.78469
20,49,195.233,0
20,51,70.9366,0
20,52,260.759,22.2173
20,53,209.272,12.6292
20,54,95.1893,0
20,65,41.8808,0
20,73,120.37,8.68055
20,78,164.794,0
20,82,286.166,24.5491
21,6,200.434,17.1898
21,8,171.715,14.7305
21,11,287.455,18.2986
21,12,358.126,19.2617
21,26,244.308,18.7653
21,31,188.525,9.86859
21,32,57.6888,0
21,33,189.917,16.2891
21,36,154.704,10.0305
21,41,115.894,3.61882
21,44,264.331,18.6901
21,45,155.653,0
21,46,291.418,9.87746
21,52,284.787,24.3725
21,56,193.526,16.4155
21,59,136.533,11.4136
21,63,298.44,21.7168
21,64,64.1106,1.76776
21,72,218.155,18.453
21,74,288.7,23.8579
21,75,241.034,20.2937
21,80,118.66,7.62675
21,84,226.53,18.6284
21,91,197.095,15.6259
21,92,227.467,19.2536
21,93,298.56,17.2537
21,94,192.619,16.253
21,95,248.05,18.4711
22,8,182.593,14.6796
22,16,227.557,7.78647
22,19,124.018,2.3953
22,20,168.241,0
22,26,244.491,19.5366
22,47,246.703,17.0877
22,49,87.023,0
22,50,215.19,11.4354
22,52,212.392,17.1796
22,53,144.18,0
22,54,73.0616,0
22,56,191.049,6.44797
22,59,214.663,17.8885
22,61,80.025,0
22,63,206.074,17.2812
22,65,203.482,0
22,73,142.023,5.85246
22,74,86.8422,5.6566
22,78,59.4811,0
22,83,211.41,4.82531
22,92,363.397,20.4993
22,97,138.922,1.19685
23,16,117.273,0
23,20,196.352,0
23,24,135.801,0
23,28,175.137,0
23,39,167.242,0
23,40,157.848,0
23,51,174.385,0
23,53,143.544,0
23,65,172.418,0
23,70,189.974,0
23,73,161.191,7.98442
23,78,237.766,9.5474
23,83,196.587,15.1225
23,96,163.003,0
24,16,85.5089,5.04372
24,20,159.607,10.0752
24,23,135.801,0
24,28,118.562,0
24,39,131.894,0
24,40,81.4002,0
24,51,71.0211,0
24,54,236.034,9.69461
24,55,199.03,11.3825
24,57,197.095,9.01828
24,65,117.809,9.00786
24,70,135.417,10.9631
24,73,182.219,8.40274
24,96,137.201,0
25,1,284.793,23.4585
25,3,96.5194,0
25,4,203.953,0
25,7,157,0
25,12,300.469,19.5305
25,13,77.7946,0
25,14,263.831,22.5296
25,15,121.139,8.58742
25,18,210.01,0
25,20,221.083,10.309
25,27,187.349,16.0203
25,29,183.371,0
25,30,161.367,13.4017
25,34,179.547,0
25,35,229.301,19.465
25,48,97.5551,5.57073
25,51,212.002,0
25,52,274.788,23.5167
25,60,207.196,0
25,62,184.411,6.46715
25,65,221.552,4.81624
25,67,163.371,0
25,68,229.937,18.5718
25,69,202.968,15.7264
25,82,39.5601,0
25,85,200.122,0
25,87,160.611,0
26,1,247.629,19.7797
26,8,185.946,6.1301
26,11,209.338,12.9559
26,12,115.968,9.80518
26,13,325.49,26.7766
26,14,202.515,12.6353
26,21,244.308,18.7653
26,22,244.491,19.5366
26,27,203.716,14.691
26,30,222.096,12.9686
26,31,95.9537,7.0491
26,32,285.157,22.22
26,35,279.636,19.3688
26,41,262.013,20.9271
26,45,282.155,10.1034
26,46,283.383,19.687
26,52,73.2547,6.10456
26,54,269.416,22.9718
26,56,25,1.875
26,59,163.362,9.72391
26,61,245.183,15.1437
26,64,168.702,14.4189
26,68,258.612,12.3213
26,69,180.644,10.4545
26,74,168.653,7.36868
26,80,264.89,22.6836
26,82,236.355,18.1497
26,91,159.641,9.10955
26,93,171.72,9.35041
27,1,121.047,7.20517
27,3,191.765,12.1909
27,7,201.796,16.851
27,11,203.899,13.8468
27,12,82.7925,6.55539
27,13,161.89,10.1293
27,14,92.1574,6.37338
27,15,307.941,26.0616
27,25,187.349,16.0203
27,26,203.716,14.691
27,30,48.7411,4.1396
27,31,258.145,15.5636
27,35,69.3858,5.52657
27,46,263.803,22.6116
27,48,208.06,16.8233
27,52,186.93,15.4147
27,56,228.912,17.7589
27,62,277.573,23.2501
27,67,191.276,15.544
27,68,43.1021,3.62929
27,69,52.8525,4.09638
27,82,146.405,11.9766
27,91,212.208,17.5966
27,93,168.89,10.2936
28,9,157.309,0
28,10,158.824,0
28,16,184.261,0
28,23,175.137,0
28,24,118.562,0
28,37,106.104,0
28,39,24.5153,0
28,40,37.4833,0
28,51,208.123,9.19711
28,55,109.041,0
28,57,65.3758,0
28,65,233.14,9.53756
28,70,36.3456,0
28,96,35.171,0
29,2,127.988,0
29,3,199.552,0
29,4,59.0085,0
29,13,228.057,9.18296
29,15,138.438,0
29,17,122.413,0
29,18,47.634,0
29,25,183.371,0
29,34,49.0102,0
29,48,171.84,0
29,60,37.4833,0
29,62,166.973,0
29,71,197.274,0
29,77,58.0517,0
29,81,151.162,0
29,85,46.5188,0
29,87,52.9245,0
29,90,94.8683,0
29,99,203.823,0
30,1,165.315,11.7128
30,3,154.516,13.2548
30,7,214.927,18.2363
30,11,273.943,12.2564
30,12,139.953,1.94053
30,13,112.63,9.21081
30,14,137.485,10.8504
30,15,283.699,22.0592
30,25,161.367,13.4017
30,26,222.096,12.9686
30,27,48.7411,4.1396
30,31,332.024,0
30,35,124.155,9.91237
30,48,156.45,11.7337
30,52,140.647,10.1828
30,56,231.948,18.2085
30,62,254.389,18.4569
30,67,210.811,17.8056
30,68,89.3239,7.3981
30,69,49.0306,0
30,82,121.605,5.47717
30,91,274.639,17.8971
30,93,233.257,8.05935
31,1,314.603,19.2098
31,6,361.451,23.732
31,8,191.992,9.96174
31,11,165.324,6.72746
31,12,178.395,7.13047
31,14,284.256,19.4288
31,21,188.525,9.86859
31,26,95.9537,7.0491
31,27,258.145,15.5636
31,30,332.024,0
31,32,223.415,13.7202
31,35,258.907,22.1982
31,36,325.53,7.43002
31,41,308.221,9.04199
31,45,187.211,0
31,46,193.886,14.8135
31,52,169.22,13.326
31,56,85.1817,7.28412
31,59,146.991,11.546
31,64,124.418,7.71085
31,68,267.569,18.0851
31,69,284.063,0
31,74,285.787,21.5731
31,80,257.672,18.7963
31,91,86.3328,2.25707
31,93,157.137,0
32,6,151.288,12.4698
32,8,235.192,18.1223
32,11,334.013,13.8422
32,21,57.6888,0
32,26,285.157,22.22
32,31,223.415,13.7202
32,33,131.168,9.71709
32,36,111.058,7.48678
32,41,103.151,4.5845
32,44,209.529,9.55904
32,45,156.11,1.90134
32,46,271.749,17.0754
32,56,280.034,19.3868
32,59,195.873,16.2625
32,63,340.832,21.0514
32,64,116.245,1.46326
32,72,258.255,17.0541
32,74,347.031,25.9453
32,75,235.083,18.8003
32,80,154.208,0
32,84,167.468,9.96836
32,88,253.573,16.3043
32,91,246.288,14.7406
32,92,277.387,17.1327
32,93,333.677,17.8755
32,94,149.08,9.93869
32,95,198.282,9.67974
33,6,26.6271,0
33,21,189.917,16.2891
33,32,131.168,9.71709
33,36,48.7032,0
33,41,135.03,0
33,44,103.238,0
33,45,176.122,14.5247
33,46,276.825,23.452
33,64,241.967,19.7474
33,79,141.481,0
33,80,185.931,9.29796
33,84,38.6005,0
33,91,310.759,26.503
33,94,132.518,0
33,95,142.899,0
34,2,199.067,13.0445
34,4,108.019,0
34,15,118.663,0
34,17,88.4816,0
34,18,33.2415,0
34,25,179.547,0
34,29,49.0102,0
34,48,195.186,2.26697
34,60,36.2353,0
34,62,204.963,0
34,71,160.527,0
34,77,100.319,0
34,81,194.093,0
34,85,22.1359,0
34,87,19,0
34,90,62.1772,0
34,98,192.52,0
35,1,59.9083,0
35,3,97.0824,0
35,7,112.721,0
35,11,156.005,11.6564
35,12,139.627,11.3633
35,13,144.184,11.1114
35,14,34.7131,0
35,25,229.301,19.465
35,26,279.636,19.3688
35,27,69.3858,5.52657
35,30,124.155,9.91237
35,31,258.907,22.1982
35,46,199.575,7.45582
35,48,144.16,8.29267
35,52,260.203,21.8964
35,56,288.5,23.6406
35,62,175.847,0
35,67,105.095,0
35,68,25.9422,0
35,69,123.277,10.5752
35,82,188.691,15.2293
35,91,242.716,19.7143
35,93,151.545,12.8229
36,6,49.0408,0
36,8,335.547,26.0408
36,11,290.657,24.179
36,21,154.704,10.0305
36,31,325.53,7.43002
36,32,111.058,7.48678
36,33,48.7032,0
36,41,112.04,0
36,44,149.272,0
36,45,129.721,10.6711
36,46,237.536,17.702
36,59,301.017,23.9089
36,64,196.604,10.6348
36,72,225.646,6.55431
36,79,190.129,0
36,80,224.845,16.264
36,84,86.3134,0
36,91,263.004,20.1324
36,93,370.609,18.5185
36,94,141.354,0
36,95,170.95,0
37,9,114.543,0
37,10,89.9389,0
37,28,106.104,0
37,39,103.755,0
37,40,141.524,0
37,55,117.098,0
37,57,48.1664,0
37,70,121.264,0
37,96,106.381,0
38,0,190.94,0
38,5,164.478,0
38,19,192.433,16.4218
38,42,148.369,12.58
38,43,174.402,14.5335
38,47,52.8015,0
38,50,77.0795,4.58807
38,58,194.635,15.8527
38,61,215.938,15.6534
38,63,139.275,1.35111
38,66,176.477,0
38,72,215.949,18.4917
38,75,164.477,12.3794
38,76,58.1128,4.70964
38,86,152.053,0
38,88,137.993,0
38,89,100.449,0
38,92,185.14,14.111
38,97,184.36,15.7959
39,9,172.409,0
39,10,168.962,0
39,16,192.211,0
39,23,167.242,0
39,24,131.894,0
39,28,24.5153,0
39,37,103.755,0
39,40,55.1543,0
39,51,202.425,0
39,55,129.634,0
39,57,72.0347,0
39,70,60.8276,0
39,96,10.7703,0
40,9,174.347,0
40,10,183.025,0
40,16,149.308,0
40,20,238.059,9.78469
40,23,157.848,0
40,24,81.4002,0
40,28,37.4833,0
40,37,141.524,0
40,39,55.1543,0
40,51,170.604,8.89879
40,55,116.469,0
40,57,97.1442,0
40,65,191.585,7.64961
40,70,32.28,0
40,96,63.3246,0
41,5,172.261,0
41,6,152.591,0
41,8,177.207,13.5731
41,19,318.7,23.7118
41,21,115.894,3.61882
41,26,262.013,20.9271
41,31,308.221,9.04199
41,32,103.151,4.5845
41,33,135.03,0
41,36,112.04,0
41,44,189.623,0
41,45,261.74,4.2906
41,46,384.611,18.6
41,56,288.411,23.2578
41,59,139.29,5.73636
41,61,376.679,20.443
41,63,274.154,14.2061
41,64,175.621,4.79012
41,66,196.38,0
41,72,113.97,6.0617
41,74,332.97,19.9287
41,75,125.252,0
41,80,49.6429,3.39686
41,84,168.158,0
41,86,164.83,0
41,88,156.847,0
41,89,165.109,0
41,91,317.973,20.1881
41,92,135.089,9.66547
41,94,87.0517,0
41,95,150.03,0
42,0,236.73,13.6078
42,19,219.611,18.8394
42,38,148.369,12.58
42,43,30.0167,0
42,47,199.477,10.1315
42,49,220.496,14.0459
42,50,143.111,3.97019
42,58,47.8017,0
42,61,206.223,12.9791
42,63,250.718,21.4444
42,75,330.034,27.0117
42,76,99.6657,5.59946
42,78,246.775,13.8234
42,89,256.547,21.0402
42,97,143.137,11.4971
43,0,255.893,17.0122
43,19,240.441,20.4762
43,38,174.402,14.5335
43,42,30.0167,0
43,47,237.808,15.4413
43,49,243.955,20.4748
43,50,160.097,12.6602
43,58,18.4391,0
43,61,249.617,20.5658
43,63,287.881,24.6908
43,76,129.447,10.9155
43,78,283.935,23.6934
43,83,248.909,17.6692
43,97,167.599,12.2273
44,6,121.511,0
44,21,264.331,18.6901
44,32,209.529,9.55904
44,33,103.238,0
44,36,149.272,0
44,41,189.623,0
44,79,56.6127,0
44,84,78,0
44,94,131.928,0
44,95,91.0055,0
45,1,288.631,24.4487
45,6,173.713,14.859
45,8,258.597,21.1019
45,11,189.82,11.0558
45,12,270.159,21.1168
45,14,312.836,26.4031
45,21,155.653,0
45,26,282.155,10.1034
45,31,187.211,0
45,32,156.11,1.90134
45,33,176.122,14.5247
45,36,129.721,10.6711
45,41,261.74,4.2906
45,46,119.737,10.079
45,52,347.614,20.2672
45,56,260.581,14.648
45,59,224.905,18.6534
45,64,114.051,7.01805
45,80,275.763,8.89818
45,84,215.895,16.9483
45,91,134.68,8.8986
45,93,234.068,6.21149
45,94,293.697,25.0095
46,1,146.414,0
46,6,266.777,20.9551
46,11,66.0303,0
46,12,193.988,15.1523
46,14,153.834,0
46,21,291.418,9.87746
46,26,283.383,19.687
46,27,263.803,22.6116
46,31,193.886,14.8135
46,32,271.749,17.0754
46,33,276.825,23.452
46,35,199.575,7.45582
46,36,237.536,17.702
46,41,384.611,18.6
46,45,119.737,10.079
46,56,281.051,21.878
46,59,356.2,20.9644
46,64,229.509,15.7137
46,68,202.672,10.5775
46,69,305.624,25.1796
46,84,314.484,26.8098
46,91,118.957,9.99386
46,93,113.01,7.53403
47,5,166.508,0
47,8,329.93,24.7447
47,19,121.3,10.3483
47,22,246.703,17.0877
47,38,52.8015,0
47,42,199.477,10.1315
47,43,237.808,15.4413
47,49,236.128,12.5139
47,50,78.8138,2.59826
47,58,274.249,14.9301
47,59,357.271,24.6573
47,61,171.707,14.6181
47,63,105.065,7.70842
47,66,185.311,0
47,72,174.056,14.7166
47,74,232.195,19.7468
47,75,143.979,12.3035
47,76,105.09,6.84519
47,80,265.243,22.6206
47,86,151.38,0
47,88,134.375,0.678518
47,89,90.6073,0.656287
47,92,140.22,11.4291
47,97,145.429,12.4468
48,1,174.063,0
48,3,28.178,0
48,4,166.364,0
48,7,75.505,0
48,12,288.683,23.4525
48,13,40.025,0
48,14,156.371,0
48,15,175.162,14.6262
48,18,212.72,0
48,25,97.5551,5.57073
48,27,208.06,16.8233
48,29,171.84,0
48,30,156.45,11.7337
48,34,195.186,2.26697
48,35,144.16,8.29267
48,60,205.767,0
48,62,89.8721,0
48,67,84.119,0
48,68,211.605,15.9053
48,69,194.149,15.6812
48,77,204.061,0
48,82,93.9133,3.42988
48,85,205.73,0
48,87,184.078,4.54699
49,16,248.992,18.077
49,19,147.003,0
49,20,195.233,0
49,22,87.023,0
49,42,220.496,14.0459
49,43,243.955,20.4748
49,47,236.128,12.5139
49,50,218.708,16.0856
49,53,75,0
49,54,117.154,0
49,58,232.702,19.3248
49,61,121.002,1.29981
49,63,194.931,1.29046
49,73,153.986,13.0968
49,74,146.779,0
49,76,270.078,21.7659
49,78,35.5106,0
49,83,128.951,5.23727
49,97,116.388,2.84584
50,5,246.979,15.864
50,19,97.8757,4.1456
50,22,215.19,11.4354
50,38,77.0795,4.58807
50,42,143.111,3.97019
50,43,160.097,12.6602
50,47,78.8138,2.59826
50,49,218.708,16.0856
50,58,200.007,12.0247
50,61,144.628,10.3368
50,63,129.624,9.23636
50,72,232.538,19.4197
50,74,219.645,17.4843
50,75,230.852,17.5715
50,76,85.276,0
50,78,233.198,15.5931
50,86,233.354,15.9387
50,88,216.183,15.7294
50,89,171.469,13.9099
50,92,208.656,17.7643
50,97,108.099,7.71913
51,15,236.704,18.7238
51,16,62.6817,0
51,20,70.9366,0
51,23,174.385,0
51,24,71.0211,0
51,25,212.002,0
51,28,208.123,9.19711
51,39,202.425,0
51,40,170.604,8.89879
51,53,210.24,0
51,54,162.237,0
51,65,31.1448,0
51,70,189.66,9.72139
51,73,154.88,8.34403
51,96,208.087,0
52,1,306.395,26.1205
52,8,155.542,12.9022
52,11,266.584,18.4685
52,12,175.597,4.91508
52,13,257.961,20.8498
52,14,300.868,22.1473
52,20,260.759,22.2173
52,21,284.787,24.3725
52,22,212.392,17.1796
52,25,274.788,23.5167
52,26,73.2547,6.10456
52,27,186.93,15.4147
52,30,140.647,10.1828
52,31,169.22,13.326
52,35,260.203,21.8964
52,45,347.614,20.2672
52,54,182.387,11.2651
52,56,95.9836,5.75528
52,59,175.873,14.9701
52,61,260.065,20.9741
52,64,257.636,20.7276
52,68,234.305,18.3292
52,69,124.234,10.3147
52,74,179.524,13.1519
52,78,251.623,15.1153
52,82,209.996,17.3088
52,91,228.434,15.6707
52,93,221.561,15.0815
53,16,154.434,0
53,20,209.272,12.6292
53,22,144.18,0
53,23,143.544,0
53,49,75,0
53,51,210.24,0
53,54,162.997,10.8665
53,58,286.993,24.0256
53,61,193.748,0.691884
53,65,194.682,3.70781
53,73,91.3483,4.49287
53,74,213.516,0
53,78,85.4751,0
53,83,80.111,4.47191
53,97,178.37,0
54,8,225.573,16.0412
54,16,145.121,0
54,19,197.003,2.43493
54,20,95.1893,0
54,22,73.0616,0
54,24,236.034,9.69461
54,26,269.416,22.9718
54,49,117.154,0
54,51,162.237,0
54,52,182.387,11.2651
54,53,162.997,10.8665
54,56,277.759,23.6305
54,59,245.492,16.9979
54,61,153.003,0
54,65,131.107,0
54,73,93.9149,5.59017
54,74,153.181,8.25248
54,78,82.0731,0
54,83,244.032,15.9805
54,97,204.139,1.07985
55,9,65.1153,0
55,10,90.4268,0
55,17,215.337,0
55,24,199.03,11.3825
55,28,109.041,0
55,37,117.098,0
55,39,129.634,0
55,40,116.469,0
55,57,81.5843,0
55,70,84.5281,0
55,71,171.54,0
55,96,139.818,0
55,98,172.351,0
56,1,285.187,24.1417
56,8,160.312,0
56,11,236.524,12.7468
56,12,142.62,12.1694
56,14,240.324,18.3842
56,19,321.884,26.031
56,21,193.526,16.4155
56,22,191.049,6.44797
56,26,25,1.875
56,27,228.912,17.7589
56,30,231.948,18.2085
56,31,85.1817,7.28412
56,32,280.034,19.3868
56,35,288.5,23.6406
56,41,288.411,23.2578
56,45,260.581,14.648
56,46,281.051,21.878
56,52,95.9836,5.75528
56,54,277.759,23.6305
56,59,138.942,5.1245
56,61,244.212,19.2317
56,63,389.212,6.4709
56,64,159.331,13.6429
56,68,282.56,16.8718
56,69,199.189,14.8231
56,74,157.305,9.36342
56,80,273.174,21.0206
56,82,264.255,21.1441
56,91,173.576,9.22089
56,92,381.523,19.1122
56,93,198.947,10.1804
57,9,104.995,0
57,10,97.0824,0
57,24,197.095,9.01828
57,28,65.3758,0
57,37,48.1664,0
57,39,72.0347,0
57,40,97.1442,0
57,55,81.5843,0
57,70,73.8173,0
57,96,78.7718,0
58,19,264.032,22.6049
58,38,194.635,15.8527
58,42,47.8017,0
58,43,18.4391,0
58,47,274.249,14.9301
58,49,232.702,19.3248
58,50,200.007,12.0247
58,53,286.993,24.0256
58,61,266.398,22.6647
58,63,300.013,25.6678
58,76,157.074,13.1381
58,78,259.531,19.4648
58,83,215.102,11.6103
58,97,181.162,11.9083
59,8,34.1027,2.18751
59,11,313.509,19.5354
59,12,245.481,21.026
59,19,238.058,18.0702
59,21,136.533,11.4136
59,22,214.663,17.8885
59,26,163.362,9.72391
59,31,146.991,11.546
59,32,195.873,16.2625
59,36,301.017,23.9089
59,41,139.29,5.73636
59,45,224.905,18.6534
59,46,356.2,20.9644
59,47,357.271,24.6573
59,52,175.873,14.9701
59,54,245.492,16.9979
59,56,138.942,5.1245
59,61,229.363,16.8753
59,63,247.635,7.03515
59,64,104.039,7.2295
59,69,330.14,22.5901
59,72,254.187,12.5909
59,74,136.041,11.6584
59,75,312.2,16.301
59,80,132.739,10.1278
59,89,365.898,23.0736
59,91,235.583,14.5507
59,92,240.273,14.2573
59,93,287.483,18.3937
59,94,247.96,15.2202
60,2,170.173,13.4837
60,4,88.8876,0
60,15,151.789,0
60,17,85.7555,0
60,18,11.4018,0
60,25,207.196,0
60,29,37.4833,0
60,34,36.2353,0
60,48,205.767,0
60,62,204.414,0
60,71,160.605,0
60,77,70.0357,0
60,81,179.967,8.08035
60,85,17.4642,0
60,87,52.3259,0
60,90,58.5918,0
60,98,190.801,0
60,99,245,16.0976
61,8,179.319,15.3159
61,19,44,2.17949
61,22,80.025,0
61,26,245.183,15.1437
61,38,215.938,15.6534
61,41,376.679,20.443
61,42,206.223,12.9791
61,43,249.617,20.5658
61,47,171.707,14.6181
61,49,121.002,1.29981
61,50,144.628,10.3368
61,52,260.065,20.9741
61,53,193.748,0.691884
61,54,153.003,0
61,56,244.212,19.2317
61,58,266.398,22.6647
61,59,229.363,16.8753
61,63,91.9461,5.91523
61,72,253.129,16.4879
61,73,215.783,6.46592
61,74,72.5603,5.75876
61,75,264.186,20.3209
61,76,239.403,20.0483
61,78,113.534,0
61,80,327.078,16.8902
61,89,213.933,12.7341
61,92,223.254,16.0706
61,97,86.1626,0
62,1,204.198,0
62,2,207.483,0
62,3,97.4526,0
62,4,131.126,0
62,7,66,0
62,13,122.43,0
62,14,197.821,0
62,15,209.024,6.06959
62,18,214.516,0
62,25,184.411,6.46715
62,27,277.573,23.2501
62,29,166.973,0
62,30,254.389,18.4569
62,34,204.963,0
62,35,175.847,0
62,48,89.8721,0
62,60,204.414,0
62,67,77.2334,0
62,68,193.869,0
62,77,172.192,0
62,81,199.023,0
62,82,184.86,4.10225
62,85,211.783,0
62,87,195.133,0
63,5,268.592,22.7097
63,8,243.311,0
63,19,47.4148,0.639723
63,21,298.44,21.7168
63,22,206.074,17.2812
63,32,340.832,21.0514
63,38,139.275,1.35111
63,41,274.154,14.2061
63,42,250.718,21.4444
63,43,287.881,24.6908
63,47,105.065,7.70842
63,49,194.931,1.29046
63,50,129.624,9.23636
63,56,389.212,6.4709
63,58,300.013,25.6678
63,59,247.635,7.03515
63,61,91.9461,5.91523
63,64,274.369,23.4939
63,66,289.143,24.7541
63,72,150.013,0
63,74,170.751,9.37449
63,75,177.637,1.04463
63,76,205.747,17.5958
63,78,202.259,5.39985
63,80,235.389,7.87382
63,86,253.36,20.7208
63,88,231.942,17.7059
63,89,182,12.7928
63,92,121.918,0
63,94,285.145,24.4503
63,97,121.856,0.520675
64,6,244.659,20.1277
64,8,137.172,11.0269
64,11,200.666,17.2133
64,12,298.21,16.204
64,21,64.1106,1.76776
64,26,168.702,14.4189
64,31,124.418,7.71085
64,32,116.245,1.46326
64,33,241.967,19.7474
64,36,196.604,10.6348
64,41,175.621,4.79012
64,45,114.051,7.01805
64,46,229.509,15.7137
64,52,257.636,20.7276
64,56,159.331,13.6429
64,59,104.039,7.2295
64,63,274.369,23.4939
64,69,404.039,11.429
64,72,250.494,20.9251
64,74,226.022,17.1317
64,75,293.873,24.9257
64,80,159.313,10.0786
64,84,280.783,24.0759
64,91,146.532,11.9192
64,92,293.683,17.5727
64,93,256.848,10.544
64,94,257.562,21.8906
65,15,246.293,18.9521
65,16,55.1453,0
65,20,41.8808,0
65,22,203.482,0
65,23,172.418,0
65,24,117.809,9.00786
65,25,221.552,4.81624
65,28,233.14,9.53756
65,40,191.585,7.64961
65,51,31.1448,0
65,53,194.682,3.70781
65,54,131.107,0
65,70,223.981,12.5029
65,73,132.08,9.12088
65,78,190.906,0
66,5,27.2947,0
66,38,176.477,0
66,41,196.38,0
66,47,185.311,0
66,63,289.143,24.7541
66,72,163.528,6.36282
66,75,120.204,0
66,80,210.773,6.68106
66,86,42.0476,0
66,88,61.6604,0
66,89,100.846,0
66,92,189.004,12.4591
66,94,136.459,0
66,95,141.796,0
67,1,127.035,0
67,3,67.0075,0
67,4,204.022,0
67,7,12.53,0
67,12,252.414,20.3873
67,13,89.9444,0
67,14,122.376,0
67,15,256.662,16.7578
67,25,163.371,0
67,27,191.276,15.544
67,30,210.811,17.8056
67,35,105.095,0
67,48,84.119,0
67,62,77.2334,0
67,68,127.028,0
67,69,255.013,21.6765
67,82,174.599,9.87178
67,93,250.018,14.6385
68,1,75.9605,0
68,3,178.07,11.9486
68,7,133.36,0
68,11,165.614,14.1856
68,12,121.958,5.07005
68,13,173.512,6.76047
68,14,48.0833,0
68,25,229.937,18.5718
68,26,258.612,12.3213
68,27,43.1021,3.62929
68,30,89.3239,7.3981
68,31,267.569,18.0851
68,35,25.9422,0
68,46,202.672,10.5775
68,48,211.605,15.9053
68,52,234.305,18.3292
68,56,282.56,16.8718
68,62,193.869,0
68,67,127.028,0
68,69,95.7876,7.78172
68,82,189.729,12.0777
68,91,256.236,11.5947
68,93,165.009,10.1655
69,1,176.814,14.3401
69,3,195.276,16.4811
69,7,263.411,22.1633
69,8,334.833,22.7621
69,11,241.718,11.6089
69,12,97.5465,2.02419
69,13,146.726,12.2567
69,14,147.227,12.4775
69,15,321.188,24.0516
69,25,202.968,15.7264
69,26,180.644,10.4545
69,27,52.8525,4.09638
69,30,49.0306,0
69,31,284.063,0
69,35,123.277,10.5752
69,46,305.624,25.1796
69,48,194.149,15.6812
69,52,124.234,10.3147
69,56,199.189,14.8231
69,59,330.14,22.5901
69,64,404.039,11.429
69,67,255.013,21.6765
69,68,95.7876,7.78172
69,82,166.014,5.6422
69,91,235.813,16.0443
69,93,185.488,10.8974
70,9,142.215,0
70,10,152.473,0
70,16,193.357,7.94735
70,23,189.974,0
70,24,135.417,10.9631
70,28,36.3456,0
70,37,121.264,0
70,39,60.8276,0
70,40,32.28,0
70,51,189.66,9.72139
70,55,84.5281,0
70,57,73.8173,0
70,65,223.981,12.5029
70,96,71.3863,0
71,9,162.364,0
71,10,198.204,0
71,17,74.8866,0
71,18,149.773,0
71,29,197.274,0
71,34,160.527,0
71,55,171.54,0
71,60,160.605,0
71,85,151.648,0
71,87,174.642,0
71,90,102.416,0
71,98,32.45,0
72,5,136.292,6.21003
72,8,262.845,10.2738
72,19,195.436,14.2972
72,21,218.155,18.453
72,32,258.255,17.0541
72,36,225.646,6.55431
72,38,215.949,18.4917
72,41,113.97,6.0617
72,47,174.056,14.7166
72,50,232.538,19.4197
72,59,254.187,12.5909
72,61,253.129,16.4879
72,63,150.013,0
72,64,250.494,20.9251
72,66,163.528,6.36282
72,74,276.855,13.8637
72,75,65.7532,1.60776
72,76,258.143,22.1123
72,80,109.246,9.36057
72,86,123.04,6.50356
72,88,106.92,6.72925
72,89,113.614,9.46787
72,92,28.4253,0
72,94,138.37,5.57164
72,95,197.107,5.22084
72,97,257.245,21.7401
73,16,99,4.05
73,20,120.37,8.68055
73,22,142.023,5.85246
73,23,161.191,7.98442
73,24,182.219,8.40274
73,49,153.986,13.0968
73,51,154.88,8.34403
73,53,91.3483,4.49287
73,54,93.9149,5.59017
73,61,215.783,6.46592
73,65,132.08,9.12088
73,74,230.734,12.7355
73,78,106.898,5.98505
73,83,170.054,9.3079
74,8,103.562,8.83597
74,19,115.217,9.85569
74,21,288.7,23.8579
74,22,86.8422,5.6566
74,26,168.653,7.36868
74,31,285.787,21.5731
74,32,347.031,25.9453
74,41,332.97,19.9287
74,47,232.195,19.7468
74,49,146.779,0
74,50,219.645,17.4843
74,52,179.524,13.1519
74,53,213.516,0
74,54,153.181,8.25248
74,56,157.305,9.36342
74,59,136.041,11.6584
74,61,72.5603,5.75876
74,63,170.751,9.37449
74,64,226.022,17.1317
74,72,276.855,13.8637
74,73,230.734,12.7355
74,75,328.613,14.1857
74,76,300.772,25.8013
74,78,128.16,0
74,80,287.404,16.1867
74,89,348.787,22.9364
74,92,244.951,15.6724
74,97,156.608,6.44626
75,5,93.6483,0
75,8,329.931,10.4625
75,19,201.826,16.4831
75,21,241.034,20.2937
75,32,235.083,18.8003
75,38,164.477,12.3794
75,41,125.252,0
75,42,330.034,27.0117
75,47,143.979,12.3035
75,50,230.852,17.5715
75,59,312.2,16.301
75,61,264.186,20.3209
75,63,177.637,1.04463
75,64,293.873,24.9257
75,66,120.204,0
75,72,65.7532,1.60776
75,74,328.613,14.1857
75,76,222.234,18.8792
75,80,122.343,6.13762
75,86,78.1601,0
75,88,59.0339,0
75,89,41.8688,0
75,92,74.6002,1.41186
75,94,129.097,0
75,95,181.463,0
75,97,229.25,15.4631
76,0,215.343,8.11675
76,5,221.935,6.7321
76,19,176.762,14.9029
76,38,58.1128,4.70964
76,42,99.6657,5.59946
76,43,129.447,10.9155
76,47,105.09,6.84519
76,49,270.078,21.7659
76,50,85.276,0
76,58,157.074,13.1381
76,61,239.403,20.0483
76,63,205.747,17.5958
76,72,258.143,22.1123
76,74,300.772,25.8013
76,75,222.234,18.8792
76,86,209.529,7.01273
76,88,194.652,7.18258
76,89,154.438,7.10835
76,92,243.955,20.8806
76,97,167.685,10.5138
77,2,70.0928,0
77,4,41.2311,0
77,15,195,0
77,17,145.784,0
77,18,80.5047,0
77,29,58.0517,0
77,34,100.319,0
77,48,204.061,0
77,60,70.0357,0
77,62,172.192,0
77,81,94.0213,0
77,85,87.0976,0
77,87,109.293,0
77,90,121.926,0
77,99,146.103,0
78,8,252.267,19.381
78,16,198.43,7.31255
78,19,150.427,1.07402
78,20,164.794,0
78,22,59.4811,0
78,23,237.766,9.5474
78,42,246.775,13.8234
78,43,283.935,23.6934
78,49,35.5106,0
78,50,233.198,15.5931
78,52,251.623,15.1153
78,53,85.4751,0
78,54,82.0731,0
78,58,259.531,19.4648
78,61,113.534,0
78,63,202.259,5.39985
78,65,190.906,0
78,73,106.898,5.98505
78,74,128.16,0
78,83,152.365,4.68738
78,97,136.777,2.89812
79,6,151.954,0
79,33,141.481,0
79,36,190.129,0
79,44,56.6127,0
79,84,106.212,0
79,94,188.043,0
79,95,140.688,0
80,5,184.111,6.2734
80,6,238.824,19.6524
80,8,187.128,13.9602
80,19,278.327,19.2687
80,21,118.66,7.62675
80,26,264.89,22.6836
80,31,257.672,18.7963
80,32,154.208,0
80,33,185.931,9.29796
80,36,224.845,16.264
80,41,49.6429,3.39686
80,45,275.763,8.89818
80,47,265.243,22.6206
80,56,273.174,21.0206
80,59,132.739,10.1278
80,61,327.078,16.8902
80,63,235.389,7.87382
80,64,159.313,10.0786
80,66,210.773,6.68106
80,72,109.246,9.36057
80,74,287.404,16.1867
80,75,122.343,6.13762
80,84,217.144,8.60027
80,86,174.881,6.50352
80,88,163.463,6.40782
80,89,164.267,6.54576
80,91,307.778,22.1955
80,92,122.006,10.4662
80,94,120.597,6.27856
80,95,186.219,6.76637
81,2,35.5106,0
81,4,106.827,0
81,18,199.595,11.8807
81,29,151.162,0
81,34,194.093,0
81,60,179.967,8.08035
81,62,199.023,0
81,77,94.0213,0
81,85,195.3,7.32519
81,87,203.226,0
81,90,236.713,13.2853
81,99,66.2873,0
82,1,248.532,21.0704
82,3,108.44,8.22351
82,7,169.401,9.25304
82,12,261.415,7.72959
82,13,83.9026,7.12831
82,14,220.211,18.8881
82,15,161.843,13.8698
82,20,286.166,24.5491
82,25,39.5601,0
82,26,236.355,18.1497
82,27,146.405,11.9766
82,30,121.605,5.47717
82,35,188.691,15.2293
82,48,93.9133,3.42988
82,52,209.996,17.3088
82,56,264.255,21.1441
82,62,184.86,4.10225
82,67,174.599,9.87178
82,68,189.729,12.0777
82,69,166.014,5.6422
82,87,198.98,0
82,93,340.951,17.5032
83,16,249.954,16.782
83,22,211.41,4.82531
83,23,196.587,15.1225
83,43,248.909,17.6692
83,49,128.951,5.23727
83,53,80.111,4.47191
83,54,244.032,15.9805
83,58,215.102,11.6103
83,73,170.054,9.3079
83,78,152.365,4.68738
83,97,200.835,4.87127
84,6,46.0109,0
84,21,226.53,18.6284
84,32,167.468,9.96836
84,33,38.6005,0
84,36,86.3134,0
84,41,168.158,0
84,44,78,0
84,45,215.895,16.9483
84,46,314.484,26.8098
84,64,280.783,24.0759
84,79,106.212,0
84,80,217.144,8.60027
84,94,148.57,0
84,95,141.315,0
85,2,187.354,14.0516
85,4,102.772,0
85,15,140.688,0
85,17,77.1557,0
85,18,11.1803,0
85,25,200.122,0
85,29,46.5188,0
85,34,22.1359,0
85,48,205.73,0
85,60,17.4642,0
85,62,211.783,0
85,71,151.648,0
85,77,87.0976,0
85,81,195.3,7.32519
85,87,40.6079,0
85,90,49.5177,0
85,98,182.784,0
86,5,16.1555,0
86,19,236.028,13.147
86,38,152.053,0
86,41,164.83,0
86,47,151.38,0
86,50,233.354,15.9387
86,63,253.36,20.7208
86,66,42.0476,0
86,72,123.04,6.50356
86,75,78.1601,0
86,76,209.529,7.01273
86,80,174.881,6.50352
86,88,20.2485,0
86,89,63.0079,0
86,92,147.049,11.3616
86,94,120.603,0
86,95,145.527,0
87,2,189.4,5.3859
87,3,219.16,7.65097
87,4,110.023,0
87,13,210.612,3.21701
87,15,100.17,0
87,17,104.709,0
87,18,51.4198,0
87,25,160.611,0
87,29,52.9245,0
87,34,19,0
87,48,184.078,4.54699
87,60,52.3259,0
87,62,195.133,0
87,71,174.642,0
87,77,109.293,0
87,81,203.226,0
87,82,198.98,0
87,85,40.6079,0
87,90,79.4796,0
87,98,206.932,0
88,5,36.4005,0
88,19,215.787,12.8932
88,32,253.573,16.3043
88,38,137.993,0
88,41,156.847,0
88,47,134.375,0.678518
88,50,216.183,15.7294
88,63,231.942,17.7059
88,66,61.6604,0
88,72,106.92,6.72925
88,75,59.0339,0
88,76,194.652,7.18258
88,80,163.463,6.40782
88,86,20.2485,0
88,89,43.8634,0
88,92,131.694,11.0998
88,94,123.794,0
88,95,156.895,0
89,5,78.7718,0
89,8,398.252,12.7603
89,19,165.886,8.84199
89,38,100.449,0
89,41,165.109,0
89,42,256.547,21.0402
89,47,90.6073,0.656287
89,50,171.469,13.9099
89,59,365.898,23.0736
89,61,213.933,12.7341
89,63,182,12.7928
89,66,100.846,0
89,72,113.614,9.46787
89,74,348.787,22.9364
89,75,41.8688,0
89,76,154.438,7.10835
89,80,164.267,6.54576
89,86,63.0079,0
89,88,43.8634,0
89,92,124.463,8.88764
89,94,154.055,0
89,95,196.173,0
89,97,214.022,11.4104
90,2,194.553,9.78862
90,4,146.895,0
90,15,171.047,0
90,17,27.6586,0
90,18,47.5079,0
90,29,94.8683,0
90,34,62.1772,0
90,60,58.5918,0
90,71,102.416,0
90,77,121.926,0
90,81,236.713,13.2853
90,85,49.5177,0
90,87,79.4796,0
90,98,133.304,0
91,1,227.856,18.5664
91,6,284.792,24.37
91,8,282.11,11.1304
91,11,67.9287,5.82624
91,12,135.555,11.4464
91,14,225.3,17.0494
91,21,197.095,15.6259
91,26,159.641,9.10955
91,27,212.208,17.5966
91,30,274.639,17.8971
91,31,86.3328,2.25707
91,32,246.288,14.7406
91,33,310.759,26.503
91,35,242.716,19.7143
91,36,263.004,20.1324
91,41,317.973,20.1881
91,45,134.68,8.8986
91,46,118.957,9.99386
91,52,228.434,15.6707
91,56,173.576,9.22089
91,59,235.583,14.5507
91,64,146.532,11.9192
91,68,256.236,11.5947
91,69,235.813,16.0443
91,80,307.778,22.1955
91,93,89.5167,1.89674
92,5,161.042,11.5679
92,8,260.101,7.47832
92,19,168.593,13.0142
92,21,227.467,19.2536
92,22,363.397,20.4993
92,32,277.387,17.1327
92,38,185.14,14.111
92,41,135.089,9.66547
92,47,140.22,11.4291
92,50,208.656,17.7643
92,56,381.523,19.1122
92,59,240.273,14.2573
92,61,223.254,16.0706
92,63,121.918,0
92,64,293.683,17.5727
92,66,189.004,12.4591
92,72,28.4253,0
92,74,244.951,15.6724
92,75,74.6002,1.41186
92,76,243.955,20.8806
92,80,122.006,10.4662
92,86,147.049,11.3616
92,88,131.694,11.0998
92,89,124.463,8.88764
92,94,167.504,10.9912
92,95,225.313,11.0097
92,97,229.138,18.574
93,1,159.113,13.2594
93,3,338.065,22.9946
93,8,329.462,14.8755
93,11,51.0524,2.99191
93,12,82.3524,7.06416
93,13,355.585,11.2713
93,14,128.71,10.8412
93,21,298.56,17.2537
93,26,171.72,9.35041
93,27,168.89,10.2936
93,30,233.257,8.05935
93,31,157.137,0
93,32,333.677,17.8755
93,35,151.545,12.8229
93,36,370.609,18.5185
93,45,234.068,6.21149
93,46,113.01,7.53403
93,52,221.561,15.0815
93,56,198.947,10.1804
93,59,287.483,18.3937
93,64,256.848,10.544
93,67,250.018,14.6385
93,68,165.009,10.1655
93,69,185.488,10.8974
93,82,340.951,17.5032
93,91,89.5167,1.89674
94,5,120.017,0
94,6,158.398,0
94,21,192.619,16.253
94,32,149.08,9.93869
94,33,132.518,0
94,36,141.354,0
94,41,87.0517,0
94,44,131.928,0
94,45,293.697,25.0095
94,59,247.96,15.2202
94,63,285.145,24.4503
94,64,257.562,21.8906
94,66,136.459,0
94,72,138.37,5.57164
94,75,129.097,0
94,79,188.043,0
94,80,120.597,6.27856
94,84,148.57,0
94,86,120.603,0
94,88,123.794,0
94,89,154.055,0
94,92,167.504,10.9912
94,95,65.7951,0
95,5,137.525,0
95,6,169,0
95,21,248.05,18.4711
95,32,198.282,9.67974
95,33,142.899,0
95,36,170.95,0
95,41,150.03,0
95,44,91.0055,0
95,66,141.796,0
95,72,197.107,5.22084
95,75,181.463,0
95,79,140.688,0
95,80,186.219,6.76637
95,84,141.315,0
95,86,145.527,0
95,88,156.895,0
95,89,196.173,0
95,92,225.313,11.0097
95,94,65.7951,0
96,9,180.945,0
96,10,175.841,0
96,16,194.805,0
96,23,163.003,0
96,24,137.201,0
96,28,35.171,0
96,37,106.381,0
96,39,10.7703,0
96,40,63.3246,0
96,51,208.087,0
96,55,139.818,0
96,57,78.7718,0
96,70,71.3863,0
97,8,302.803,25.8181
97,19,92.3515,5.11949
97,22,138.922,1.19685
97,38,184.36,15.7959
97,42,143.137,11.4971
97,43,167.599,12.2273
97,47,145.429,12.4468
97,49,116.388,2.84584
97,50,108.099,7.71913
97,53,178.37,0
97,54,204.139,1.07985
97,58,181.162,11.9083
97,61,86.1626,0
97,63,121.856,0.520675
97,72,257.245,21.7401
97,74,156.608,6.44626
97,75,229.25,15.4631
97,76,167.685,10.5138
97,78,136.777,2.89812
97,83,200.835,4.87127
97,89,214.022,11.4104
97,92,229.138,18.574
98,9,150.841,0
98,10,183.565,0
98,17,105.646,0
98,18,180.236,0
98,34,192.52,0
98,55,172.351,0
98,60,190.801,0
98,71,32.45,0
98,85,182.784,0
98,87,206.932,0
98,90,133.304,0
99,2,76.0592,0
99,4,168.648,0
99,18,238.866,11.661
99,29,203.823,0
99,60,245,16.0976
99,77,146.103,0
99,81,66.2873,0
