0,7,66.2193,0
0,41,63.7024,0
0,44,41.8688,0
0,48,26.6833,0
0,83,49.6488,0
1,8,114.503,6.28039
1,11,201.445,2.90574
1,25,104.601,6.03647
1,26,219.71,3.49813
1,29,143.631,3.26981
1,35,149.816,10.8211
1,42,120.435,7.5264
1,51,121.118,5.85127
1,56,34.1321,0
1,59,118.093,8.82135
1,64,129.365,2.52775
1,65,233.76,10.8019
1,66,133.136,2.65307
1,67,93.7763,0
1,68,114.924,5.41786
1,70,147.388,6.64588
1,78,54.0093,0
2,16,77.4747,5.86718
2,17,39.8121,0
2,19,96.6245,3.70586
2,20,62.3939,0
2,25,135.281,8.00372
2,35,118.658,8.65392
2,36,121.149,0
2,38,22.8254,0
2,39,52.0096,0
2,47,88.6002,0
2,52,51.8652,0
2,54,57.2782,4.82004
2,60,50.6063,0
2,63,121.836,5.36359
2,64,119.708,0
2,68,111.573,2.59367
2,69,139.92,7.33631
2,79,129.812,1.11837
2,84,132.406,10.8368
2,89,72.1849,2.13622
2,93,88.1192,0
2,96,37.4833,0
2,99,123.016,0
3,6,124.016,0
3,9,174.788,14.9028
3,10,128.29,8.79673
3,11,127.92,5.39858
3,12,135.024,10.3383
3,13,147.344,12.0214
3,15,121.945,10.4053
3,21,140.166,3.14216
3,26,208.313,15.5022
3,29,179.097,9.97759
3,34,10.7703,0
3,37,39.8048,3.38814
3,51,146.591,12.2623
3,53,160.052,13.7234
3,55,151.854,12.6976
3,57,76.1052,0
3,58,151.055,11.8763
3,62,98.326,0
3,66,223.557,6.21276
3,72,181.002,14.5944
3,73,174.1,14.9306
3,75,142.773,11.8977
3,76,75.9432,4.63714
3,80,121.056,7.06869
3,82,111.171,8.38018
3,90,57.2713,0
3,92,173.582,11.4931
3,97,149.133,10.5679
4,5,47.3814,0
4,14,77.4661,0
4,22,68.4471,0
4,30,100,0
4,33,73.2803,5.77648
4,40,78.1025,0
4,63,158.539,13.5216
4,69,171.181,14.6754
4,77,99.7647,0
4,86,111.803,0
4,88,46.8722,0
4,91,90.802,0
5,4,47.3814,0
5,14,30.5287,0
5,16,199.137,13.9496
5,22,95.1315,0
5,30,53.3385,0
5,33,94.5569,0
5,35,157.572,13.2104
5,40,58.8982,0
5,63,105.3,8.37671
5,64,129.122,11.0702
5,65,148.349,9.21189
5,69,116.034,9.94264
5,74,132.02,6.89758
5,77,121.696,0
5,85,134.07,6.59929
5,86,64.5368,0
5,88,82.8613,0
5,91,44.7214,0
6,3,124.016,0
6,9,89.4427,1.08937
6,10,35.8391,1.82709
6,11,131.287,10.011
6,12,140.65,6.64611
6,15,83.2272,4.04577
6,21,244.738,3.60737
6,27,123.092,1.30822
6,34,120.266,0
6,37,88.3747,6.28993
6,49,104.864,1.60176
6,53,80.4511,1.99951
6,55,52.2581,1.26752
6,57,200.01,0
6,58,112.183,3.272
6,62,222.225,0
6,66,179.427,15.391
6,73,77.0686,1.28131
6,76,138.489,8.94539
6,80,43.0166,2.82053
6,82,73.797,4.76675
6,87,111.996,2.6278
6,90,68.7314,0
6,92,55.3708,4.28526
6,94,122.3,1.19804
6,95,150.935,12.4792
6,97,142.528,5.3626
6,98,117.712,2.54787
7,0,66.2193,0
7,9,109.385,0
7,27,106.733,0
7,32,99.7296,0
7,41,10.8167,0
7,44,24.4131,0
7,48,43.6005,0
7,49,94.8314,0
7,53,119.269,0
7,58,106.888,0
7,71,86.8332,0
7,73,129.124,0
7,81,123.102,0
7,83,25.4951,0
7,94,86.0523,0
7,97,128.891,0
8,1,114.503,6.28039
8,19,106.804,4.16137
8,25,91.0811,4.97992
8,28,90.2922,7.70234
8,36,139.21,10.888
8,42,6.32456,0
8,47,150.484,9.54153
8,56,80.2274,5.64689
8,67,90.0067,3.61002
8,68,100.643,6.70952
8,70,125.616,7.38184
8,78,107.33,7.20195
8,79,119.12,9.95386
8,89,136.604,4.50342
8,93,122.388,4.28195
9,3,174.788,14.9028
9,6,89.4427,1.08937
9,7,109.385,0
9,10,56.0803,0
9,12,107.28,0
9,15,56.3205,0
9,27,51.0392,0
9,32,86.977,0
9,34,180.489,15.4768
9,41,116.902,0
9,49,14.5602,0
9,53,15.2315,0
9,55,41.4367,0
9,58,52.4786,0
9,71,53.7122,0
9,73,24.1661,0
9,75,125.172,0
9,76,112.929,0
9,80,58,0
9,82,64.195,0
9,83,122.577,0
9,90,141.165,11.0712
9,92,79.0398,5.97126
9,94,36.0555,0
9,95,68.542,0
9,97,96.6023,0
10,3,128.29,8.79673
10,6,35.8391,1.82709
10,9,56.0803,0
10,11,172.37,14.1478
10,12,107.517,0
10,13,121.078,0
10,15,49.93,0
10,21,149.259,9.20331
10,27,94.3398,0
10,32,113.886,0
10,34,128.959,8.7667
10,37,115.604,9.84249
10,49,70.2353,0
10,53,44.5982,0
10,55,24.0416,0
10,57,200.518,10.5831
10,58,76.6877,0
10,62,218.52,10.9876
10,71,104.805,0
10,73,46.8722,0
10,75,120.104,0
10,76,80.4114,0
10,80,12.53,0
10,82,42.5206,0
10,87,161.478,13.8496
10,90,86.8897,6.96977
10,92,43.3257,3.29691
10,94,90.0278,0
10,95,104.624,4.57115
10,97,108.227,0
11,1,201.445,2.90574
11,3,127.92,5.39858
11,6,131.287,10.011
11,10,172.37,14.1478
11,26,247.363,5.03841
11,29,158.477,1.45733
11,34,118.369,4.97455
11,37,90.0888,0
11,51,131.939,0
11,57,149.181,8.088
11,59,149.933,0
11,62,172.887,8.3073
11,65,177.149,4.3116
11,66,98.0204,0
11,70,246,0
11,76,202.736,10.4672
11,80,177.139,14.0256
11,82,216.133,13.9169
11,90,113.339,5.83467
11,92,153.958,11.9967
11,98,146.702,11.6912
12,3,135.024,10.3383
12,6,140.65,6.64611
12,9,107.28,0
12,10,107.517,0
12,13,34,0
12,15,59.203,0
12,18,124.824,0
12,21,75.743,0
12,23,101.39,0
12,31,114.56,0
12,32,51.4004,0
12,34,145.092,11.6458
12,43,56.0357,0
12,46,48.2597,0
12,49,108.19,0
12,53,96.0052,0
12,55,120.208,0
12,57,166.394,14.2028
12,58,58.0775,0
12,62,161.581,13.8519
12,72,79.555,0
12,73,124.391,0
12,75,19.105,0
12,76,63.1981,0
12,80,95.6713,0
12,81,71.3442,0
12,82,65.2993,0
12,90,154.162,12.6904
12,97,22.0227,0
13,3,147.344,12.0214
13,10,121.078,0
13,12,34,0
13,15,79.555,0
13,18,129.294,0
13,21,45.1774,0
13,23,83.7377,0
13,31,93.2952,0
13,32,85.1469,0
13,34,158.069,12.5922
13,37,184.699,15.4352
13,43,77.2528,0
13,46,56.0803,0
13,53,120.669,0
13,57,140.291,11.6478
13,58,88.955,0
13,62,131.44,11.0675
13,72,47.1699,0
13,75,17.8045,0
13,76,53.2353,0
13,80,108.559,0
13,81,94.541,0
13,82,79.6241,0
13,90,151.684,12.607
13,97,55.7584,0
14,4,77.4661,0
14,5,30.5287,0
14,16,154.893,13.2875
14,22,115.248,0
14,30,22.8254,0
14,33,126.179,3.18849
14,35,127.922,10.7887
14,40,70.2638,0
14,52,156.35,12.4088
14,59,124.485,3.034
14,63,93.7557,7.89978
14,64,85.3771,6.65276
14,65,124.901,8.46707
14,69,81.348,6.95514
14,74,123.577,7.99095
14,85,127.176,7.26962
14,86,36.6742,0
14,88,112.364,2.1744
14,91,24.7386,0
14,98,179.005,15.3105
15,3,121.945,10.4053
15,6,83.2272,4.04577
15,9,56.3205,0
15,10,49.93,0
15,12,59.203,0
15,13,79.555,0
15,21,100.02,0
15,27,107.299,0
15,32,67.2681,0
15,34,132.131,10.9076
15,37,141.398,12.1293
15,43,104.235,0
15,46,106.075,0
15,49,63.2456,0
15,53,42,0
15,55,61.0328,0
15,57,157.146,13.4779
15,58,34.7851,0
15,62,167.011,14.2659
15,71,108.669,0
15,72,125.028,0
15,73,67.9117,0
15,75,74.2428,0
15,76,58.5918,0
15,80,39.3954,0
15,81,114.232,0
15,82,14.8661,0
15,90,116.745,9.84182
15,92,91.1349,4.31501
15,94,89.8443,0
15,95,120.839,0
15,97,58.3095,0
16,2,77.4747,5.86718
16,5,199.137,13.9496
16,14,154.893,13.2875
16,17,109.899,7.27658
16,19,139.663,10.8548
16,20,78.727,5.94082
16,22,158.743,13.4488
16,25,158.265,13.5702
16,30,152.415,12.9943
16,35,52.2693,0.983056
16,38,101.532,7.08171
16,39,122.527,6.83962
16,52,20.2759,0.90115
16,54,115.059,9.32187
16,60,91.1403,7.00384
16,63,70.5662,6.04853
16,64,97.3174,8.06507
16,68,131.389,9.52867
16,69,102.597,7.97161
16,77,144.222,11.5145
16,78,138.959,7.18376
16,84,130.008,10.7812
16,86,173.197,14.7829
16,89,142.309,11.9127
16,93,153.005,10.8643
16,96,100.756,8.42385
17,2,39.8121,0
17,16,109.899,7.27658
17,19,71.4025,4.39371
17,20,102.108,0
17,25,144.007,12.3471
17,28,102.45,0
17,35,110.39,0
17,36,81.939,0
17,38,39.598,0
17,39,14.7648,0
17,47,49.0408,0
17,52,101.222,8.369
17,54,95.6926,7.78383
17,60,38.6264,0
17,68,140.141,10.8986
17,79,90.2109,0
17,89,32.0156,0
17,93,51.0882,0
17,96,21.6333,0
17,99,99.8414,4.1675
18,12,124.824,0
18,13,129.294,0
18,23,80.0562,0
18,24,22.2036,0
18,31,93.1933,0
18,32,127.44,0
18,43,78.5175,0
18,45,45.8803,0
18,46,76.9675,0
18,50,82.3468,0
18,75,118.929,0
18,81,76.6616,0
18,97,122.442,0
19,2,96.6245,3.70586
19,8,106.804,4.16137
19,16,139.663,10.8548
19,17,71.4025,4.39371
19,25,48.3322,0
19,28,48.7647,0
19,35,148.432,12.3693
19,36,59.0931,0
19,38,111.963,5.94784
19,39,64.4981,0
19,42,102.514,3.23909
19,47,47.1699,0
19,52,119.491,9.68756
19,54,155.988,11.2089
19,56,114.529,0
19,60,40.8167,0
19,64,160.368,12.3353
19,68,38.5001,1.06158
19,78,108.454,7.82123
19,79,52.1536,0
19,89,32.0156,0
19,93,30,0
19,96,60.2578,3.76192
19,99,117.72,0
20,2,62.3939,0
20,16,78.727,5.94082
20,17,102.108,0
20,22,96.6282,0
20,33,121.062,0
20,35,134.683,11.3747
20,38,81.2586,3.21417
20,39,114.28,0
20,52,82.6734,7.05719
20,54,59.8832,4.87736
20,60,115.915,6.40866
20,63,126.959,10.8912
20,64,153.006,13.096
20,69,161.441,13.5323
20,77,87.5758,3.65552
20,84,62.426,5.20216
20,88,121.154,1.00903
20,89,139.026,5.26612
20,96,94.921,0
21,3,140.166,3.14216
21,6,244.738,3.60737
21,10,149.259,9.20331
21,12,75.743,0
21,13,45.1774,0
21,15,100.02,0
21,23,103.368,0
21,26,230.69,10.4086
21,31,105.948,0
21,32,126.621,0
21,34,148.574,3.7544
21,37,177.165,8.75611
21,43,122.25,0
21,46,98.9545,0
21,57,101.849,3.52962
21,58,121.202,0
21,62,86.3109,3.33115
21,72,44.4072,0
21,75,62.7694,0
21,76,67.7713,5.77222
21,80,134.304,7.99426
21,82,93.1933,0
21,90,190.754,3.39662
21,97,97.591,0
22,4,68.4471,0
22,5,95.1315,0
22,14,115.248,0
22,16,158.743,13.4488
22,20,96.6282,0
22,33,24.5153,0
22,63,146.581,11.3848
22,77,31.6228,0
22,84,87.2736,6.22325
22,88,25.6125,0
23,12,101.39,0
23,13,83.7377,0
23,18,80.0562,0
23,21,103.368,0
23,24,86.6833,0
23,31,17.088,0
23,43,93.7443,0
23,45,56.5685,0
23,46,67.0298,0
23,50,55.1725,0
23,72,60.4401,0
23,75,85,0
23,81,106.254,0
23,97,113.565,0
24,18,22.2036,0
24,23,86.6833,0
24,31,96.7988,0
24,43,100.568,0
24,45,38.2884,0
24,46,96.8969,0
24,50,73.8783,0
24,81,98.7927,0
25,1,104.601,6.03647
25,2,135.281,8.00372
25,8,91.0811,4.97992
25,16,158.265,13.5702
25,17,144.007,12.3471
25,19,48.3322,0
25,28,66.4078,0
25,35,116.847,9.81664
25,36,100.499,0
25,39,148.911,12.6701
25,42,87.9048,4.03704
25,47,95.2943,0
25,52,142.533,11.9329
25,56,70.5762,0
25,60,67.7346,0.505246
25,63,150.11,12.0102
25,64,136.24,11.4558
25,68,12.3693,0
25,69,151.399,12.8931
25,78,57.593,4.92617
25,79,86.5332,0
25,89,102.047,8.26656
25,93,77.8974,0
25,96,84.0119,0
26,1,219.71,3.49813
26,3,208.313,15.5022
26,11,247.363,5.03841
26,21,230.69,10.4086
26,29,104.403,0
26,34,207.242,15.4644
26,51,137.899,0
26,56,163.561,14.0312
26,57,174.548,7.6696
26,62,171.232,5.95442
26,67,104.543,5.27052
26,70,70.342,0
27,6,123.092,1.30822
27,7,106.733,0
27,9,51.0392,0
27,10,94.3398,0
27,15,107.299,0
27,32,127.475,0
27,41,116.914,0
27,44,124.403,0
27,48,130.465,0
27,49,48.5077,0
27,53,65.4905,0
27,55,71.4003,0
27,58,99.2018,0
27,71,20.0998,0
27,73,47.5079,0
27,80,101.079,0
27,82,114.14,0
27,83,109.005,0
27,87,161.182,12.6532
27,92,107.699,8.90104
27,94,27.6586,0
27,95,31.3847,0
28,8,90.2922,7.70234
28,17,102.45,0
28,19,48.7647,0
28,25,66.4078,0
28,36,48.2701,0
28,39,100.846,0
28,42,84.4332,7.24054
28,47,65.521,0
28,56,105.816,0
28,60,89.5545,0
28,68,60.6712,0
28,78,112.357,5.26496
28,79,28.4605,0
28,89,70.4344,0
28,93,53.2353,0
28,96,109.697,5.11974
28,99,126.775,0
29,1,143.631,3.26981
29,3,179.097,9.97759
29,11,158.477,1.45733
29,26,104.403,0
29,34,154.205,12.5152
29,37,166.19,9.44584
29,51,33.5261,0
29,56,141.849,11.3315
29,57,134.394,9.63927
29,59,223.007,0
29,62,134.373,10.4706
29,66,175.328,0
29,67,132.884,8.08623
29,70,86.1626,0
29,78,198.416,15.9501
29,90,159.743,13.4115
30,4,100,0
30,5,53.3385,0
30,14,22.8254,0
30,16,152.415,12.9943
30,35,85.7007,2.62057
30,40,85.9069,0
30,52,153.695,12.9457
30,59,103.359,2.81916
30,63,83.4086,6.95072
30,64,51.4296,0
30,65,113.027,8.34267
30,66,162.073,12.9741
30,69,57.9298,4.66439
30,74,127.251,9.68932
30,78,151.359,9.8023
30,85,130.02,8.32137
30,86,22.3607,0
30,88,136.007,3.9344
30,91,29.0689,0
30,98,167.593,14.362
31,12,114.56,0
31,13,93.2952,0
31,18,93.1933,0
31,21,105.948,0
31,23,17.088,0
31,24,96.7988,0
31,43,110.635,0
31,45,62.514,0
31,46,83.3847,0
31,50,50.1199,0
31,72,61.5873,0
31,75,97.1442,0
31,81,123.329,0
31,97,128.269,0
32,7,99.7296,0
32,9,86.977,0
32,10,113.886,0
32,12,51.4004,0
32,13,85.1469,0
32,15,67.2681,0
32,18,127.44,0
32,21,126.621,0
32,27,127.475,0
32,41,99.0202,0
32,43,49.7393,0
32,44,121.795,0
32,46,68.593,0
32,49,81.0247,0
32,53,82.4197,0
32,55,116.362,0
32,58,38.0132,0
32,71,117.652,0
32,72,128.55,0
32,73,109.877,0
32,75,68.4763,0
32,76,104.652,0
32,80,105.323,0
32,81,52.4976,0
32,82,81.0062,0
32,83,124.483,0
32,94,100.722,0
32,97,29.4109,0
33,4,73.2803,5.77648
33,5,94.5569,0
33,14,126.179,3.18849
33,20,121.062,0
33,22,24.5153,0
33,77,52.2015,0
33,84,114.699,7.84837
33,88,11.7047,0
34,3,10.7703,0
34,6,120.266,0
34,9,180.489,15.4768
34,10,128.959,8.7667
34,11,118.369,4.97455
34,12,145.092,11.6458
34,13,158.069,12.5922
34,15,132.131,10.9076
34,21,148.574,3.7544
34,26,207.242,15.4644
34,29,154.205,12.5152
34,37,28.8875,2.37182
34,51,138.753,11.7925
34,53,164.996,14.093
34,55,153.001,12.7031
34,57,80.2247,0
34,58,162.935,13.6376
34,62,103.576,0
34,66,213.192,6.16723
34,72,191.859,15.0614
34,73,174.648,14.9755
34,75,150.179,12.5428
34,76,86.4219,4.8554
34,80,122.024,7.31036
34,82,118.461,8.48447
34,90,47.0348,2.02072
34,92,172.982,11.1224
34,97,157.833,11.7485
35,1,149.816,10.8211
35,2,118.658,8.65392
35,5,157.572,13.2104
35,14,127.922,10.7887
35,16,52.2693,0.983056
35,17,110.39,0
35,19,148.432,12.3693
35,20,134.683,11.3747
35,25,116.847,9.81664
35,30,85.7007,2.62057
35,38,143.748,9.88095
35,39,124.451,0
35,52,46.5296,0
35,54,133.778,5.82974
35,56,123.794,0
35,59,123.26,1.95215
35,60,106.869,9.16718
35,63,37.6563,0
35,64,28.6531,0
35,68,111.568,9.56767
35,69,42.4183,2.61995
35,78,77.0779,0
35,86,95.4254,0
35,89,170.639,13.6609
35,91,114.754,2.66761
35,93,179.03,15.2903
35,96,89.0955,0
36,2,121.149,0
36,8,139.21,10.888
36,17,81.939,0
36,19,59.0931,0
36,25,100.499,0
36,28,48.2701,0
36,38,119.708,0
36,39,73.7835,0
36,42,133.148,10.0725
36,47,33.121,0
36,60,95.054,2.79934
36,68,90.4268,0
36,79,20.0998,0
36,89,55.5788,0
36,93,36,0
36,96,99.4459,4.87549
36,99,79.0569,0
37,3,39.8048,3.38814
37,6,88.3747,6.28993
37,10,115.604,9.84249
37,11,90.0888,0
37,13,184.699,15.4352
37,15,141.398,12.1293
37,21,177.165,8.75611
37,29,166.19,9.44584
37,34,28.8875,2.37182
37,51,164.134,4.35564
37,53,157.18,12.7692
37,55,138.78,11.7867
37,57,92.5713,6.17142
37,59,239.641,0
37,62,117.406,6.76932
37,65,221.052,13.4328
37,66,188.011,0
37,73,163.126,13.1133
37,76,110.49,8.73739
37,80,112.155,9.48282
37,82,126.491,10.658
37,90,28.6376,2.02488
37,92,143.284,12.1574
37,98,160.449,13.2918
38,2,22.8254,0
38,16,101.532,7.08171
38,17,39.598,0
38,19,111.963,5.94784
38,20,81.2586,3.21417
38,35,143.748,9.88095
38,36,119.708,0
38,39,46.0652,0
38,47,86.6083,0
38,52,74.6257,0
38,54,60.9599,3.70953
38,60,65.5134,0
38,68,121.297,0
38,79,129.468,0
38,84,171.901,12.9276
38,89,71.5052,0
38,93,90.6091,0
38,96,48.7032,0
38,99,107.517,0
39,2,52.0096,0
39,16,122.527,6.83962
39,17,14.7648,0
39,19,64.4981,0
39,20,114.28,0
39,25,148.911,12.6701
39,28,100.846,0
39,35,124.451,0
39,36,73.7835,0
39,38,46.0652,0
39,47,40.8044,0
39,52,116.023,9.02541
39,54,105.46,8.45131
39,60,50.774,0
39,68,133.583,11.4196
39,79,84.8528,0
39,89,32.7567,0
39,93,47.7074,0
39,96,35.3553,0
39,99,83.9657,3.6421
40,4,78.1025,0
40,5,58.8982,0
40,14,70.2638,0
40,30,85.9069,0
40,61,135.112,11.5249
40,65,147.274,12.3436
40,69,147.516,8.13054
40,74,95.3021,6.30083
40,85,92.2645,6.24767
40,86,80.0999,0
40,88,124.68,0
40,91,58.2151,0
40,98,170.194,14.5611
41,0,63.7024,0
41,7,10.8167,0
41,9,116.902,0
41,27,116.914,0
41,32,99.0202,0
41,43,129.294,0
41,44,22.8254,0
41,48,44.3847,0
41,49,102.421,0
41,53,125.96,0
41,58,110,0
41,71,97.1236,0
41,81,117.835,0
41,83,31.257,0
41,94,95.4254,0
41,97,128.413,0
42,1,120.435,7.5264
42,8,6.32456,0
42,19,102.514,3.23909
42,25,87.9048,4.03704
42,28,84.4332,7.24054
42,36,133.148,10.0725
42,47,146.76,9.1892
42,56,86.1333,6.64889
42,67,96.0266,4.78956
42,68,97.8557,6.15875
42,70,131.897,8.44438
42,78,108.107,7.20711
42,79,113.069,9.26726
42,89,131.035,3.10345
42,93,125.026,6.32996
43,12,56.0357,0
43,13,77.2528,0
43,15,104.235,0
43,18,78.5175,0
43,21,122.25,0
43,23,93.7443,0
43,24,100.568,0
43,31,110.635,0
43,32,49.7393,0
43,41,129.294,0
43,45,106.977,0
43,46,29.6816,0
43,49,130.633,0
43,53,129.402,0
43,58,84.1487,0
43,72,106.775,0
43,75,60.4401,0
43,76,119.038,0
43,81,17.4929,0
43,82,114.769,0
43,97,46.0977,0
44,0,41.8688,0
44,7,24.4131,0
44,27,124.403,0
44,32,121.795,0
44,41,22.8254,0
44,48,21.8403,0
44,49,117.953,0
44,71,104.307,0
44,83,18.6011,0
44,94,106.569,0
45,18,45.8803,0
45,23,56.5685,0
45,24,38.2884,0
45,31,62.514,0
45,43,106.977,0
45,46,92.4175,0
45,50,36.7151,0
45,72,116.709,0
45,75,126.905,0
45,81,111.4,0
46,12,48.2597,0
46,13,56.0803,0
46,15,106.075,0
46,18,76.9675,0
46,21,98.9545,0
46,23,67.0298,0
46,24,96.8969,0
46,31,83.3847,0
46,32,68.593,0
46,43,29.6816,0
46,45,92.4175,0
46,50,112.894,0
46,58,95.2575,0
46,72,78.1025,0
46,75,42.7551,0
46,76,105.323,0
46,81,46.0109,0
46,82,113.406,0
46,97,51.1077,0
47,2,88.6002,0
47,8,150.484,9.54153
47,17,49.0408,0
47,19,47.1699,0
47,25,95.2943,0
47,28,65.521,0
47,36,33.121,0
47,38,86.6083,0
47,39,40.8044,0
47,42,146.76,9.1892
47,52,148.821,11.8689
47,54,145.31,9.52778
47,60,75.5238,5.03492
47,68,83.3547,0
47,79,45,0
47,89,27.2029,0
47,93,17.4642,0
47,96,64.0095,2.69005
47,99,70.6612,0
48,0,26.6833,0
48,7,43.6005,0
48,27,130.465,0
48,41,44.3847,0
48,44,21.8403,0
48,71,110.766,0
48,83,23.2594,0
48,94,116.482,0
49,6,104.864,1.60176
49,7,94.8314,0
49,9,14.5602,0
49,10,70.2353,0
49,12,108.19,0
49,15,63.2456,0
49,27,48.5077,0
49,32,81.0247,0
49,41,102.421,0
49,43,130.633,0
49,44,117.953,0
49,53,26.9072,0
49,55,55.9017,0
49,58,50.6952,0
49,71,45.7056,0
49,73,36.4966,0
49,75,126.775,0
49,76,121.462,0
49,80,71.218,0
49,82,73.3553,0
49,83,108.227,0
49,90,154.489,11.5304
49,92,96.0324,7.15826
49,94,26.6833,0
49,95,71.8471,0
49,97,94.8683,0
50,18,82.3468,0
50,23,55.1725,0
50,24,73.8783,0
50,31,50.1199,0
50,45,36.7151,0
50,46,112.894,0
50,72,111.647,0
51,1,121.118,5.85127
51,3,146.591,12.2623
51,11,131.939,0
51,26,137.899,0
51,29,33.5261,0
51,34,138.753,11.7925
51,37,164.134,4.35564
51,56,139.99,11.0787
51,57,136.18,9.79575
51,59,191.207,0
51,62,138,11.0112
51,66,142.239,0
51,67,147.193,10.5074
51,70,114.14,0
51,78,175.094,14.9958
51,90,185.725,11.9315
52,2,51.8652,0
52,14,156.35,12.4088
52,16,20.2759,0.90115
52,17,101.222,8.369
52,19,119.491,9.68756
52,20,82.6734,7.05719
52,25,142.533,11.9329
52,30,153.695,12.9457
52,35,46.5296,0
52,38,74.6257,0
52,39,116.023,9.02541
52,47,148.821,11.8689
52,54,87.2855,5.37569
52,60,69.0118,5.4176
52,63,70.8228,4.78327
52,64,68,0
52,68,116.25,9.29688
52,69,86.9483,6.1759
52,77,165.714,13.1962
52,78,125.343,6.27272
52,84,142.992,12.2502
52,89,119.766,10.1044
52,93,130.023,9.02961
52,96,81.5149,6.97952
53,3,160.052,13.7234
53,6,80.4511,1.99951
53,7,119.269,0
53,9,15.2315,0
53,10,44.5982,0
53,12,96.0052,0
53,13,120.669,0
53,15,42,0
53,27,65.4905,0
53,32,82.4197,0
53,34,164.996,14.093
53,37,157.18,12.7692
53,41,125.96,0
53,43,129.402,0
53,49,26.9072,0
53,55,35.9026,0
53,58,45.2769,0
53,71,68.942,0
53,73,28.8444,0
53,75,113.225,0
53,76,97.8008,0
53,80,44.4072,0
53,82,49.0408,0
53,90,128.5,10.6347
53,92,71.6668,4.91992
53,94,51.1077,0
53,95,79.8123,0
53,97,87.6584,0
54,2,57.2782,4.82004
54,16,115.059,9.32187
54,17,95.6926,7.78383
54,19,155.988,11.2089
54,20,59.8832,4.87736
54,35,133.778,5.82974
54,38,60.9599,3.70953
54,39,105.46,8.45131
54,47,145.31,9.52778
54,52,87.2855,5.37569
54,60,106.854,7.12359
54,63,185.898,15.4448
54,77,176.52,14.6671
54,84,113,9.0411
54,89,126.853,8.91063
54,93,146.142,9.08294
54,96,95.7754,7.35118
55,3,151.854,12.6976
55,6,52.2581,1.26752
55,9,41.4367,0
55,10,24.0416,0
55,12,120.208,0
55,15,61.0328,0
55,27,71.4003,0
55,32,116.362,0
55,34,153.001,12.7031
55,37,138.78,11.7867
55,49,55.9017,0
55,53,35.9026,0
55,58,78.3901,0
55,71,83.6301,0
55,73,24.8395,0
55,76,102.313,0
55,80,34.0147,0
55,82,58.8727,0
55,87,159.441,12.9779
55,90,110.942,9.51236
55,92,35.1141,2.92617
55,94,70.8308,0
55,95,77.5486,3.20901
55,97,116.726,0
56,1,34.1321,0
56,8,80.2274,5.64689
56,19,114.529,0
56,25,70.5762,0
56,26,163.561,14.0312
56,28,105.816,0
56,29,141.849,11.3315
56,35,123.794,0
56,42,86.1333,6.64889
56,51,139.99,11.0787
56,59,128.587,8.94661
56,66,165.272,12.4758
56,67,78.5684,0
56,68,82.2192,0
56,70,91.5478,4.66714
56,78,46.8615,0
57,3,76.1052,0
57,6,200.01,0
57,10,200.518,10.5831
57,11,149.181,8.088
57,12,166.394,14.2028
57,13,140.291,11.6478
57,15,157.146,13.4779
57,21,101.849,3.52962
57,26,174.548,7.6696
57,29,134.394,9.63927
57,34,80.2247,0
57,37,92.5713,6.17142
57,51,136.18,9.79575
57,62,25.0599,0
57,66,235.614,7.94985
57,70,195.255,12.3129
57,72,144.232,12.2101
57,75,157.957,13.4469
57,76,107.324,1.69086
57,80,191.093,8.19539
57,82,146.701,12.2251
57,90,132.242,0
58,3,151.055,11.8763
58,6,112.183,3.272
58,7,106.888,0
58,9,52.4786,0
58,10,76.6877,0
58,12,58.0775,0
58,13,88.955,0
58,15,34.7851,0
58,21,121.202,0
58,27,99.2018,0
58,32,38.0132,0
58,34,162.935,13.6376
58,41,110,0
58,43,84.1487,0
58,46,95.2575,0
58,49,50.6952,0
58,53,45.2769,0
58,55,78.3901,0
58,71,94.1329,0
58,73,73.6614,0
58,75,77.0065,0
58,76,87,0
58,80,69.1809,0
58,81,89.8721,0
58,82,49.6488,0
58,83,128.316,0
58,90,151.688,12.6688
58,92,111.687,4.569
58,94,75.326,0
58,95,120.748,0
58,97,44.3847,0
59,1,118.093,8.82135
59,11,149.933,0
59,14,124.485,3.034
59,29,223.007,0
59,30,103.359,2.81916
59,35,123.26,1.95215
59,37,239.641,0
59,51,191.207,0
59,56,128.587,8.94661
59,63,157.984,11.8043
59,64,124.366,8.10078
59,65,113.772,0
59,66,56.356,0
59,69,121.533,6.15311
59,74,204.626,0
59,78,101.685,2.52725
59,85,230.868,0
59,86,91.1482,3.77903
59,91,112.87,3.64202
59,98,167.26,0
60,2,50.6063,0
60,16,91.1403,7.00384
60,17,38.6264,0
60,19,40.8167,0
60,20,115.915,6.40866
60,25,67.7346,0.505246
60,28,89.5545,0
60,35,106.869,9.16718
60,36,95.054,2.79934
60,38,65.5134,0
60,39,50.774,0
60,47,75.5238,5.03492
60,52,69.0118,5.4176
60,54,106.854,7.12359
60,63,109.4,2.05754
60,64,132.185,10.2164
60,68,55.9732,0
60,69,136.444,9.85738
60,78,138.253,11.8399
60,79,88.6454,0
60,89,48.3475,4.08048
60,93,60.096,3.0426
60,96,18.1108,0
60,99,135.296,5.43833
61,40,135.112,11.5249
61,65,179.12,0
61,74,96.5194,0
61,85,73.5935,0
61,86,181.049,15.5011
61,87,112.79,4.58091
61,91,166.908,14.2783
61,98,110.049,7.70492
62,3,98.326,0
62,6,222.225,0
62,10,218.52,10.9876
62,11,172.887,8.3073
62,12,161.581,13.8519
62,13,131.44,11.0675
62,15,167.011,14.2659
62,21,86.3109,3.33115
62,26,171.232,5.95442
62,29,134.373,10.4706
62,34,103.576,0
62,37,117.406,6.76932
62,51,138,11.0112
62,57,25.0599,0
62,70,199.426,11.0257
62,72,120.155,10.1848
62,75,147.356,12.6375
62,76,111.857,1.92347
62,80,206.751,8.82637
62,82,154.797,12.9466
62,90,155.293,0
63,2,121.836,5.36359
63,4,158.539,13.5216
63,5,105.3,8.37671
63,14,93.7557,7.89978
63,16,70.5662,6.04853
63,20,126.959,10.8912
63,22,146.581,11.3848
63,25,150.11,12.0102
63,30,83.4086,6.95072
63,35,37.6563,0
63,52,70.8228,4.78327
63,54,185.898,15.4448
63,59,157.984,11.8043
63,60,109.4,2.05754
63,64,36.856,3.01649
63,68,152.257,12.3216
63,69,36.446,0.905821
63,77,158.21,12.4388
63,78,112.785,1.17376
63,84,124.501,4.22651
63,86,102.698,8.64555
63,88,176.521,15.075
63,91,113.104,9.6092
63,96,130.658,6.89967
64,1,129.365,2.52775
64,2,119.708,0
64,5,129.122,11.0702
64,14,85.3771,6.65276
64,16,97.3174,8.06507
64,19,160.368,12.3353
64,20,153.006,13.096
64,25,136.24,11.4558
64,30,51.4296,0
64,35,28.6531,0
64,52,68,0
64,59,124.366,8.10078
64,60,132.185,10.2164
64,63,36.856,3.01649
64,65,145.394,8.94672
64,66,173.251,14.3492
64,68,130.216,9.76621
64,69,14.3415,1.13822
64,78,108.449,7.48384
64,86,67.2681,0
64,91,80.4984,0
64,96,116.932,0
65,1,233.76,10.8019
65,5,148.349,9.21189
65,11,177.149,4.3116
65,14,124.901,8.46707
65,30,113.027,8.34267
65,37,221.052,13.4328
65,40,147.274,12.3436
65,59,113.772,0
65,61,179.12,0
65,64,145.394,8.94672
65,66,141.223,0
65,69,149.811,10.641
65,74,92.0869,0
65,85,118,0
65,86,91.0382,7.4959
65,87,168.511,14.2328
65,91,103.58,8.02809
65,98,66.0303,0
66,1,133.136,2.65307
66,3,223.557,6.21276
66,6,179.427,15.391
66,11,98.0204,0
66,29,175.328,0
66,30,162.073,12.9741
66,34,213.192,6.16723
66,37,188.011,0
66,51,142.239,0
66,56,165.272,12.4758
66,57,235.614,7.94985
66,59,56.356,0
66,64,173.251,14.3492
66,65,141.223,0
66,70,242.033,0
66,74,232.499,0
66,78,139.174,11.2833
66,85,257.752,0
66,86,150.577,12.8052
66,90,206.595,7.94978
66,98,177.629,0
67,1,93.7763,0
67,8,90.0067,3.61002
67,26,104.543,5.27052
67,29,132.884,8.08623
67,42,96.0266,4.78956
67,51,147.193,10.5074
67,56,78.5684,0
67,70,54.6852,4.42841
67,78,125.16,0
68,1,114.924,5.41786
68,2,111.573,2.59367
68,8,100.643,6.70952
68,16,131.389,9.52867
68,17,140.141,10.8986
68,19,38.5001,1.06158
68,25,12.3693,0
68,28,60.6712,0
68,35,111.568,9.56767
68,36,90.4268,0
68,38,121.297,0
68,39,133.583,11.4196
68,42,97.8557,6.15875
68,47,83.3547,0
68,52,116.25,9.29688
68,56,82.2192,0
68,60,55.9732,0
68,63,152.257,12.3216
68,64,130.216,9.76621
68,69,144.09,11.2548
68,78,71.0592,6.0442
68,79,77.8267,0
68,89,89.6775,7.59392
68,93,66.0379,0
68,96,79.956,3.23405
69,2,139.92,7.33631
69,4,171.181,14.6754
69,5,116.034,9.94264
69,14,81.348,6.95514
69,16,102.597,7.97161
69,20,161.441,13.5323
69,25,151.399,12.8931
69,30,57.9298,4.66439
69,35,42.4183,2.61995
69,40,147.516,8.13054
69,52,86.9483,6.1759
69,59,121.533,6.15311
69,60,136.444,9.85738
69,63,36.446,0.905821
69,64,14.3415,1.13822
69,65,149.811,10.641
69,68,144.09,11.2548
69,78,123.845,9.43
69,86,74.313,4.82809
69,91,87.587,5.6723
69,96,131.462,4.10492
70,1,147.388,6.64588
70,8,125.616,7.38184
70,11,246,0
70,26,70.342,0
70,29,86.1626,0
70,42,131.897,8.44438
70,51,114.14,0
70,56,91.5478,4.66714
70,57,195.255,12.3129
70,62,199.426,11.0257
70,66,242.033,0
70,67,54.6852,4.42841
70,78,137.546,5.17167
71,7,86.8332,0
71,9,53.7122,0
71,10,104.805,0
71,15,108.669,0
71,27,20.0998,0
71,32,117.652,0
71,41,97.1236,0
71,44,104.307,0
71,48,110.766,0
71,49,45.7056,0
71,53,68.942,0
71,55,83.6301,0
71,58,94.1329,0
71,73,58.7963,0
71,80,109.622,0
71,82,117.745,0
71,83,89.0505,0
71,92,124.553,9.84059
71,94,19.105,0
71,95,50.9608,0
72,3,181.002,14.5944
72,12,79.555,0
72,13,47.1699,0
72,15,125.028,0
72,21,44.4072,0
72,23,60.4401,0
72,31,61.5873,0
72,32,128.55,0
72,34,191.859,15.0614
72,43,106.775,0
72,45,116.709,0
72,46,78.1025,0
72,50,111.647,0
72,57,144.232,12.2101
72,62,120.155,10.1848
72,75,60.7289,0
72,76,87.3573,1.67435
72,81,123.843,0
72,82,122.723,0
72,97,99.96,0
73,3,174.1,14.9306
73,6,77.0686,1.28131
73,7,129.124,0
73,9,24.1661,0
73,10,46.8722,0
73,12,124.391,0
73,15,67.9117,0
73,27,47.5079,0
73,32,109.877,0
73,34,174.648,14.9755
73,37,163.126,13.1133
73,49,36.4966,0
73,53,28.8444,0
73,55,24.8395,0
73,58,73.6614,0
73,71,58.7963,0
73,76,118.512,0
73,80,53.8516,0
73,82,71.0282,0
73,87,159.653,13.693
73,90,134.03,10.8403
73,92,67.2447,4.97004
73,94,46.5188,0
73,95,53.2353,0
73,97,116.499,0
74,5,132.02,6.89758
74,14,123.577,7.99095
74,30,127.251,9.68932
74,40,95.3021,6.30083
74,59,204.626,0
74,61,96.5194,0
74,65,92.0869,0
74,66,232.499,0
74,85,26.3059,0
74,86,108.869,9.21376
74,87,155.829,10.0504
74,91,98.9002,7.41752
74,98,79.2465,0
75,3,142.773,11.8977
75,9,125.172,0
75,10,120.104,0
75,12,19.105,0
75,13,17.8045,0
75,15,74.2428,0
75,18,118.929,0
75,21,62.7694,0
75,23,85,0
75,31,97.1442,0
75,32,68.4763,0
75,34,150.179,12.5428
75,43,60.4401,0
75,45,126.905,0
75,46,42.7551,0
75,49,126.775,0
75,53,113.225,0
75,57,157.957,13.4469
75,58,77.0065,0
75,62,147.356,12.6375
75,72,60.7289,0
75,76,62.5859,0
75,80,107.815,0
75,81,77.4919,0
75,82,77.6209,0
75,90,157.407,12.6741
75,97,39.3954,0
76,3,75.9432,4.63714
76,6,138.489,8.94539
76,9,112.929,0
76,10,80.4114,0
76,11,202.736,10.4672
76,12,63.1981,0
76,13,53.2353,0
76,15,58.5918,0
76,21,67.7713,5.77222
76,32,104.652,0
76,34,86.4219,4.8554
76,37,110.49,8.73739
76,43,119.038,0
76,46,105.323,0
76,49,121.462,0
76,53,97.8008,0
76,55,102.313,0
76,57,107.324,1.69086
76,58,87,0
76,62,111.857,1.92347
76,72,87.3573,1.67435
76,73,118.512,0
76,75,62.5859,0
76,80,68.593,0
76,82,48.7647,0
76,90,100.094,7.03098
76,92,128.529,6.33221
76,97,80.0812,0
77,4,99.7647,0
77,5,121.696,0
77,16,144.222,11.5145
77,20,87.5758,3.65552
77,22,31.6228,0
77,33,52.2015,0
77,52,165.714,13.1962
77,54,176.52,14.6671
77,63,158.21,12.4388
77,84,62.263,5.3239
77,88,56.6392,0
78,1,54.0093,0
78,8,107.33,7.20195
78,16,138.959,7.18376
78,19,108.454,7.82123
78,25,57.593,4.92617
78,28,112.357,5.26496
78,29,198.416,15.9501
78,30,151.359,9.8023
78,35,77.0779,0
78,42,108.107,7.20711
78,51,175.094,14.9958
78,52,125.343,6.27272
78,56,46.8615,0
78,59,101.685,2.52725
78,60,138.253,11.8399
78,63,112.785,1.17376
78,64,108.449,7.48384
78,66,139.174,11.2833
78,67,125.16,0
78,68,71.0592,6.0442
78,69,123.845,9.43
78,70,137.546,5.17167
78,79,123.988,0
78,86,152.112,9.14522
78,89,164.93,14.1472
78,93,137.474,8.18296
78,96,154.36,12.6791
79,2,129.812,1.11837
79,8,119.12,9.95386
79,17,90.2109,0
79,19,52.1536,0
79,25,86.5332,0
79,28,28.4605,0
79,36,20.0998,0
79,38,129.468,0
79,39,84.8528,0
79,42,113.069,9.26726
79,47,45,0
79,60,88.6454,0
79,68,77.8267,0
79,78,123.988,0
79,89,59.9416,0
79,93,39.4462,0
79,96,104.901,5.57269
79,99,99.1262,0
80,3,121.056,7.06869
80,6,43.0166,2.82053
80,9,58,0
80,10,12.53,0
80,11,177.139,14.0256
80,12,95.6713,0
80,13,108.559,0
80,15,39.3954,0
80,21,134.304,7.99426
80,27,101.079,0
80,32,105.323,0
80,34,122.024,7.31036
80,37,112.155,9.48282
80,49,71.218,0
80,53,44.4072,0
80,55,34.0147,0
80,57,191.093,8.19539
80,58,69.1809,0
80,62,206.751,8.82637
80,71,109.622,0
80,73,53.8516,0
80,75,107.815,0
80,76,68.593,0
80,82,30.4138,0
80,87,168.918,14.0394
80,90,83.4391,6.38708
80,92,55.9017,3.6203
80,94,93.5094,0
80,95,104.087,0
80,97,97.5295,0
81,7,123.102,0
81,12,71.3442,0
81,13,94.541,0
81,15,114.232,0
81,18,76.6616,0
81,23,106.254,0
81,24,98.7927,0
81,31,123.329,0
81,32,52.4976,0
81,41,117.835,0
81,43,17.4929,0
81,45,111.4,0
81,46,46.0109,0
81,58,89.8721,0
81,72,123.843,0
81,75,77.4919,0
81,82,125.96,0
81,97,57.8705,0
82,3,111.171,8.38018
82,6,73.797,4.76675
82,9,64.195,0
82,10,42.5206,0
82,11,216.133,13.9169
82,12,65.2993,0
82,13,79.6241,0
82,15,14.8661,0
82,21,93.1933,0
82,27,114.14,0
82,32,81.0062,0
82,34,118.461,8.48447
82,37,126.491,10.658
82,43,114.769,0
82,46,113.406,0
82,49,73.3553,0
82,53,49.0408,0
82,55,58.8727,0
82,57,146.701,12.2251
82,58,49.6488,0
82,62,154.797,12.9466
82,71,117.745,0
82,72,122.723,0
82,73,71.0282,0
82,75,77.6209,0
82,76,48.7647,0
82,80,30.4138,0
82,81,125.96,0
82,90,102.816,7.67524
82,92,85.9616,4.22794
82,94,99.4032,0
82,95,124.197,0
82,97,68.7095,0
83,0,49.6488,0
83,7,25.4951,0
83,9,122.577,0
83,27,109.005,0
83,32,124.483,0
83,41,31.257,0
83,44,18.6011,0
83,48,23.2594,0
83,49,108.227,0
83,58,128.316,0
83,71,89.0505,0
83,94,93.6216,0
84,2,132.406,10.8368
84,16,130.008,10.7812
84,20,62.426,5.20216
84,22,87.2736,6.22325
84,33,114.699,7.84837
84,38,171.901,12.9276
84,52,142.992,12.2502
84,54,113,9.0411
84,63,124.501,4.22651
84,77,62.263,5.3239
84,88,107.165,4.71772
85,5,134.07,6.59929
85,14,127.176,7.26962
85,30,130.02,8.32137
85,40,92.2645,6.24767
85,59,230.868,0
85,61,73.5935,0
85,65,118,0
85,66,257.752,0
85,74,26.3059,0
85,86,114.143,8.92918
85,87,157.66,6.93679
85,91,103.03,6.96982
85,98,96.5194,0
86,4,111.803,0
86,5,64.5368,0
86,14,36.6742,0
86,16,173.197,14.7829
86,30,22.3607,0
86,35,95.4254,0
86,40,80.0999,0
86,59,91.1482,3.77903
86,61,181.049,15.5011
86,63,102.698,8.64555
86,64,67.2681,0
86,65,91.0382,7.4959
86,66,150.577,12.8052
86,69,74.313,4.82809
86,74,108.869,9.21376
86,78,152.112,9.14522
86,85,114.143,8.92918
86,91,23.7697,0
86,98,145.225,12.1814
87,6,111.996,2.6278
87,10,161.478,13.8496
87,27,161.182,12.6532
87,55,159.441,12.9779
87,61,112.79,4.58091
87,65,168.511,14.2328
87,73,159.653,13.693
87,74,155.829,10.0504
87,80,168.918,14.0394
87,85,157.66,6.93679
87,92,126.567,10.1978
87,95,126.241,10.1844
87,98,100.647,7.361
88,4,46.8722,0
88,5,82.8613,0
88,14,112.364,2.1744
88,20,121.154,1.00903
88,22,25.6125,0
88,30,136.007,3.9344
88,33,11.7047,0
88,40,124.68,0
88,63,176.521,15.075
88,77,56.6392,0
88,84,107.165,4.71772
88,91,127.224,0
89,2,72.1849,2.13622
89,8,136.604,4.50342
89,16,142.309,11.9127
89,17,32.0156,0
89,19,32.0156,0
89,20,139.026,5.26612
89,25,102.047,8.26656
89,28,70.4344,0
89,35,170.639,13.6609
89,36,55.5788,0
89,38,71.5052,0
89,39,32.7567,0
89,42,131.035,3.10345
89,47,27.2029,0
89,52,119.766,10.1044
89,54,126.853,8.91063
89,60,48.3475,4.08048
89,68,89.6775,7.59392
89,78,164.93,14.1472
89,79,59.9416,0
89,93,20.6155,0
89,96,45.0404,3.83867
89,99,91.6788,0
90,3,57.2713,0
90,6,68.7314,0
90,9,141.165,11.0712
90,10,86.8897,6.96977
90,11,113.339,5.83467
90,12,154.162,12.6904
90,13,151.684,12.607
90,15,116.745,9.84182
90,21,190.754,3.39662
90,29,159.743,13.4115
90,34,47.0348,2.02072
90,37,28.6376,2.02488
90,49,154.489,11.5304
90,51,185.725,11.9315
90,53,128.5,10.6347
90,55,110.942,9.51236
90,57,132.242,0
90,58,151.688,12.6688
90,62,155.293,0
90,66,206.595,7.94978
90,73,134.03,10.8403
90,75,157.407,12.6741
90,76,100.094,7.03098
90,80,83.4391,6.38708
90,82,102.816,7.67524
90,92,123.158,9.4111
90,97,167.873,13.7724
90,98,155.503,11.6627
91,4,90.802,0
91,5,44.7214,0
91,14,24.7386,0
91,30,29.0689,0
91,35,114.754,2.66761
91,40,58.2151,0
91,59,112.87,3.64202
91,61,166.908,14.2783
91,63,113.104,9.6092
91,64,80.4984,0
91,65,103.58,8.02809
91,69,87.587,5.6723
91,74,98.9002,7.41752
91,85,103.03,6.96982
91,86,23.7697,0
91,88,127.224,0
91,98,156.177,13.1291
92,3,173.582,11.4931
92,6,55.3708,4.28526
92,9,79.0398,5.97126
92,10,43.3257,3.29691
92,11,153.958,11.9967
92,15,91.1349,4.31501
92,27,107.699,8.90104
92,34,172.982,11.1224
92,37,143.284,12.1574
92,49,96.0324,7.15826
92,53,71.6668,4.91992
92,55,35.1141,2.92617
92,58,111.687,4.569
92,71,124.553,9.84059
92,73,67.2447,4.97004
92,76,128.529,6.33221
92,80,55.9017,3.6203
92,82,85.9616,4.22794
92,87,126.567,10.1978
92,90,123.158,9.4111
92,94,115.035,9.42203
92,95,102.182,8.73726
92,98,138.005,7.65027
93,2,88.1192,0
93,8,122.388,4.28195
93,16,153.005,10.8643
93,17,51.0882,0
93,19,30,0
93,25,77.8974,0
93,28,53.2353,0
93,35,179.03,15.2903
93,36,36,0
93,38,90.6091,0
93,39,47.7074,0
93,42,125.026,6.32996
93,47,17.4642,0
93,52,130.023,9.02961
93,54,146.142,9.08294
93,60,60.096,3.0426
93,68,66.0379,0
93,78,137.474,8.18296
93,79,39.4462,0
93,89,20.6155,0
93,96,65.6684,4.78257
93,99,88.1022,0
94,6,122.3,1.19804
94,7,86.0523,0
94,9,36.0555,0
94,10,90.0278,0
94,15,89.8443,0
94,27,27.6586,0
94,32,100.722,0
94,41,95.4254,0
94,44,106.569,0
94,48,116.482,0
94,49,26.6833,0
94,53,51.1077,0
94,55,70.8308,0
94,58,75.326,0
94,71,19.105,0
94,73,46.5188,0
94,80,93.5094,0
94,82,99.4032,0
94,83,93.6216,0
94,92,115.035,9.42203
94,95,57.4282,0
94,97,118.457,0
95,6,150.935,12.4792
95,9,68.542,0
95,10,104.624,4.57115
95,15,120.839,0
95,27,31.3847,0
95,49,71.8471,0
95,53,79.8123,0
95,55,77.5486,3.20901
95,58,120.748,0
95,71,50.9608,0
95,73,53.2353,0
95,80,104.087,0
95,82,124.197,0
95,87,126.241,10.1844
95,92,102.182,8.73726
95,94,57.4282,0
96,2,37.4833,0
96,16,100.756,8.42385
96,17,21.6333,0
96,19,60.2578,3.76192
96,20,94.921,0
96,25,84.0119,0
96,28,109.697,5.11974
96,35,89.0955,0
96,36,99.4459,4.87549
96,38,48.7032,0
96,39,35.3553,0
96,47,64.0095,2.69005
96,52,81.5149,6.97952
96,54,95.7754,7.35118
96,60,18.1108,0
96,63,130.658,6.89967
96,64,116.932,0
96,68,79.956,3.23405
96,69,131.462,4.10492
96,78,154.36,12.6791
96,79,104.901,5.57269
96,89,45.0404,3.83867
96,93,65.6684,4.78257
96,99,110.436,0
97,3,149.133,10.5679
97,6,142.528,5.3626
97,7,128.891,0
97,9,96.6023,0
97,10,108.227,0
97,12,22.0227,0
97,13,55.7584,0
97,15,58.3095,0
97,18,122.442,0
97,21,97.591,0
97,23,113.565,0
97,31,128.269,0
97,32,29.4109,0
97,34,157.833,11.7485
97,41,128.413,0
97,43,46.0977,0
97,46,51.1077,0
97,49,94.8683,0
97,53,87.6584,0
97,55,116.726,0
97,58,44.3847,0
97,72,99.96,0
97,73,116.499,0
97,75,39.3954,0
97,76,80.0812,0
97,80,97.5295,0
97,81,57.8705,0
97,82,68.7095,0
97,90,167.873,13.7724
97,94,118.457,0
98,6,117.712,2.54787
98,11,146.702,11.6912
98,14,179.005,15.3105
98,30,167.593,14.362
98,37,160.449,13.2918
98,40,170.194,14.5611
98,59,167.26,0
98,61,110.049,7.70492
98,65,66.0303,0
98,66,177.629,0
98,74,79.2465,0
98,85,96.5194,0
98,86,145.225,12.1814
98,87,100.647,7.361
98,90,155.503,11.6627
98,91,156.177,13.1291
98,92,138.005,7.65027
99,2,123.016,0
99,17,99.8414,4.1675
99,19,117.72,0
99,28,126.775,0
99,36,79.0569,0
99,38,107.517,0
99,39,83.9657,3.6421
99,47,70.6612,0
99,60,135.296,5.43833
99,79,99.1262,0
99,89,91.6788,0
99,93,88.1022,0
99,96,110.436,0
