0,7,213.841,0
0,53,225.175,4.59664
0,70,390.024,20.6572
0,74,341.378,0.53844
0,98,295.71,23.5532
1,3,258.892,0.684861
1,4,81.0062,0
1,8,140.088,8.18865
1,11,102.732,7.52616
1,12,388.013,0.52862
1,16,179.854,8.78601
1,17,263.4,6.33786
1,19,379.435,0.503223
1,23,373.373,8.40334
1,24,123.345,10.5691
1,26,345.416,5.85932
1,30,310.877,13.1199
1,36,248.86,18.9372
1,38,184.252,15.2487
1,40,336.723,28.2424
1,47,237.023,4.14689
1,55,328.936,27.4567
1,56,262.214,6.72832
1,59,279.831,21.9232
1,69,451.311,2.96808
2,8,355.954,21.7483
2,13,284.972,12.1753
2,15,76.9675,0
2,16,358.195,22.7388
2,22,79.6994,0
2,24,335.179,26.4482
2,26,380.132,16.271
2,49,151.401,3.7629
2,51,74,0
2,56,347.582,20.1158
2,59,285.633,18.8504
2,65,97.3743,4.11468
2,78,262.534,9.1056
2,89,315.458,11.7478
2,93,294.562,20.7456
3,1,258.892,0.684861
3,4,266,22.3943
3,11,275.473,10.56
3,12,176.073,3.77049
3,16,324.777,13.717
3,17,302.224,11.3852
3,18,273.997,12.3839
3,19,290.552,5.83631
3,23,321.596,6.67344
3,24,368.917,0
3,26,383.697,11.2431
3,30,97.3242,0
3,36,329.017,22.8357
3,38,251.696,19.8998
3,47,76.9675,0
3,56,369.005,6.05767
3,63,209.275,0
3,69,356.382,6.53129
3,73,386.246,20.5991
4,1,81.0062,0
4,3,266,22.3943
4,5,197.294,0
4,8,189.449,13.1739
4,11,83.5717,5.62176
4,14,181.041,0
4,16,188.059,11.6154
4,17,304.144,26.0356
4,24,162.869,10.1926
4,30,362.915,28.0042
4,36,178.293,15.0103
4,38,150.37,12.8452
4,40,281.796,15.2022
4,47,300.123,24.8739
4,55,245.996,17.1505
4,56,257.632,20.0752
4,59,369.569,11.6771
4,99,230.054,0
5,4,197.294,0
5,11,268.158,22.6926
5,14,16.2788,0
5,36,173.367,14.632
5,38,248.417,19.0117
5,99,40.1995,0
6,25,225.015,12.131
6,27,401.183,0
6,28,292.28,24.7694
6,31,111.571,0
6,32,300.304,4.75613
6,35,256.632,0
6,37,208.873,6.03849
6,43,324.633,0.535686
6,44,176.204,0
6,48,293.126,23.264
6,52,317.748,1.47535
6,60,423.564,1.48084
6,62,142.871,5.03713
6,64,316.31,0
6,69,411.481,9.49718
6,73,374.474,11.0283
6,77,356.569,12.1304
6,80,416.062,0
6,81,237.153,14.4626
6,82,332.415,0
6,83,218.525,5.52202
6,84,144.803,0
6,90,231.093,4.74637
6,91,269.733,10.2808
6,92,76.8375,0
6,93,382.244,15.3915
6,95,260.093,20.8056
6,96,255.977,0
7,0,213.841,0
7,42,261.387,20.9146
7,53,215.26,17.2976
7,61,215.924,17.8239
7,70,204.25,11.184
7,74,115.966,8.97482
7,76,271.809,19.9911
7,85,284.61,22.4697
7,88,241.868,20.5221
7,98,252.271,20.3518
8,1,140.088,8.18865
8,2,355.954,21.7483
8,4,189.449,13.1739
8,11,252.204,21.5346
8,15,281.019,19.4103
8,16,141.381,11.8627
8,17,238.073,20.4178
8,22,300.955,20.9974
8,24,96.8298,6.09418
8,26,285.016,23.6204
8,38,332.456,26.4303
8,40,255.147,14.3348
8,47,361.996,27.7479
8,49,213.119,16.3994
8,51,302.526,21.107
8,55,263.831,15.3036
8,56,184.456,14.8254
8,59,130.287,10.7211
8,65,203.109,13.6583
8,89,170.821,12.7618
9,10,126.795,9.289
9,28,281.427,20.404
9,32,346.468,12.0363
9,34,154.156,0
9,37,363.549,2.54482
9,41,112.73,0
9,42,223.389,16.5702
9,45,142.408,9.96708
9,61,333.903,28.4661
9,66,276.884,19.6761
9,68,38.6264,0
9,71,371.033,25.4227
9,72,148.297,0
9,75,195.182,0
9,77,288.201,0
9,81,336.67,3.47961
9,85,195.384,13.2563
9,90,383.005,10.9683
9,97,305.707,25.3424
9,98,231.641,18.0057
10,9,126.795,9.289
10,28,150.524,11.8816
10,32,323.154,7.60252
10,34,272.387,10.715
10,37,255.731,4.2052
10,39,308.19,25.1983
10,41,244.582,9.96773
10,42,274.281,22.7233
10,44,404.259,2.51951
10,45,41.2311,0
10,54,330.561,28.3219
10,62,257.514,22.0348
10,66,171.75,8.2391
10,68,132.9,7.43504
10,71,299.611,17.8775
10,72,166.433,0
10,75,203.07,9.76215
10,77,270.72,4.43782
10,81,187.249,7.72869
10,82,294.994,23.6922
10,85,263.292,20.8166
10,87,372.25,22.6207
10,90,342.911,1.59218
10,92,420.286,9.37987
10,95,262.932,19.2995
10,97,215.15,16.0298
10,98,280.542,23.6407
11,1,102.732,7.52616
11,3,275.473,10.56
11,4,83.5717,5.62176
11,5,268.158,22.6926
11,8,252.204,21.5346
11,14,249.398,20.8277
11,16,276.952,22.9717
11,17,370.977,23.3732
11,24,193.821,10.7784
11,30,306.241,15.3632
11,36,147.187,0
11,38,82.2192,0
11,40,366.895,26.9155
11,47,316.376,5.56759
11,55,329.029,26.4082
11,56,371.549,24.2331
11,99,338.12,23.5336
12,1,388.013,0.52862
12,3,176.073,3.77049
12,16,376.24,8.85536
12,17,278.192,11.6668
12,18,112.679,5.80074
12,19,190.263,0
12,23,228.429,0
12,24,369.9,20.9469
12,26,313.259,17.1669
12,27,339.373,7.34573
12,30,215.411,0.660718
12,43,331.759,11.4738
12,47,147.648,0
12,50,366.346,18.0827
12,56,347.015,12.7925
12,58,381.896,22.3695
12,63,178.55,0
12,64,385.949,21.9132
12,69,208.41,8.73479
12,73,313.355,4.35825
12,80,364.784,13.443
12,96,348.98,11.1981
13,2,284.972,12.1753
13,15,330.642,8.12852
13,17,346.134,28.4976
13,22,354.005,14.6771
13,25,184.043,0
13,26,244.45,20.0419
13,31,285.903,23.8769
13,48,97.5141,0
13,49,414.572,9.25234
13,51,348.005,14.6252
13,56,284.688,23.724
13,64,233.466,17.4728
13,65,283.831,9.70087
13,73,280.844,23.9632
13,78,24.0832,0
13,83,207.486,17.345
13,91,172.611,14.2788
13,93,56.7186,0
14,4,181.041,0
14,5,16.2788,0
14,11,249.398,20.8277
14,36,155.042,12.9609
14,38,224.054,17.4588
14,55,269.175,18.5368
14,99,53.4509,0
15,2,76.9675,0
15,8,281.019,19.4103
15,13,330.642,8.12852
15,16,259.161,22.1052
15,17,346.077,23.0718
15,22,49.8172,3.91077
15,24,271.017,22.3589
15,26,320.222,19.8106
15,49,91.3017,0
15,51,46.6949,3.66566
15,56,281.344,20.2094
15,59,222.089,16.7345
15,65,61.6117,0
15,78,301.225,4.24188
15,89,265.66,10.8679
15,93,299.086,21.9111
16,1,179.854,8.78601
16,2,358.195,22.7388
16,3,324.777,13.717
16,4,188.059,11.6154
16,8,141.381,11.8627
16,11,276.952,22.9717
16,12,376.24,8.85536
16,15,259.161,22.1052
16,17,99.7619,7.91761
16,19,273.427,6.7957
16,22,307.5,25.625
16,23,254.035,10.5608
16,24,50.1597,0
16,26,160.79,7.70264
16,30,422.073,14.3671
16,38,364.17,25.9934
16,47,269.675,12.3518
16,49,231.001,19.7225
16,51,307.565,25.5427
16,56,65.699,5.3717
16,59,267.014,22.8646
16,64,380.004,13.6727
16,65,262.021,18.1398
16,69,317.116,13.7352
16,73,280.185,17.4358
16,78,273.726,18.9195
16,89,303.212,25.7692
16,93,301.267,25.8415
17,1,263.4,6.33786
17,3,302.224,11.3852
17,4,304.144,26.0356
17,8,238.073,20.4178
17,11,370.977,23.3732
17,12,278.192,11.6668
17,13,346.134,28.4976
17,15,346.077,23.0718
17,16,99.7619,7.91761
17,18,348.369,17.6376
17,19,165.36,0
17,23,152.434,0
17,24,157.004,7.777
17,26,86.5332,0
17,30,404.157,8.66937
17,47,241.47,6.63401
17,49,368.294,19.053
17,56,72.4707,0
17,64,251.667,17.3746
17,65,320.64,16.2673
17,69,213.971,4.30186
17,73,178.719,10.3138
17,78,322.47,25.4963
17,83,367.35,19.6795
17,91,299.38,22.7547
17,93,314.063,18.2739
17,96,320.474,24.571
18,3,273.997,12.3839
18,12,112.679,5.80074
18,17,348.369,17.6376
18,19,230.262,5.16186
18,23,270.654,1.6042
18,26,388.394,15.5502
18,27,210.954,10.2166
18,30,291.054,9.35187
18,35,345.962,10.8666
18,43,225.588,12.5537
18,47,260.341,6.75954
18,50,266.049,10.0068
18,52,346.805,12.6659
18,58,273.307,15.6129
18,60,332.558,8.50844
18,63,193.485,6.8216
18,64,374.135,24.3855
18,69,224.472,6.64947
18,73,298.512,15.6815
18,80,247.826,10.6609
18,84,400.508,9.00846
18,96,295.682,8.45179
19,1,379.435,0.503223
19,3,290.552,5.83631
19,12,190.263,0
19,16,273.427,6.7957
19,17,165.36,0
19,18,230.262,5.16186
19,23,38.2099,0
19,24,333.946,0
19,26,159.187,9.19938
19,27,357.66,5.56069
19,30,330.694,17.1079
19,31,388.236,18.3025
19,35,424.075,0.990785
19,43,306.217,8.88006
19,47,216.978,5.48293
19,56,235.228,0
19,63,368.782,0
19,64,194.911,16.5714
19,69,77.7946,0
19,73,108.033,8.6397
19,80,398.751,9.30575
19,83,344.395,12.8921
19,84,356.411,12.905
19,91,257.942,21.9955
19,93,325.745,23.5654
19,96,242.232,11.6626
20,39,146.154,0
20,46,50.3289,0
20,50,296.265,23.2324
20,52,330.101,24.2032
20,54,193.003,0
20,57,27.2029,0
20,58,204.181,14.2673
20,60,255.629,21.2511
20,80,330.582,25.107
20,82,256.834,21.5113
20,86,98.7168,0
20,87,149.459,0
20,95,245.817,15.2598
20,97,249.812,12.8046
21,29,241.031,19.1546
21,33,165.712,13.6412
21,39,218.34,9.39532
21,54,105.442,3.26368
21,61,214.44,16.7541
21,66,236.121,11.036
21,67,202.597,16.2659
21,70,233.283,10.4153
21,71,116.281,4.71514
21,75,327.509,26.7998
21,76,148.698,12.7249
21,79,240.014,20.1025
21,86,195.969,0
21,87,168.161,3.80363
21,88,168.557,9.08084
21,97,193.544,6.14726
22,2,79.6994,0
22,8,300.955,20.9974
22,13,354.005,14.6771
22,15,49.8172,3.91077
22,16,307.5,25.625
22,24,314.53,25.1247
22,26,352.5,26.3494
22,49,96.933,0
22,51,6,0
22,56,352.495,19.5405
22,59,210.589,16.2667
22,65,112.797,4.82809
22,78,326.496,12.1801
22,89,235.812,11.1428
22,93,355.099,23.1786
23,1,373.373,8.40334
23,3,321.596,6.67344
23,12,228.429,0
23,16,254.035,10.5608
23,17,152.434,0
23,18,270.654,1.6042
23,19,38.2099,0
23,24,315.283,5.68124
23,26,134.882,7.50968
23,27,379.745,1.11682
23,30,376.133,14.6551
23,31,356.818,19.3011
23,35,374.204,19.1888
23,43,312.303,8.30843
23,47,246.909,6.22036
23,56,185.506,11.3063
23,63,406.964,0
23,64,141.999,10.0945
23,69,67.3071,1.80651
23,73,64.6241,4.6788
23,78,334.031,27.4662
23,80,429.858,1.11936
23,83,279.534,19.9328
23,84,335.494,14.8398
23,91,228.254,19.5646
23,93,286.513,22.1499
23,96,229.318,12.1313
24,1,123.345,10.5691
24,2,335.179,26.4482
24,3,368.917,0
24,4,162.869,10.1926
24,8,96.8298,6.09418
24,11,193.821,10.7784
24,12,369.9,20.9469
24,15,271.017,22.3589
24,16,50.1597,0
24,17,157.004,7.777
24,19,333.946,0
24,22,314.53,25.1247
24,23,315.283,5.68124
24,26,207.372,9.07434
24,30,464.866,0
24,38,276.635,22.8876
24,40,393.199,21.9645
24,47,313.244,2.78501
24,49,226.352,19.4044
24,51,315.11,25.0387
24,55,390.372,23.9267
24,56,112.065,7.55079
24,59,198.702,12.4415
24,64,423.071,16.0254
24,65,255.519,20.0589
24,69,380.531,8.35657
24,73,329.292,18.6718
24,89,228.544,10.3674
25,6,225.015,12.131
25,13,184.043,0
25,31,203.145,11.7176
25,32,135.123,7.62234
25,37,242.094,19.0431
25,44,98.6081,7.80114
25,48,92.72,0
25,62,325.389,19.2804
25,64,323.126,20.6351
25,72,341.565,28.7299
25,77,187.032,10.2349
25,78,202.356,0
25,81,326.69,25.3444
25,83,211.891,16.4228
25,84,346.578,13.0033
25,90,123.841,8.10596
25,91,192.879,14.7832
25,92,272.55,18.0887
25,93,281.668,22.6526
25,96,424.803,13.946
26,1,345.416,5.85932
26,2,380.132,16.271
26,3,383.697,11.2431
26,8,285.016,23.6204
26,12,313.259,17.1669
26,13,244.45,20.0419
26,15,320.222,19.8106
26,16,160.79,7.70264
26,17,86.5332,0
26,18,388.394,15.5502
26,19,159.187,9.19938
26,22,352.5,26.3494
26,23,134.882,7.50968
26,24,207.372,9.07434
26,31,419.611,10.6343
26,47,318.903,6.94253
26,49,335.901,21.4242
26,51,359.556,24.8956
26,56,95.352,0
26,64,218.396,6.04738
26,65,296.609,9.64624
26,69,170.644,12.9743
26,73,131.364,9.21022
26,78,235.916,20.2234
26,83,322.702,9.18868
26,84,391.073,23.9697
26,91,276.816,8.25242
26,93,229.083,15.8818
26,96,310.282,19.8487
27,6,401.183,0
27,12,339.373,7.34573
27,18,210.954,10.2166
27,19,357.66,5.56069
27,23,379.745,1.11682
27,31,416.043,0
27,35,156.461,0
27,43,84.1882,1.86236
27,46,325.248,15.938
27,50,213.841,0
27,52,135.719,2.6213
27,57,356.63,21.4014
27,58,148.71,4.15725
27,60,129.692,0
27,62,378.64,1.84967
27,63,413.535,8.11194
27,64,430.897,0
27,69,300.129,6.40434
27,73,348.903,14.1379
27,80,50.1199,0
27,82,355.83,3.67043
27,83,427.27,14.2012
27,84,267.081,0
27,92,359.572,0.546452
27,95,391.037,11.2918
27,96,211.718,3.94493
28,6,292.28,24.7694
28,9,281.427,20.404
28,10,150.524,11.8816
28,32,373.217,21.1871
28,35,376.798,24.0187
28,37,187.162,15.382
28,39,148.056,12.5277
28,41,393.144,23.6601
28,44,319.411,27.1928
28,45,139.943,10.4957
28,52,363.731,23.534
28,54,216.722,17.8279
28,57,273.316,16.8328
28,62,156.902,6.7786
28,66,47.0744,0
28,68,283.399,19.9781
28,71,161.326,12.4411
28,72,291.046,16.9672
28,75,318.755,9.64871
28,77,350.119,20.7165
28,81,91.2095,1.30067
28,82,137.8,11.13
28,86,207.366,14.9997
28,87,215.976,15.6521
28,90,300.623,25.2951
28,92,224.865,15.8526
28,95,110.201,9.44576
28,97,88.3892,6.99505
29,21,241.031,19.1546
29,33,72.4983,0
29,67,144.013,11.7801
29,79,43.2897,0
29,88,199.812,0
29,94,148.054,0
30,1,310.877,13.1199
30,3,97.3242,0
30,4,362.915,28.0042
30,11,306.241,15.3632
30,12,215.411,0.660718
30,16,422.073,14.3671
30,17,404.157,8.66937
30,18,291.054,9.35187
30,19,330.694,17.1079
30,23,376.133,14.6551
30,24,464.866,0
30,36,382.975,13.2357
30,38,325.135,9.01438
30,47,166.769,0
30,63,151.855,0
30,69,408.893,11.2454
31,6,111.571,0
31,13,285.903,23.8769
31,19,388.236,18.3025
31,23,356.818,19.3011
31,25,203.145,11.7176
31,26,419.611,10.6343
31,27,416.043,0
31,32,361.044,4.11155
31,35,297.919,0
31,37,321.31,0
31,43,329.296,0.497417
31,44,226.927,0
31,48,253.355,16.0087
31,52,371.489,0
31,62,250.879,5.51668
31,64,190.774,8.54894
31,69,323.285,15.6648
31,73,274.932,14.0161
31,77,436.916,8.53723
31,78,319.203,23.1616
31,80,442.832,0
31,81,340.639,17.8631
31,82,431.356,0
31,83,106.987,4.89529
31,84,152.971,0
31,90,305.954,0
31,91,158.229,9.00471
31,92,173.368,2.68634
31,93,279.71,11.8992
31,95,377.208,22.7695
31,96,222,0
32,6,300.304,4.75613
32,9,346.468,12.0363
32,10,323.154,7.60252
32,25,135.123,7.62234
32,28,373.217,21.1871
32,31,361.044,4.11155
32,37,150.838,7.68981
32,41,382.918,15.3015
32,44,139.043,1.78006
32,45,363.643,7.3361
32,48,254.837,18.0652
32,62,312.436,9.31762
32,66,421.804,17.3744
32,68,310.907,11.0797
32,72,199.256,10.3629
32,77,46.6905,0
32,81,248.105,8.52925
32,83,407.127,19.3492
32,84,433.689,9.5814
32,90,68.1442,0.577144
32,92,334.168,1.09196
32,95,314.747,26.9653
33,21,165.712,13.6412
33,29,72.4983,0
33,54,262.013,18.1172
33,61,212.398,0
33,67,79.196,6.41329
33,70,219.454,13.4409
33,71,278.914,18.9077
33,76,203.297,12.7433
33,79,72.1803,0
33,88,133.54,0
33,94,188.776,15.5092
34,9,154.156,0
34,10,272.387,10.715
34,41,102.956,0
34,42,106.644,6.84064
34,45,264.828,13.8746
34,53,202.507,14.6798
34,61,216.84,9.1912
34,66,373.177,26.2734
34,68,183.848,0
34,72,290,0
34,75,196.01,0
34,76,308.289,26.2162
34,77,420.305,0
34,85,80.2611,6.1369
34,98,113.167,6.73611
35,6,256.632,0
35,18,345.962,10.8666
35,19,424.075,0.990785
35,23,374.204,19.1888
35,27,156.461,0
35,28,376.798,24.0187
35,31,297.919,0
35,37,384.087,7.78634
35,39,377.872,23.0422
35,43,113.719,0
35,44,412.666,5.80214
35,46,359.498,14.9451
35,50,317.12,12.8737
35,52,75.4718,0
35,57,375.967,19.934
35,58,266,0
35,60,174.642,0
35,62,222.952,1.90983
35,64,378.733,2.50725
35,69,317.303,14.3772
35,73,358.705,11.4674
35,80,160.014,0.509557
35,81,293.86,23.9847
35,82,248.516,0
35,83,347.509,11.3225
35,84,146.82,0
35,91,410.368,5.50377
35,92,206.814,0
35,95,264.87,11.489
35,96,171.505,3.05386
36,1,248.86,18.9372
36,3,329.017,22.8357
36,4,178.293,15.0103
36,5,173.367,14.632
36,11,147.187,0
36,14,155.042,12.9609
36,30,382.975,13.2357
36,38,79.8499,0
36,47,372.722,24.5199
36,55,279.879,19.4034
36,99,201.406,16.8298
37,6,208.873,6.03849
37,9,363.549,2.54482
37,10,255.731,4.2052
37,25,242.094,19.0431
37,28,187.162,15.382
37,31,321.31,0
37,32,150.838,7.68981
37,35,384.087,7.78634
37,41,437.994,6.87832
37,44,143.422,5.43267
37,45,285.482,4.28801
37,52,409.963,11.6763
37,62,154.681,8.37112
37,66,244.22,20.2953
37,68,331.939,3.59325
37,72,192.922,15.182
37,77,175.426,9.31581
37,81,83.6287,6.69336
37,82,217.44,18.5726
37,83,408.351,11.4522
37,84,348.368,0
37,90,106.213,6.61836
37,92,207.642,1.26572
37,95,174.028,12.8223
37,97,277.434,23.7665
38,1,184.252,15.2487
38,3,251.696,19.8998
38,4,150.37,12.8452
38,5,248.417,19.0117
38,8,332.456,26.4303
38,11,82.2192,0
38,14,224.054,17.4588
38,16,364.17,25.9934
38,24,276.635,22.8876
38,30,325.135,9.01438
38,36,79.8499,0
38,47,303.154,20.6814
38,99,281.745,20.6406
39,10,308.19,25.1983
39,20,146.154,0
39,21,218.34,9.39532
39,28,148.056,12.5277
39,35,377.872,23.0422
39,45,265.662,22.7861
39,46,155.878,0
39,52,326.709,22.3124
39,54,108.141,3.31823
39,57,133.989,0
39,60,329.591,23.1689
39,62,208.851,6.88519
39,66,130.345,9.39991
39,71,142.448,10.5879
39,81,228.103,17.2937
39,82,110.495,1.67079
39,86,59.4138,0
39,87,41.1461,0
39,95,103.238,0
39,97,103.49,8.86278
40,1,336.723,28.2424
40,4,281.796,15.2022
40,8,255.147,14.3348
40,11,366.895,26.9155
40,24,393.199,21.9645
40,49,365.363,25.9238
40,55,23.5372,0
40,59,232.064,11.8307
40,89,243.465,14.7766
41,9,112.73,0
41,10,244.582,9.96773
41,28,393.144,23.6601
41,32,382.918,15.3015
41,34,102.956,0
41,37,437.994,6.87832
41,42,211.937,17.3649
41,45,256.75,11.6335
41,53,248.003,15.5621
41,66,386.202,23.1126
41,68,121.655,0
41,72,208.355,0
41,75,255.163,0
41,77,320.013,3.36033
41,81,438.093,3.24845
41,85,185.446,13.1581
41,98,218.384,18.3412
42,7,261.387,20.9146
42,9,223.389,16.5702
42,10,274.281,22.7233
42,34,106.644,6.84064
42,41,211.937,17.3649
42,45,265.446,21.4872
42,53,129.19,0
42,61,107.615,0
42,66,394.387,22.2007
42,68,261.503,17.9024
42,70,202.959,1.8438
42,71,330.673,26.6768
42,72,372.795,19.9712
42,74,162.693,0
42,75,94.2677,7.39115
42,76,198.445,16.8378
42,85,26.1725,0
42,88,200.552,0
42,98,8.24621,0
43,6,324.633,0.535686
43,12,331.759,11.4738
43,18,225.588,12.5537
43,19,306.217,8.88006
43,23,312.303,8.30843
43,27,84.1882,1.86236
43,31,329.296,0.497417
43,35,113.719,0
43,46,395.198,15.6082
43,50,297.789,1.9714
43,52,145.121,0
43,58,225.646,7.56174
43,60,188.712,0.650668
43,62,329.242,1.93616
43,64,343.629,1.7709
43,69,234.818,10.1448
43,73,284.288,11.8665
43,80,123.793,1.64075
43,82,357.419,0
43,83,346.252,11.1822
43,84,184.27,0.509002
43,91,393.432,6.13416
43,92,295.743,0
43,95,379.221,11.2688
43,96,131.06,1.07366
44,6,176.204,0
44,10,404.259,2.51951
44,25,98.6081,7.80114
44,28,319.411,27.1928
44,31,226.927,0
44,32,139.043,1.78006
44,35,412.666,5.80214
44,37,143.422,5.43267
44,45,428.664,6.86656
44,48,208.792,15.8039
44,62,231.159,7.10061
44,64,396.082,14.2512
44,68,414.643,14.8244
44,72,318.706,10.0518
44,77,210.9,7.91944
44,81,224.63,13.1643
44,82,346.825,24.8785
44,83,308.205,4.92798
44,84,320.525,0
44,90,80.9938,0
44,91,350.824,10.3361
44,92,220.055,0
44,95,347.23,20.9324
44,96,426.807,0
45,9,142.408,9.96708
45,10,41.2311,0
45,28,139.943,10.4957
45,32,363.643,7.3361
45,34,264.828,13.8746
45,37,285.482,4.28801
45,39,265.662,22.7861
45,41,256.75,11.6335
45,42,265.446,21.4872
45,44,428.664,6.86656
45,54,312.529,26.4131
45,61,356.046,28.2576
45,62,271.5,23.2899
45,66,136.9,9.43782
45,68,156.682,8.08108
45,71,259.173,17.0181
45,72,205.913,0
45,75,173.419,10.6315
45,76,414.624,7.23611
45,77,311.95,4.44849
45,81,191.964,11.5051
45,82,271.717,23.2237
45,85,244.787,20.3037
45,87,333.102,23.0293
45,90,380.686,1.09385
45,92,387.219,24.7448
45,95,241.831,19.9653
45,97,177.406,14.7839
45,98,271.001,22.4942
46,20,50.3289,0
46,27,325.248,15.938
46,35,359.498,14.9451
46,39,155.878,0
46,43,395.198,15.6082
46,50,215.532,17.7798
46,52,283.828,14.2389
46,54,224.083,0
46,57,31.257,0
46,58,155.809,12.8936
46,60,206.828,12.7067
46,80,274.995,15.2594
46,82,262.453,21.1424
46,86,124.354,0
46,87,171.467,0
46,95,241.961,18.4068
46,97,254.833,11.6112
47,1,237.023,4.14689
47,3,76.9675,0
47,4,300.123,24.8739
47,8,361.996,27.7479
47,11,316.376,5.56759
47,12,147.648,0
47,16,269.675,12.3518
47,17,241.47,6.63401
47,18,260.341,6.75954
47,19,216.978,5.48293
47,23,246.909,6.22036
47,24,313.244,2.78501
47,26,318.903,6.94253
47,30,166.769,0
47,36,372.722,24.5199
47,38,303.154,20.6814
47,56,299.374,6.40118
47,63,216.868,9.21988
47,69,287.883,5.40311
47,73,314.267,18.4593
48,6,293.126,23.264
48,13,97.5141,0
48,25,92.72,0
48,31,253.355,16.0087
48,32,254.837,18.0652
48,44,208.792,15.8039
48,64,266.228,20.1465
48,73,365.975,27.6324
48,78,119.218,0
48,83,161.021,12.8176
48,84,398.261,20.1858
48,90,218.444,9.78889
48,91,183.791,15.3159
48,92,369.349,26.4817
48,93,116.103,0
49,2,151.401,3.7629
49,8,213.119,16.3994
49,13,414.572,9.25234
49,15,91.3017,0
49,16,231.001,19.7225
49,17,368.294,19.053
49,22,96.933,0
49,24,226.352,19.4044
49,26,335.901,21.4242
49,40,365.363,25.9238
49,51,99.3177,0
49,56,294.976,17.9889
49,59,129.08,11.0216
49,65,122.231,3.51433
49,78,371.774,9.85907
49,89,179.539,9.99117
49,93,358.523,26.3808
50,12,366.346,18.0827
50,18,266.049,10.0068
50,20,296.265,23.2324
50,27,213.841,0
50,35,317.12,12.8737
50,43,297.789,1.9714
50,46,215.532,17.7798
50,52,269.571,10.8546
50,57,240.785,20.5931
50,58,96.0208,0
50,60,191.873,3.19001
50,63,366.302,12.0201
50,80,178.643,4.48424
50,96,431.231,0
51,2,74,0
51,8,302.526,21.107
51,13,348.005,14.6252
51,15,46.6949,3.66566
51,16,307.565,25.5427
51,22,6,0
51,24,315.11,25.0387
51,26,359.556,24.8956
51,49,99.3177,0
51,56,338.296,21.9408
51,59,214.573,16.5208
51,65,112.082,3.54139
51,78,320.519,12.1409
51,89,241.428,11.1733
51,93,345.091,23.7104
52,6,317.748,1.47535
52,18,346.805,12.6659
52,20,330.101,24.2032
52,27,135.719,2.6213
52,28,363.731,23.534
52,31,371.489,0
52,35,75.4718,0
52,37,409.963,11.6763
52,39,326.709,22.3124
52,43,145.121,0
52,46,283.828,14.2389
52,50,269.571,10.8546
52,57,302.852,18.407
52,58,205.922,0
52,60,106,0
52,62,256.239,1.60767
52,64,449.194,3.27255
52,69,384.022,8.8326
52,73,426.098,9.56995
52,80,121.918,0
52,81,309.96,24.9507
52,82,218.569,2.06041
52,83,423.034,11.6069
52,84,221.82,0
52,86,326.621,27.0312
52,92,261.297,0
52,95,253.289,9.31735
52,96,244.639,0
53,0,225.175,4.59664
53,7,215.26,17.2976
53,34,202.507,14.6798
53,41,248.003,15.5621
53,42,129.19,0
53,61,177.564,0
53,70,223.152,5.42443
53,74,198.081,15.6168
53,75,224.215,9.87061
53,85,133.36,0
53,98,128.628,1.98491
54,10,330.561,28.3219
54,20,193.003,0
54,21,105.442,3.26368
54,28,216.722,17.8279
54,33,262.013,18.1172
54,39,108.141,3.31823
54,45,312.529,26.4131
54,46,224.083,0
54,57,194.654,0
54,66,160.07,5.94286
54,71,63.3877,0
54,75,344.878,27.3096
54,76,217.862,16.3397
54,79,293.869,23.0695
54,82,228.946,10.4198
54,86,99.925,0
54,87,62.0322,0
54,95,222.816,11.7383
54,97,121.589,6.01241
55,1,328.936,27.4567
55,4,245.996,17.1505
55,8,263.831,15.3036
55,11,329.029,26.4082
55,14,269.175,18.5368
55,24,390.372,23.9267
55,36,279.879,19.4034
55,40,23.5372,0
55,59,267.448,13.1027
55,89,284.054,16.3399
56,1,262.214,6.72832
56,2,347.582,20.1158
56,3,369.005,6.05767
56,4,257.632,20.0752
56,8,184.456,14.8254
56,11,371.549,24.2331
56,12,347.015,12.7925
56,13,284.688,23.724
56,15,281.344,20.2094
56,16,65.699,5.3717
56,17,72.4707,0
56,19,235.228,0
56,22,352.495,19.5405
56,23,185.506,11.3063
56,24,112.065,7.55079
56,26,95.352,0
56,47,299.374,6.40118
56,49,294.976,17.9889
56,51,338.296,21.9408
56,59,322.894,26.2991
56,64,311.04,7.05658
56,65,254.537,14.9055
56,69,240.099,15.6564
56,73,223.712,10.6178
56,78,236.333,17.3648
56,83,426.716,4.62239
56,91,363.089,9.90338
56,93,285.042,20.1027
56,96,393.785,22.7926
57,20,27.2029,0
57,27,356.63,21.4014
57,28,273.316,16.8328
57,35,375.967,19.934
57,39,133.989,0
57,46,31.257,0
57,50,240.785,20.5931
57,52,302.852,18.407
57,54,194.654,0
57,58,191.789,15.5502
57,60,229.292,17.5837
57,80,306.73,20.186
57,82,234.857,20.1382
57,86,95.6922,0
57,87,144.589,0
57,95,218.003,13.2475
57,97,235.924,12.0763
58,12,381.896,22.3695
58,18,273.307,15.6129
58,20,204.181,14.2673
58,27,148.71,4.15725
58,35,266,0
58,43,225.646,7.56174
58,46,155.809,12.8936
58,50,96.0208,0
58,52,205.922,0
58,57,191.789,15.5502
58,60,104,0
58,62,459.162,1.56163
58,63,430.087,12.9037
58,69,461.203,0
58,80,108.534,3.63716
58,82,375.537,0
58,84,404.475,0
58,86,334.771,28.1977
58,95,405.172,11.7497
58,96,355.575,9.34713
59,1,279.831,21.9232
59,2,285.633,18.8504
59,4,369.569,11.6771
59,8,130.287,10.7211
59,15,222.089,16.7345
59,16,267.014,22.8646
59,22,210.589,16.2667
59,24,198.702,12.4415
59,40,232.064,11.8307
59,49,129.08,11.0216
59,51,214.573,16.5208
59,55,267.448,13.1027
59,56,322.894,26.2991
59,65,241.305,19.2587
59,89,38.0789,0
60,6,423.564,1.48084
60,18,332.558,8.50844
60,20,255.629,21.2511
60,27,129.692,0
60,35,174.642,0
60,39,329.591,23.1689
60,43,188.712,0.650668
60,46,206.828,12.7067
60,50,191.873,3.19001
60,52,106,0
60,57,229.292,17.5837
60,58,104,0
60,62,355.501,1.54542
60,69,425.236,7.31226
60,80,81.2158,0
60,82,279.034,0
60,84,320.025,0
60,86,299.29,25.4528
60,92,366.922,0
60,95,309.824,10.8835
60,96,312.87,1.89944
61,7,215.924,17.8239
61,9,333.903,28.4661
61,21,214.44,16.7541
61,33,212.398,0
61,34,216.84,9.1912
61,42,107.615,0
61,45,356.046,28.2576
61,53,177.564,0
61,67,214.259,11.9602
61,70,108.579,2.00454
61,71,268.83,23.0557
61,74,94.921,0
61,75,148.778,5.92852
61,76,72.4245,4.36398
61,85,133.454,0
61,88,93.0054,0
61,98,101.71,0
62,6,142.871,5.03713
62,10,257.514,22.0348
62,25,325.389,19.2804
62,27,378.64,1.84967
62,28,156.902,6.7786
62,31,250.879,5.51668
62,32,312.436,9.31762
62,35,222.952,1.90983
62,37,154.681,8.37112
62,39,208.851,6.88519
62,43,329.242,1.93616
62,44,231.159,7.10061
62,45,271.5,23.2899
62,52,256.239,1.60767
62,58,459.162,1.56163
62,60,355.501,1.54542
62,64,432.227,8.79697
62,66,213.875,17.1632
62,72,334.825,23.8307
62,77,329.786,17.6671
62,80,374.6,1.6973
62,81,82.7345,0
62,82,130.66,11.2081
62,83,335.513,17.224
62,84,191.112,8.21061
62,90,252.994,7.83075
62,91,370.014,24.5844
62,92,72.9366,4.42194
62,95,110.387,7.65285
62,96,316.731,3.97859
62,97,281.239,23.5629
63,3,209.275,0
63,12,178.55,0
63,18,193.485,6.8216
63,19,368.782,0
63,23,406.964,0
63,27,413.535,8.11194
63,30,151.855,0
63,47,216.868,9.21988
63,50,366.302,12.0201
63,58,430.087,12.9037
63,69,378.295,11.2412
63,80,414.387,17.6368
64,6,316.31,0
64,12,385.949,21.9132
64,13,233.466,17.4728
64,16,380.004,13.6727
64,17,251.667,17.3746
64,18,374.135,24.3855
64,19,194.911,16.5714
64,23,141.999,10.0945
64,24,423.071,16.0254
64,25,323.126,20.6351
64,26,218.396,6.04738
64,27,430.897,0
64,31,190.774,8.54894
64,35,378.733,2.50725
64,43,343.629,1.7709
64,44,396.082,14.2512
64,48,266.228,20.1465
64,52,449.194,3.27255
64,56,311.04,7.05658
64,62,432.227,8.79697
64,65,376.046,21.8499
64,69,150.75,12.9017
64,73,82.1428,6.56301
64,78,191.49,16.3692
64,83,115.603,0
64,84,261.358,0
64,91,78.5778,4.04519
64,92,366.895,0
64,93,150.996,9.97991
64,96,208.429,3.58409
65,2,97.3743,4.11468
65,8,203.109,13.6583
65,13,283.831,9.70087
65,15,61.6117,0
65,16,262.021,18.1398
65,17,320.64,16.2673
65,22,112.797,4.82809
65,24,255.519,20.0589
65,26,296.609,9.64624
65,49,122.231,3.51433
65,51,112.082,3.54139
65,56,254.537,14.9055
65,59,241.305,19.2587
65,64,376.046,21.8499
65,73,403.227,17.6362
65,78,255.242,4.25924
65,89,301.767,13.8895
65,91,337.392,26.8691
65,93,243.253,19.5914
66,9,276.884,19.6761
66,10,171.75,8.2391
66,21,236.121,11.036
66,28,47.0744,0
66,32,421.804,17.3744
66,34,373.177,26.2734
66,37,244.22,20.2953
66,39,130.345,9.39991
66,41,386.202,23.1126
66,42,394.387,22.2007
66,45,136.9,9.43782
66,54,160.07,5.94286
66,62,213.875,17.1632
66,68,301.334,15.8298
66,71,118.923,5.88059
66,72,325.127,10.7745
66,75,308.402,0
66,76,424.028,3.39428
66,77,382.375,19.5542
66,81,130.561,8.46973
66,82,179.929,15.3501
66,85,407.18,17.1706
66,86,202.641,14.8815
66,87,215.058,11.6732
66,90,367.735,24.8304
66,92,275.908,22.905
66,95,149.681,12.2184
66,97,54.3511,4.55731
67,21,202.597,16.2659
67,29,144.013,11.7801
67,33,79.196,6.41329
67,61,214.259,11.9602
67,70,204.089,16.9646
67,74,248.084,19.8401
67,76,193.022,12.3384
67,79,144.838,7.66215
67,88,141.726,11.8928
67,94,253.314,0
68,9,38.6264,0
68,10,132.9,7.43504
68,28,283.399,19.9781
68,32,310.907,11.0797
68,34,183.848,0
68,37,331.939,3.59325
68,41,121.655,0
68,42,261.503,17.9024
68,44,414.643,14.8244
68,45,156.682,8.08108
68,66,301.334,15.8298
68,72,110.653,0
68,75,231.249,0
68,77,249.816,0
68,81,317.153,3.13132
68,85,231.754,14.4457
68,90,347.18,10.8255
68,97,330.705,24.9075
68,98,269.735,19.5781
69,1,451.311,2.96808
69,3,356.382,6.53129
69,6,411.481,9.49718
69,12,208.41,8.73479
69,16,317.116,13.7352
69,17,213.971,4.30186
69,18,224.472,6.64947
69,19,77.7946,0
69,23,67.3071,1.80651
69,24,380.531,8.35657
69,26,170.644,12.9743
69,27,300.129,6.40434
69,30,408.893,11.2454
69,31,323.285,15.6648
69,35,317.303,14.3772
69,43,234.818,10.1448
69,47,287.883,5.40311
69,52,384.022,8.8326
69,56,240.099,15.6564
69,58,461.203,0
69,60,425.236,7.31226
69,63,378.295,11.2412
69,64,150.75,12.9017
69,73,81.404,5.91938
69,78,351.828,28.6755
69,80,347.918,7.43914
69,83,226.684,19.4099
69,84,278.584,12.3084
69,91,224.643,19.0387
69,92,426.463,10.1459
69,93,303.524,22.0595
69,96,164.887,10.3169
70,0,390.024,20.6572
70,7,204.25,11.184
70,21,233.283,10.4153
70,33,219.454,13.4409
70,42,202.959,1.8438
70,53,223.152,5.42443
70,61,108.579,2.00454
70,67,204.089,16.9646
70,74,83.0159,7.10448
70,76,145.155,5.11763
70,85,228.87,1.87492
70,88,70.7107,3.1427
70,98,195.445,1.86586
71,9,371.033,25.4227
71,10,299.611,17.8775
71,21,116.281,4.71514
71,28,161.326,12.4411
71,33,278.914,18.9077
71,39,142.448,10.5879
71,42,330.673,26.6768
71,45,259.173,17.0181
71,54,63.3877,0
71,61,268.83,23.0557
71,66,118.923,5.88059
71,75,280.769,13.9075
71,76,181.547,15.0363
71,81,249.467,14.4519
71,82,227.286,12.0453
71,85,334.325,28.0298
71,86,142.144,0
71,87,92.0978,0
71,88,260.594,17.3259
71,95,211.915,12.6602
71,97,75.5844,0
71,98,331.812,27.0254
72,9,148.297,0
72,10,166.433,0
72,25,341.565,28.7299
72,28,291.046,16.9672
72,32,199.256,10.3629
72,34,290,0
72,37,192.922,15.182
72,41,208.355,0
72,42,372.795,19.9712
72,44,318.706,10.0518
72,45,205.913,0
72,62,334.825,23.8307
72,66,325.127,10.7745
72,68,110.653,0
72,75,320.649,3.82558
72,77,128.32,5.24947
72,81,252.617,3.3482
72,85,342.406,16.2378
72,90,242.009,8.85371
72,92,421.697,14.7217
72,95,351.36,25.7714
72,97,380.805,18.8033
72,98,381.075,22.1952
73,3,386.246,20.5991
73,6,374.474,11.0283
73,12,313.355,4.35825
73,13,280.844,23.9632
73,16,280.185,17.4358
73,17,178.719,10.3138
73,18,298.512,15.6815
73,19,108.033,8.6397
73,23,64.6241,4.6788
73,24,329.292,18.6718
73,26,131.364,9.21022
73,27,348.903,14.1379
73,31,274.932,14.0161
73,35,358.705,11.4674
73,43,284.288,11.8665
73,47,314.267,18.4593
73,48,365.975,27.6324
73,52,426.098,9.56995
73,56,223.712,10.6178
73,64,82.1428,6.56301
73,65,403.227,17.6362
73,69,81.404,5.91938
73,78,268.549,22.4998
73,80,403.83,12.2497
73,83,203.788,12.2331
73,84,281.006,9.03993
73,91,155.569,13.3001
73,92,408.492,10.7727
73,93,224.215,15.8911
73,96,180.128,10.261
74,0,341.378,0.53844
74,7,115.966,8.97482
74,42,162.693,0
74,53,198.081,15.6168
74,61,94.921,0
74,67,248.084,19.8401
74,70,83.0159,7.10448
74,75,230.934,6.59945
74,76,153.885,3.40415
74,85,186.944,0
74,88,108.167,0
74,98,154.548,0
75,9,195.182,0
75,10,203.07,9.76215
75,21,327.509,26.7998
75,28,318.755,9.64871
75,34,196.01,0
75,41,255.163,0
75,42,94.2677,7.39115
75,45,173.419,10.6315
75,53,224.215,9.87061
75,54,344.878,27.3096
75,61,148.778,5.92852
75,66,308.402,0
75,68,231.249,0
75,71,280.769,13.9075
75,72,320.649,3.82558
75,74,230.934,6.59945
75,76,281.119,1.28931
75,81,366.381,21.9264
75,85,96.7779,8.16302
75,88,271.898,19.5327
75,97,308.312,13.1579
75,98,99.8662,7.44148
76,7,271.809,19.9911
76,21,148.698,12.7249
76,33,203.297,12.7433
76,34,308.289,26.2162
76,42,198.445,16.8378
76,45,414.624,7.23611
76,54,217.862,16.3397
76,61,72.4245,4.36398
76,66,424.028,3.39428
76,67,193.022,12.3384
76,70,145.155,5.11763
76,71,181.547,15.0363
76,74,153.885,3.40415
76,75,281.119,1.28931
76,85,224.179,18.6815
76,87,263.709,16.0053
76,88,96.9588,3.3197
76,97,276.795,23.5307
76,98,186.672,15.2715
77,6,356.569,12.1304
77,9,288.201,0
77,10,270.72,4.43782
77,25,187.032,10.2349
77,28,350.119,20.7165
77,31,436.916,8.53723
77,32,46.6905,0
77,34,420.305,0
77,37,175.426,9.31581
77,41,320.013,3.36033
77,44,210.9,7.91944
77,45,311.95,4.44849
77,62,329.786,17.6671
77,66,382.375,19.5542
77,68,249.816,0
77,72,128.32,5.24947
77,81,259.064,5.0531
77,90,131.175,6.93938
77,92,395.128,1.22701
77,95,369.171,27.5106
78,2,262.534,9.1056
78,13,24.0832,0
78,15,301.225,4.24188
78,16,273.726,18.9195
78,17,322.47,25.4963
78,22,326.496,12.1801
78,23,334.031,27.4662
78,25,202.356,0
78,26,235.916,20.2234
78,31,319.203,23.1616
78,48,119.218,0
78,49,371.774,9.85907
78,51,320.519,12.1409
78,56,236.333,17.3648
78,64,191.49,16.3692
78,65,255.242,4.25924
78,69,351.828,28.6755
78,73,268.549,22.4998
78,83,215.995,17.5589
78,91,169.706,14.1421
78,93,48.2597,0
79,21,240.014,20.1025
79,29,43.2897,0
79,33,72.1803,0
79,54,293.869,23.0695
79,67,144.838,7.66215
79,88,205.526,0
79,94,190.062,13.731
80,6,416.062,0
80,12,364.784,13.443
80,18,247.826,10.6609
80,19,398.751,9.30575
80,20,330.582,25.107
80,23,429.858,1.11936
80,27,50.1199,0
80,31,442.832,0
80,35,160.014,0.509557
80,43,123.793,1.64075
80,46,274.995,15.2594
80,50,178.643,4.48424
80,52,121.918,0
80,57,306.73,20.186
80,58,108.534,3.63716
80,60,81.2158,0
80,62,374.6,1.6973
80,63,414.387,17.6368
80,69,347.918,7.43914
80,73,403.83,12.2497
80,82,328.463,3.3487
80,84,290.689,0
80,92,361.348,3.02626
80,95,359.59,13.0251
80,96,260.354,0
81,6,237.153,14.4626
81,9,336.67,3.47961
81,10,187.249,7.72869
81,25,326.69,25.3444
81,28,91.2095,1.30067
81,31,340.639,17.8631
81,32,248.105,8.52925
81,35,293.86,23.9847
81,37,83.6287,6.69336
81,39,228.103,17.2937
81,41,438.093,3.24845
81,44,224.63,13.1643
81,45,191.964,11.5051
81,52,309.96,24.9507
81,62,82.7345,0
81,66,130.561,8.46973
81,68,317.153,3.13132
81,71,249.467,14.4519
81,72,252.617,3.3482
81,75,366.381,21.9264
81,77,259.064,5.0531
81,82,144.038,10.2776
81,84,299.82,22.2621
81,87,255.52,16.7079
81,90,195.248,12.5396
81,92,197.508,12.8409
81,95,109.097,5.97371
81,97,181.55,13.6774
82,6,332.415,0
82,10,294.994,23.6922
82,20,256.834,21.5113
82,27,355.83,3.67043
82,28,137.8,11.13
82,31,431.356,0
82,35,248.516,0
82,37,217.44,18.5726
82,39,110.495,1.67079
82,43,357.419,0
82,44,346.825,24.8785
82,45,271.717,23.2237
82,46,262.453,21.1424
82,52,218.569,2.06041
82,54,228.946,10.4198
82,57,234.857,20.1382
82,58,375.537,0
82,60,279.034,0
82,62,130.66,11.2081
82,66,179.929,15.3501
82,71,227.286,12.0453
82,80,328.463,3.3487
82,81,144.038,10.2776
82,84,329.83,0
82,86,155.509,2.58543
82,87,151.543,1.66969
82,90,374.826,21.2028
82,92,255.977,0
82,95,31.1127,1.27279
82,96,414.082,0
82,97,148.773,8.80957
83,6,218.525,5.52202
83,13,207.486,17.345
83,17,367.35,19.6795
83,19,344.395,12.8921
83,23,279.534,19.9328
83,25,211.891,16.4228
83,26,322.702,9.18868
83,27,427.27,14.2012
83,31,106.987,4.89529
83,32,407.127,19.3492
83,35,347.509,11.3225
83,37,408.351,11.4522
83,43,346.252,11.1822
83,44,308.205,4.92798
83,48,161.021,12.8176
83,52,423.034,11.6069
83,56,426.716,4.62239
83,62,335.513,17.224
83,64,115.603,0
83,69,226.684,19.4099
83,73,203.788,12.2331
83,78,215.995,17.5589
83,84,201.763,10.7101
83,90,389.155,5.00767
83,91,52.284,3.63773
83,92,258.74,13.8611
83,93,169.592,8.7306
83,96,218.643,9.43452
84,6,144.803,0
84,18,400.508,9.00846
84,19,356.411,12.905
84,23,335.494,14.8398
84,25,346.578,13.0033
84,26,391.073,23.9697
84,27,267.081,0
84,31,152.971,0
84,32,433.689,9.5814
84,35,146.82,0
84,37,348.368,0
84,43,184.27,0.509002
84,44,320.525,0
84,48,398.261,20.1858
84,52,221.82,0
84,58,404.475,0
84,60,320.025,0
84,62,191.112,8.21061
84,64,261.358,0
84,69,278.584,12.3084
84,73,281.006,9.03993
84,80,290.689,0
84,81,299.82,22.2621
84,82,329.83,0
84,83,201.763,10.7101
84,90,368.074,7.96696
84,91,254.49,11.4041
84,92,140.428,0
84,93,383.675,13.4493
84,95,316.667,15.5047
84,96,118.338,0
85,7,284.61,22.4697
85,9,195.384,13.2563
85,10,263.292,20.8166
85,34,80.2611,6.1369
85,41,185.446,13.1581
85,42,26.1725,0
85,45,244.787,20.3037
85,53,133.36,0
85,61,133.454,0
85,66,407.18,17.1706
85,68,231.754,14.4457
85,70,228.87,1.87492
85,71,334.325,28.0298
85,72,342.406,16.2378
85,74,186.944,0
85,75,96.7779,8.16302
85,76,224.179,18.6815
85,88,226.451,0
85,98,33.4215,0
86,20,98.7168,0
86,21,195.969,0
86,28,207.366,14.9997
86,39,59.4138,0
86,46,124.354,0
86,52,326.621,27.0312
86,54,99.925,0
86,57,95.6922,0
86,58,334.771,28.1977
86,60,299.29,25.4528
86,66,202.641,14.8815
86,71,142.144,0
86,82,155.509,2.58543
86,87,50.8035,0
86,95,154.35,0
86,97,173.921,14.7321
87,10,372.25,22.6207
87,20,149.459,0
87,21,168.161,3.80363
87,28,215.976,15.6521
87,39,41.1461,0
87,45,333.102,23.0293
87,46,171.467,0
87,54,62.0322,0
87,57,144.589,0
87,66,215.058,11.6732
87,71,92.0978,0
87,76,263.709,16.0053
87,81,255.52,16.7079
87,82,151.543,1.66969
87,86,50.8035,0
87,95,142.762,0
87,97,157.1,4.78281
88,7,241.868,20.5221
88,21,168.557,9.08084
88,29,199.812,0
88,33,133.54,0
88,42,200.552,0
88,61,93.0054,0
88,67,141.726,11.8928
88,70,70.7107,3.1427
88,71,260.594,17.3259
88,74,108.167,0
88,75,271.898,19.5327
88,76,96.9588,3.3197
88,79,205.526,0
88,85,226.451,0
88,94,409.115,14.0344
88,98,194.435,0
89,2,315.458,11.7478
89,8,170.821,12.7618
89,15,265.66,10.8679
89,16,303.212,25.7692
89,22,235.812,11.1428
89,24,228.544,10.3674
89,40,243.465,14.7766
89,49,179.539,9.99117
89,51,241.428,11.1733
89,55,284.054,16.3399
89,59,38.0789,0
89,65,301.767,13.8895
90,6,231.093,4.74637
90,9,383.005,10.9683
90,10,342.911,1.59218
90,25,123.841,8.10596
90,28,300.623,25.2951
90,31,305.954,0
90,32,68.1442,0.577144
90,37,106.213,6.61836
90,44,80.9938,0
90,45,380.686,1.09385
90,48,218.444,9.78889
90,62,252.994,7.83075
90,66,367.735,24.8304
90,68,347.18,10.8255
90,72,242.009,8.85371
90,77,131.175,6.93938
90,81,195.248,12.5396
90,82,374.826,21.2028
90,83,389.155,5.00767
90,84,368.074,7.96696
90,91,425.043,13.0188
90,92,267.866,0
90,95,302.812,25.1902
91,6,269.733,10.2808
91,13,172.611,14.2788
91,17,299.38,22.7547
91,19,257.942,21.9955
91,23,228.254,19.5646
91,25,192.879,14.7832
91,26,276.816,8.25242
91,31,158.229,9.00471
91,35,410.368,5.50377
91,43,393.432,6.13416
91,44,350.824,10.3361
91,48,183.791,15.3159
91,56,363.089,9.90338
91,62,370.014,24.5844
91,64,78.5778,4.04519
91,65,337.392,26.8691
91,69,224.643,19.0387
91,73,155.569,13.3001
91,78,169.706,14.1421
91,83,52.284,3.63773
91,84,254.49,11.4041
91,90,425.043,13.0188
91,92,305.827,18.5764
91,93,117.767,5.81505
91,96,262.538,4.99383
92,6,76.8375,0
92,10,420.286,9.37987
92,25,272.55,18.0887
92,27,359.572,0.546452
92,28,224.865,15.8526
92,31,173.368,2.68634
92,32,334.168,1.09196
92,35,206.814,0
92,37,207.642,1.26572
92,43,295.743,0
92,44,220.055,0
92,45,387.219,24.7448
92,48,369.349,26.4817
92,52,261.297,0
92,60,366.922,0
92,62,72.9366,4.42194
92,64,366.895,0
92,66,275.908,22.905
92,69,426.463,10.1459
92,72,421.697,14.7217
92,73,408.492,10.7727
92,77,395.128,1.22701
92,80,361.348,3.02626
92,81,197.508,12.8409
92,82,255.977,0
92,83,258.74,13.8611
92,84,140.428,0
92,90,267.866,0
92,91,305.827,18.5764
92,95,195.07,16.3916
92,96,258.588,0
92,97,361.646,28.4231
93,2,294.562,20.7456
93,6,382.244,15.3915
93,13,56.7186,0
93,15,299.086,21.9111
93,16,301.267,25.8415
93,17,314.063,18.2739
93,19,325.745,23.5654
93,22,355.099,23.1786
93,23,286.513,22.1499
93,25,281.668,22.6526
93,26,229.083,15.8818
93,31,279.71,11.8992
93,48,116.103,0
93,49,358.523,26.3808
93,51,345.091,23.7104
93,56,285.042,20.1027
93,64,150.996,9.97991
93,65,243.253,19.5914
93,69,303.524,22.0595
93,73,224.215,15.8911
93,78,48.2597,0
93,83,169.592,8.7306
93,84,383.675,13.4493
93,91,117.767,5.81505
93,96,365.438,12.1794
94,29,148.054,0
94,33,188.776,15.5092
94,67,253.314,0
94,79,190.062,13.731
94,88,409.115,14.0344
95,6,260.093,20.8056
95,10,262.932,19.2995
95,20,245.817,15.2598
95,27,391.037,11.2918
95,28,110.201,9.44576
95,31,377.208,22.7695
95,32,314.747,26.9653
95,35,264.87,11.489
95,37,174.028,12.8223
95,39,103.238,0
95,43,379.221,11.2688
95,44,347.23,20.9324
95,45,241.831,19.9653
95,46,241.961,18.4068
95,52,253.289,9.31735
95,54,222.816,11.7383
95,57,218.003,13.2475
95,58,405.172,11.7497
95,60,309.824,10.8835
95,62,110.387,7.65285
95,66,149.681,12.2184
95,71,211.915,12.6602
95,72,351.36,25.7714
95,77,369.171,27.5106
95,80,359.59,13.0251
95,81,109.097,5.97371
95,82,31.1127,1.27279
95,84,316.667,15.5047
95,86,154.35,0
95,87,142.762,0
95,90,302.812,25.1902
95,92,195.07,16.3916
95,96,413.33,15.4701
95,97,123.263,6.81828
96,6,255.977,0
96,12,348.98,11.1981
96,17,320.474,24.571
96,18,295.682,8.45179
96,19,242.232,11.6626
96,23,229.318,12.1313
96,25,424.803,13.946
96,26,310.282,19.8487
96,27,211.718,3.94493
96,31,222,0
96,35,171.505,3.05386
96,43,131.06,1.07366
96,44,426.807,0
96,50,431.231,0
96,52,244.639,0
96,56,393.785,22.7926
96,58,355.575,9.34713
96,60,312.87,1.89944
96,62,316.731,3.97859
96,64,208.429,3.58409
96,69,164.887,10.3169
96,73,180.128,10.261
96,80,260.354,0
96,82,414.082,0
96,83,218.643,9.43452
96,84,118.338,0
96,91,262.538,4.99383
96,92,258.588,0
96,93,365.438,12.1794
96,95,413.33,15.4701
97,9,305.707,25.3424
97,10,215.15,16.0298
97,20,249.812,12.8046
97,21,193.544,6.14726
97,28,88.3892,6.99505
97,37,277.434,23.7665
97,39,103.49,8.86278
97,45,177.406,14.7839
97,46,254.833,11.6112
97,54,121.589,6.01241
97,57,235.924,12.0763
97,62,281.239,23.5629
97,66,54.3511,4.55731
97,68,330.705,24.9075
97,71,75.5844,0
97,72,380.805,18.8033
97,75,308.312,13.1579
97,76,276.795,23.5307
97,81,181.55,13.6774
97,82,148.773,8.80957
97,86,173.921,14.7321
97,87,157.1,4.78281
97,92,361.646,28.4231
97,95,123.263,6.81828
98,0,295.71,23.5532
98,7,252.271,20.3518
98,9,231.641,18.0057
98,10,280.542,23.6407
98,34,113.167,6.73611
98,41,218.384,18.3412
98,42,8.24621,0
98,45,271.001,22.4942
98,53,128.628,1.98491
98,61,101.71,0
98,68,269.735,19.5781
98,70,195.445,1.86586
98,71,331.812,27.0254
98,72,381.075,22.1952
98,74,154.548,0
98,75,99.8662,7.44148
98,76,186.672,15.2715
98,85,33.4215,0
98,88,194.435,0
99,4,230.054,0
99,5,40.1995,0
99,11,338.12,23.5336
99,14,53.4509,0
99,36,201.406,16.8298
99,38,281.745,20.6406
