0,16,106.998,7.25344
0,21,158.902,0
0,52,211.122,17.1408
0,81,66.2193,0
0,84,106.231,0
1,3,99.925,0
1,4,146.455,0
1,7,193.018,0.984572
1,8,108.122,8.68296
1,18,223.11,19.1289
1,22,136.418,0
1,25,143.59,0
1,27,282.934,13.0386
1,33,186.502,14.5896
1,34,163.267,0
1,43,138.539,0
1,44,135.769,10.7104
1,47,150.559,5.13016
1,48,283.049,14.779
1,50,122.02,9.43314
1,51,224.381,15.2963
1,54,109.165,0
1,59,4,0
1,69,211.999,17.7094
1,72,13.4164,0
1,74,123.483,0
1,77,149.989,12.5843
1,86,243.065,20.4141
1,89,271.018,19.8386
1,91,255.257,16.0439
1,94,114.004,0
1,95,133.582,1.57585
1,98,154.984,0
2,6,184.249,14.5913
2,9,143.113,11.1516
2,12,46.5725,0
2,15,117.393,0
2,16,189.833,14.325
2,18,112.361,0
2,19,67.6617,1.91807
2,23,64.7862,4.3827
2,24,184.002,10.8674
2,26,200.015,14.5443
2,28,109.988,8.89576
2,29,248.397,19.6817
2,37,74.7262,0
2,38,148.946,0
2,39,163.024,13.8988
2,45,141.152,0
2,51,177.858,13.2506
2,52,79.6304,0
2,69,197.315,15.1549
2,76,129.757,0
2,83,165.873,0
2,84,130.096,0
3,1,99.925,0
3,4,79.6116,0
3,8,54.4885,0
3,9,179.256,5.16859
3,11,109.907,4.19778
3,18,169.201,0
3,34,73.8173,0
3,42,172.645,5.81763
3,44,109.091,7.68313
3,47,149.385,11.398
3,50,56.8595,0
3,54,22.0907,0
3,59,96.0469,0
3,69,123.438,0
3,72,109.11,0
3,74,31.7648,0
3,77,88.0909,0
3,94,169.257,0
3,95,211.873,16.2887
3,98,55.5428,0
4,1,146.455,0
4,3,79.6116,0
4,8,133.06,0
4,11,176.281,4.73135
4,34,127,0
4,44,192.58,10.7738
4,50,136.459,0
4,54,97.9898,0
4,59,142.636,0
4,61,110.018,0
4,72,149.255,0
4,74,99.0404,0
4,77,167.41,0
4,94,157.867,0
4,98,89.3588,0
5,10,45.5412,0
5,14,57.2451,0
5,30,168.119,0
5,31,123.709,0
5,35,64.2884,0
5,46,131.187,0
5,62,153.082,0
5,63,147.299,0
5,65,105.688,0
5,68,128.378,0
5,75,146.11,0
5,85,47.8539,0
5,93,113.759,0
5,96,69.1231,0
6,2,184.249,14.5913
6,12,179.875,8.92461
6,15,161.892,0
6,19,145.6,3.32324
6,23,141.195,4.71046
6,24,23.9353,1.86509
6,26,59.0762,0
6,28,164.402,5.38097
6,29,42.19,0
6,37,223.165,16.3188
6,39,82.9423,3.51308
6,45,59.4811,0
6,63,77.0584,0
6,68,133.843,0
6,75,112.539,0
6,76,51.5461,0
6,83,73.5391,0
6,92,114.586,0
7,1,193.018,0.984572
7,8,280.207,16.0884
7,15,229.667,17.4639
7,22,223.157,15.4181
7,25,226.237,16.6332
7,27,154.777,0
7,32,180.865,3.64554
7,33,178.628,8.07805
7,43,234.061,17.1321
7,44,234.957,17.1117
7,47,188.51,13.1334
7,48,90.5367,7.76478
7,51,203.806,11.8375
7,57,233.561,14.5245
7,58,233.758,20.0448
7,59,196.958,2.83558
7,67,201.127,17.2527
7,72,177.984,4.17176
7,77,255.908,19.3533
7,78,227.38,19.4076
7,82,203.381,15.7491
7,86,173.758,14.8963
7,87,158.816,12.7763
7,89,141.969,12.1601
7,91,121.738,9.7651
7,94,237.757,19.5819
7,95,104.805,0
8,1,108.122,8.68296
8,3,54.4885,0
8,4,133.06,0
8,7,280.207,16.0884
8,9,130.787,5.16289
8,11,87.6926,0
8,18,115.966,0
8,21,214.488,18.3692
8,28,203.359,13.8787
8,34,96.5047,4.56331
8,38,200.852,17.0691
8,42,165.078,8.28152
8,44,52.5,4.375
8,47,98.4829,8.34879
8,50,12.8062,0
8,51,169.476,13.5775
8,54,44.5982,0
8,59,105.978,8.66502
8,69,75.3127,0
8,72,120.202,8.95683
8,74,55.7315,0
8,77,34.8855,0
8,95,262.042,13.7496
8,98,92.228,0
9,2,143.113,11.1516
9,3,179.256,5.16859
9,8,130.787,5.16289
9,11,198.995,8.02762
9,12,182.092,10.7851
9,15,124.373,5.05134
9,16,200.95,16.8881
9,18,43.677,3.37156
9,19,135.038,10.9354
9,21,169.817,12.1957
9,23,210.525,16.2782
9,28,123.208,10.5585
9,34,222.829,18.3965
9,37,189.632,9.55691
9,38,127.6,1.01216
9,42,201,13.9221
9,44,114.103,7.87946
9,47,125.57,9.46354
9,50,123.062,4.84095
9,51,109.37,4.30235
9,52,100.663,7.94983
9,54,159.942,4.8195
9,69,55.6985,4.12877
9,74,161.249,4.57108
9,77,96.708,4.8657
9,81,208.785,16.1167
10,5,45.5412,0
10,14,92.7631,0
10,26,164.174,0
10,31,155.081,0
10,35,19.105,0
10,63,129.557,0
10,65,143.694,0
10,68,140.73,0
10,75,153.003,0
10,83,167.943,0
10,85,24.3311,0
10,93,159.201,0
10,96,110.018,0
11,3,109.907,4.19778
11,4,176.281,4.73135
11,8,87.6926,0
11,9,198.995,8.02762
11,16,201.849,14.6321
11,18,180.42,15.4181
11,21,76.3217,0
11,34,42.9418,0
11,38,143.763,6.53948
11,42,60.3738,0
11,44,104.865,2.58081
11,47,148.166,6.54487
11,50,75.0067,0
11,52,243.477,19.5302
11,54,88.1852,4.11576
11,59,172.485,2.01892
11,69,114.599,9.72005
11,74,82.5338,5.00379
11,77,84.5044,0
11,81,168.861,0
11,98,80.9938,0
12,2,46.5725,0
12,6,179.875,8.92461
12,9,182.092,10.7851
12,15,157.69,0
12,16,194.096,12.3556
12,18,158.758,0
12,19,112.02,2.38359
12,23,38.0507,3.2086
12,24,162.171,5.17788
12,26,223.66,19.1584
12,28,154.075,10.3644
12,29,225.861,15.7975
12,37,41.8688,0
12,39,110.706,9.49405
12,45,207.309,17.6763
12,52,106.33,0
12,76,193.752,16.3494
12,83,227.666,19.4288
12,84,118.903,0
13,17,64.195,0
13,36,221.49,18.903
13,48,228.402,19.5931
13,49,38.9102,0
13,55,7.28011,0
13,57,83.4865,0
13,60,73.0616,0
13,64,23.4307,0
13,66,107.987,8.49696
13,67,151.162,0
13,70,64.3506,0
13,71,52.1536,0
13,73,132.061,0
13,78,73.2462,0
13,79,57.9396,0
13,82,102.611,0
13,86,166.364,0
13,88,24.1868,0
13,89,136.894,0
13,91,151.822,0
13,97,107.075,0
14,5,57.2451,0
14,10,92.7631,0
14,30,128.16,0
14,31,149.215,0
14,35,107.713,0
14,46,127.534,0
14,62,142.678,0
14,65,121.165,0
14,80,158.114,0
14,85,79.8812,0
14,93,94.3716,0
14,96,85.703,0
15,2,117.393,0
15,6,161.892,0
15,7,229.667,17.4639
15,9,124.373,5.05134
15,12,157.69,0
15,18,81.1542,0
15,19,80.3143,6.83628
15,23,188.068,14.4012
15,24,171.397,4.53323
15,26,219.384,18.2435
15,27,109.582,6.12768
15,28,44.9738,3.17997
15,32,82.807,0
15,44,152.197,7.25335
15,45,189.753,16.2713
15,47,107.564,0
15,48,195.397,11.2691
15,51,41.8688,0
15,52,186.144,12.1005
15,69,130.392,0
15,76,183.137,15.7065
15,77,141.326,0
15,83,201.25,16.2248
15,87,179.846,12.9059
15,92,138.209,7.98274
16,0,106.998,7.25344
16,2,189.833,14.325
16,9,200.95,16.8881
16,11,201.849,14.6321
16,12,194.096,12.3556
16,18,238.943,20.4809
16,21,111.4,8.21625
16,37,168.649,11.4898
16,38,114.218,8.4757
16,42,137.174,8.4062
16,52,126.575,8.99057
16,69,244.545,20.2849
16,81,54.2693,4.57269
16,84,101.331,8.13763
17,13,64.195,0
17,36,163.133,12.5717
17,41,179.929,15.3501
17,48,188.455,16.1428
17,49,31.3847,0
17,53,185.01,15.8473
17,55,57.0789,0
17,57,118.013,9.3661
17,58,145.014,4.45824
17,60,12.0416,0
17,64,80.0625,0
17,66,66.2602,5.62208
17,67,96.9035,0.597981
17,70,117.047,0
17,71,116.004,0
17,73,74.008,2.73559
17,78,44.0454,0
17,79,18.868,0
17,82,136.36,0
17,87,174.809,14.3162
17,88,54.4059,0
17,89,194.203,16.3867
17,91,187.486,13.7893
17,97,43.9318,0
18,1,223.11,19.1289
18,2,112.361,0
18,3,169.201,0
18,8,115.966,0
18,9,43.677,3.37156
18,11,180.42,15.4181
18,12,158.758,0
18,15,81.1542,0
18,16,238.943,20.4809
18,19,92.0386,7.66989
18,21,209.589,17.1696
18,23,184.84,9.35146
18,27,173.495,6.92729
18,28,75.208,5.6406
18,32,152.069,0
18,34,175.633,5.72242
18,38,169.666,10.0147
18,42,219.359,18.7875
18,44,95.1039,4.75591
18,47,78.0256,0
18,50,112.446,0
18,51,65.4599,0
18,52,123.232,8.2155
18,54,153.574,0
18,59,215.344,18.1674
18,69,65.964,4.74
18,74,158.55,0
18,77,81.2712,0
19,2,67.6617,1.91807
19,6,145.6,3.32324
19,9,135.038,10.9354
19,12,112.02,2.38359
19,15,80.3143,6.83628
19,18,92.0386,7.66989
19,23,142.559,12.1549
19,24,197.075,16.6537
19,26,167.782,3.13598
19,27,186.734,13.8473
19,28,42.19,0
19,32,157.114,8.5793
19,37,142.373,2.00178
19,38,238.273,17.0332
19,39,238.394,18.6717
19,44,189.731,14.8344
19,45,164.179,11.8237
19,47,162.177,11.7119
19,51,113,9.69375
19,52,113.425,3.21536
19,69,153.144,11.589
19,76,131.117,3.08123
19,77,175.69,11.0574
19,83,200.345,15.5828
19,92,191.487,16.252
20,30,134.004,0
20,36,125.925,0
20,40,82.9699,0
20,41,152.322,0
20,53,57.9741,0
20,56,30.6105,0
20,62,150.083,0
20,66,164.426,10.7197
20,79,212.648,16.1261
20,80,103.74,0
20,90,92.0489,0
20,99,150.333,0
21,0,158.902,0
21,8,214.488,18.3692
21,9,169.817,12.1957
21,11,76.3217,0
21,16,111.4,8.21625
21,18,209.589,17.1696
21,34,114.739,0
21,38,40.1123,0
21,42,29.7321,0
21,44,210.765,18.0283
21,50,203.643,17.4193
21,52,108.559,0
21,54,163.709,4.30478
21,69,163.75,12.939
21,74,158.832,5.53584
21,77,190.584,16.3274
21,81,92.7631,0
21,84,200.75,14.2199
21,98,153.444,0
22,1,136.418,0
22,7,223.157,15.4181
22,25,7.2111,0
22,33,37.1214,0
22,43,12.2066,0
22,48,196.289,14.4935
22,57,150.526,0
22,59,138.311,0
22,72,123.004,0
22,82,122.037,0
22,86,56.7186,0
22,89,100.24,0
22,91,100.767,0
22,94,62.3939,0
22,95,135.008,11.4518
23,2,64.7862,4.3827
23,6,141.195,4.71046
23,9,210.525,16.2782
23,12,38.0507,3.2086
23,15,188.068,14.4012
23,18,184.84,9.35146
23,19,142.559,12.1549
23,24,124.064,0
23,26,186.677,15.9937
23,28,180.618,15.3703
23,29,188.387,12.7147
23,37,83.196,6.38566
23,39,88.0115,7.38145
23,45,172.58,14.647
23,52,134.609,4.04276
23,63,224.005,19.0266
23,76,161.57,13.2467
23,83,194.29,16.6286
23,84,158.161,6.16688
23,92,235.711,20.0402
24,2,184.002,10.8674
24,6,23.9353,1.86509
24,12,162.171,5.17788
24,15,171.397,4.53323
24,19,197.075,16.6537
24,23,124.064,0
24,26,81.1512,3.19228
24,28,210.585,18.0647
24,29,65.097,4.78778
24,37,200.475,14.3283
24,39,63.9778,1.46915
24,45,77.9358,2.78637
24,63,102.055,4.83779
24,68,156.093,3.55734
24,75,134.872,3.68533
24,76,68.3453,2.58884
24,83,95.8511,3.63072
24,92,132.347,3.15932
25,1,143.59,0
25,7,226.237,16.6332
25,22,7.2111,0
25,33,41.1096,0
25,43,14.0357,0
25,48,198.679,14.5663
25,57,148.762,0
25,59,145.499,0
25,72,130.177,0
25,82,118.038,0
25,86,54.1202,0
25,89,99.8599,0
25,91,101.833,0
25,94,67.2681,0
25,95,142.185,12.1382
26,2,200.015,14.5443
26,6,59.0762,0
26,10,164.174,0
26,12,223.66,19.1584
26,15,219.384,18.2435
26,19,167.782,3.13598
26,23,186.677,15.9937
26,24,81.1512,3.19228
26,28,219.854,17.7849
26,29,56.5155,0
26,31,140.759,0
26,35,168.861,0
26,39,134.594,10.9031
26,45,29.7321,0
26,63,45.607,0
26,65,164.502,0
26,68,75.0733,0
26,75,54.8179,0
26,76,36.6742,0
26,83,19.2354,0
26,92,74.4312,0
26,96,166.94,0
27,1,282.934,13.0386
27,7,154.777,0
27,15,109.582,6.12768
27,18,173.495,6.92729
27,19,186.734,13.8473
27,28,155.195,9.68066
27,32,27.3724,2.28104
27,44,297.258,14.9862
27,47,243.251,8.83866
27,48,106.655,9.14935
27,51,109.022,6.6979
27,57,281.787,16.2922
27,58,148.521,12.7411
27,59,286.815,14.0241
27,67,193.3,5.15076
27,72,273.642,15.9566
27,73,249.07,18.8592
27,78,255.096,18.1902
27,87,112.626,0.536212
27,89,188.617,14.6425
27,91,178.005,15.0691
27,92,140.478,4.18793
27,95,258.805,0
27,97,266.834,16.8807
28,2,109.988,8.89576
28,6,164.402,5.38097
28,8,203.359,13.8787
28,9,123.208,10.5585
28,12,154.075,10.3644
28,15,44.9738,3.17997
28,18,75.208,5.6406
28,19,42.19,0
28,23,180.618,15.3703
28,24,210.585,18.0647
28,26,219.854,17.7849
28,27,155.195,9.68066
28,32,127.758,3.79939
28,37,184.791,10.7629
28,38,260.156,13.9369
28,44,164.878,11.9311
28,45,195.328,16.731
28,47,127.286,6.00065
28,50,181.862,6.66365
28,51,72.0414,5.07071
28,52,142.509,9.19968
28,69,142.149,10.6612
28,76,172.238,13.9255
28,77,149.969,6.51217
28,83,224.211,19.1143
28,92,177.561,14.0335
29,2,248.397,19.6817
29,6,42.19,0
29,12,225.861,15.7975
29,23,188.387,12.7147
29,24,65.097,4.78778
29,26,56.5155,0
29,35,168.428,0
29,39,76.0686,4.66658
29,45,75.5381,0
29,63,45.1885,0
29,68,125.642,0
29,75,108.688,0
29,76,73.7631,0
29,83,75.71,0
29,92,129.097,0
30,5,168.119,0
30,14,128.16,0
30,20,134.004,0
30,31,164.924,0
30,36,143.003,0
30,40,57.9396,0
30,41,138.539,0
30,46,97.6217,0
30,53,131.095,0
30,56,111.463,0
30,62,85.7088,0
30,65,134.082,0
30,80,46.0977,0
30,90,42.19,0
30,93,68.884,0
30,96,130.668,0
31,5,123.709,0
31,10,155.081,0
31,14,149.215,0
31,26,140.759,0
31,30,164.924,0
31,36,132.853,0
31,40,167.8,0
31,41,98.3514,0
31,45,145.962,0
31,46,69.3542,0
31,58,102.942,0
31,62,90.6973,0
31,63,152.201,0
31,65,33.1361,0
31,67,146.485,0
31,68,65.7647,0
31,73,139.442,0
31,75,86.8332,0
31,76,157.436,0
31,80,150.083,0
31,83,126.036,0
31,85,168.648,0
31,87,188.703,9.7383
31,92,112.379,0
31,93,99.3227,0
31,96,63.5138,0
31,97,165.387,0
32,7,180.865,3.64554
32,15,82.807,0
32,18,152.069,0
32,19,157.114,8.5793
32,27,27.3724,2.28104
32,28,127.758,3.79939
32,45,158.928,0
32,47,191.753,16.4498
32,48,135.931,11.4752
32,51,87.9204,0
32,58,128.056,9.89545
32,67,159.278,13.3619
32,73,197.526,14.4707
32,75,163.404,0
32,76,185.742,10.7256
32,78,252.071,21.006
32,83,168.345,0
32,87,97.7916,7.95638
32,89,213.313,16.8711
32,91,207.019,17.713
32,92,114.237,0
32,95,283.41,3.94523
32,97,237.125,20.259
33,1,186.502,14.5896
33,7,178.628,8.07805
33,22,37.1214,0
33,25,41.1096,0
33,43,48.2597,0
33,48,151.281,11.1662
33,57,126.775,0
33,59,174.188,14.9241
33,72,145.156,12.3412
33,82,111,0
33,86,45.793,0
33,89,72.5672,0
33,91,68,0
33,94,83.1685,0
33,95,109.778,5.2984
34,1,163.267,0
34,3,73.8173,0
34,4,127,0
34,8,96.5047,4.56331
34,9,222.829,18.3965
34,11,42.9418,0
34,18,175.633,5.72242
34,21,114.739,0
34,38,183.952,15.3743
34,42,92.2659,0
34,44,136.022,9.68626
34,47,188.039,14.7854
34,50,89.3122,5.45346
34,54,55.9017,0
34,59,159.85,0
34,69,109.59,0
34,74,42.5206,0
34,77,117.381,7.38764
34,98,38.833,0
35,5,64.2884,0
35,10,19.105,0
35,14,107.713,0
35,26,168.861,0
35,29,168.428,0
35,63,130.729,0
35,65,162.237,0
35,68,153.264,0
35,75,163.527,0
35,85,30.0167,0
35,96,129,0
36,13,221.49,18.903
36,17,163.133,12.5717
36,20,125.925,0
36,30,143.003,0
36,31,132.853,0
36,40,98.9798,0
36,41,34.5398,0
36,46,97.6729,0
36,49,182.508,15.209
36,53,68.9638,0
36,55,213.433,18.2694
36,56,100.17,0
36,58,120.154,0
36,60,161.22,12.3744
36,62,79.8499,0
36,64,236.154,20.2535
36,65,128.561,0
36,66,125.659,9.63111
36,67,118.017,0
36,73,66.2873,0
36,78,177.829,14.4512
36,79,160.543,12.6725
36,80,98.6154,0
36,87,197.237,13.4702
36,88,208.374,17.6256
36,90,126.531,0
36,93,128.86,0
36,96,160.2,0
36,97,99.2088,6.71791
37,2,74.7262,0
37,6,223.165,16.3188
37,9,189.632,9.55691
37,12,41.8688,0
37,16,168.649,11.4898
37,19,142.373,2.00178
37,23,83.196,6.38566
37,24,200.475,14.3283
37,28,184.791,10.7629
37,39,106,0
37,52,101.02,0
37,84,81.6149,0
38,2,148.946,0
38,8,200.852,17.0691
38,9,127.6,1.01216
38,11,143.763,6.53948
38,16,114.218,8.4757
38,18,169.666,10.0147
38,19,238.273,17.0332
38,21,40.1123,0
38,28,260.156,13.9369
38,34,183.952,15.3743
38,42,62.9365,0
38,44,193.334,15.8459
38,47,207.378,17.7817
38,50,191.952,15.7052
38,51,224.725,19.1636
38,52,79.3095,0
38,54,226.732,18.6643
38,69,136.408,5.16697
38,74,223.337,18.0387
38,77,171.946,14.0674
38,81,110.454,0
38,84,186.817,12.8723
38,98,227.998,19.5588
39,2,163.024,13.8988
39,6,82.9423,3.51308
39,12,110.706,9.49405
39,19,238.394,18.6717
39,23,88.0115,7.38145
39,24,63.9778,1.46915
39,26,134.594,10.9031
39,29,76.0686,4.66658
39,37,106,0
39,45,142.275,12.0247
39,63,123.094,5.98372
39,75,189.797,12.7824
39,76,133.046,11.3688
39,83,153.769,12.3046
39,92,195.743,14.0655
40,20,82.9699,0
40,30,57.9396,0
40,31,167.8,0
40,36,98.9798,0
40,41,107.005,0
40,46,100.005,0
40,53,73.3553,0
40,56,56.0803,0
40,62,77.1038,0
40,65,143.684,0
40,66,186.743,12.2537
40,73,164.976,0
40,80,21.0238,0
40,90,27.7308,0
40,93,94.8472,0
40,96,155.039,0
41,17,179.929,15.3501
41,20,152.322,0
41,30,138.539,0
41,31,98.3514,0
41,36,34.5398,0
41,40,107.005,0
41,46,71.1126,0
41,49,206.369,17.6916
41,53,98.4124,0
41,56,123.891,0
41,58,98.9949,0
41,60,164.409,14.0121
41,62,60.1082,0
41,65,96.0052,0
41,66,160.242,13.5893
41,67,110.368,0
41,68,160.262,0
41,73,68.7677,0
41,78,149.164,0
41,79,186.106,15.8575
41,80,99.6393,0
41,87,184.315,12.7468
41,88,235.118,20.1352
41,90,132.458,0
41,93,108.231,0
41,96,129.711,0
41,97,92.1954,0
42,3,172.645,5.81763
42,8,165.078,8.28152
42,9,201,13.9221
42,11,60.3738,0
42,16,137.174,8.4062
42,18,219.359,18.7875
42,21,29.7321,0
42,34,92.2659,0
42,38,62.9365,0
42,44,209.676,17.9425
42,50,152.258,8.15666
42,52,137.306,0
42,54,150.304,5.36684
42,69,175.209,13.7205
42,74,140.275,5.20793
42,77,187.561,16.0393
42,81,113.018,0
42,98,130.004,0
43,1,138.539,0
43,7,234.061,17.1321
43,22,12.2066,0
43,25,14.0357,0
43,33,48.2597,0
43,57,162.25,0
43,59,140.118,0
43,72,125.16,0
43,82,132.061,0
43,86,67.9117,0
43,89,112.379,0
43,91,112.929,0
43,94,53.8516,0
43,95,138.569,11.8669
44,1,135.769,10.7104
44,3,109.091,7.68313
44,4,192.58,10.7738
44,7,234.957,17.1117
44,8,52.5,4.375
44,9,114.103,7.87946
44,11,104.865,2.58081
44,15,152.197,7.25335
44,18,95.1039,4.75591
44,19,189.731,14.8344
44,21,210.765,18.0283
44,27,297.258,14.9862
44,28,164.878,11.9311
44,34,136.022,9.68626
44,38,193.334,15.8459
44,42,209.676,17.9425
44,47,52.0201,4.44616
44,50,49.1451,3.99377
44,51,115.338,7.53318
44,54,92.2086,5.59035
44,59,112.908,9.28149
44,69,61.0237,2.75163
44,72,164.329,11.5788
44,74,99.9518,5.07318
44,77,22.129,1.89832
44,95,268.965,7.91004
44,98,135.819,5.21501
45,2,141.152,0
45,6,59.4811,0
45,12,207.309,17.6763
45,15,189.753,16.2713
45,19,164.179,11.8237
45,23,172.58,14.647
45,24,77.9358,2.78637
45,26,29.7321,0
45,28,195.328,16.731
45,29,75.5381,0
45,31,145.962,0
45,32,158.928,0
45,39,142.275,12.0247
45,58,166.433,0
45,63,75.0733,0
45,68,83.5703,0
45,75,60.5392,0
45,76,11.7047,0
45,83,25.02,0
45,92,55.7853,0
46,5,131.187,0
46,14,127.534,0
46,30,97.6217,0
46,31,69.3542,0
46,36,97.6729,0
46,40,100.005,0
46,41,71.1126,0
46,53,136.616,0
46,56,144.506,0
46,58,138.351,0
46,62,25.0599,0
46,65,43.8634,0
46,67,167.631,0
46,68,132.88,0
46,73,137.004,0
46,75,155.081,0
46,80,81.2712,0
46,90,114.061,0
46,93,41.6773,0
46,96,64.7765,0
46,97,161.978,0
47,1,150.559,5.13016
47,3,149.385,11.398
47,7,188.51,13.1334
47,8,98.4829,8.34879
47,9,125.57,9.46354
47,11,148.166,6.54487
47,15,107.564,0
47,18,78.0256,0
47,19,162.177,11.7119
47,27,243.251,8.83866
47,28,127.286,6.00065
47,32,191.753,16.4498
47,34,188.039,14.7854
47,38,207.378,17.7817
47,44,52.0201,4.44616
47,50,101.969,8.74285
47,51,66.2193,0
47,54,142.169,11.0923
47,59,147.34,6.47868
47,69,73.5935,0
47,72,171.01,6.29069
47,74,153.361,11.5468
47,77,68.7368,5.88837
47,95,240.377,2.66804
47,98,189.658,12.4013
48,1,283.049,14.779
48,7,90.5367,7.76478
48,13,228.402,19.5931
48,15,195.397,11.2691
48,17,188.455,16.1428
48,22,196.289,14.4935
48,25,198.679,14.5663
48,27,106.655,9.14935
48,32,135.931,11.4752
48,33,151.281,11.1662
48,49,210.417,17.6236
48,51,233.123,19.5791
48,55,219.589,18.7498
48,57,144.781,10.4694
48,58,170.398,14.6105
48,59,287.047,15.8996
48,60,166.2,13.8208
48,67,146.526,8.26555
48,72,263.224,16.6451
48,73,191.422,16.2784
48,78,147.235,11.7184
48,79,213.672,18.296
48,82,129.248,0
48,86,122.43,0
48,87,68.0072,4.30728
48,89,76.6551,0
48,91,62.6259,0
48,95,171.304,11.8894
48,97,163.051,13.8001
49,13,38.9102,0
49,17,31.3847,0
49,36,182.508,15.209
49,41,206.369,17.6916
49,48,210.417,17.6236
49,53,180.066,14.9713
49,55,31.7648,0
49,57,111.385,6.35006
49,58,175.337,4.05721
49,60,42.9418,0
49,64,50.01,0
49,66,67.8823,5.78542
49,67,126.57,0
49,70,85.703,0
49,71,87.9659,0
49,73,117.037,7.70748
49,78,62.1691,0
49,79,19.4165,0
49,82,130.587,0
49,87,207.309,16.3178
49,88,23.3452,0
49,89,170.183,8.31355
49,91,221.421,18.7919
49,97,75,0
50,1,122.02,9.43314
50,3,56.8595,0
50,4,136.459,0
50,8,12.8062,0
50,9,123.062,4.84095
50,11,75.0067,0
50,18,112.446,0
50,21,203.643,17.4193
50,28,181.862,6.66365
50,34,89.3122,5.45346
50,38,191.952,15.7052
50,42,152.258,8.15666
50,44,49.1451,3.99377
50,47,101.969,8.74285
50,51,156.785,9.43065
50,54,42.2019,0
50,59,118.655,9.17301
50,69,67.6757,0
50,72,134.228,9.63979
50,74,50.6952,0
50,77,31.8904,0
50,95,280.014,15.8448
50,98,86.6833,0
51,1,224.381,15.2963
51,2,177.858,13.2506
51,7,203.806,11.8375
51,8,169.476,13.5775
51,9,109.37,4.30235
51,15,41.8688,0
51,18,65.4599,0
51,19,113,9.69375
51,27,109.022,6.6979
51,28,72.0414,5.07071
51,32,87.9204,0
51,38,224.725,19.1636
51,44,115.338,7.53318
51,47,66.2193,0
51,48,233.123,19.5791
51,50,156.785,9.43065
51,52,172.481,5.12938
51,59,225.092,15.8303
51,69,102.825,0
51,72,235.508,16.7125
51,77,104.403,0
51,87,218.459,18.5693
51,92,156.525,0
51,95,237.047,18.5136
52,0,211.122,17.1408
52,2,79.6304,0
52,9,100.663,7.94983
52,11,243.477,19.5302
52,12,106.33,0
52,15,186.144,12.1005
52,16,126.575,8.99057
52,18,123.232,8.2155
52,19,113.425,3.21536
52,21,108.559,0
52,23,134.609,4.04276
52,28,142.509,9.19968
52,37,101.02,0
52,38,79.3095,0
52,42,137.306,0
52,51,172.481,5.12938
52,69,150.428,11.4949
52,77,192.179,12.2336
52,81,176.154,14.5378
52,84,94.5939,0
53,17,185.01,15.8473
53,20,57.9741,0
53,30,131.095,0
53,36,68.9638,0
53,40,73.3553,0
53,41,98.4124,0
53,46,136.616,0
53,49,180.066,14.9713
53,55,180.952,7.54136
53,56,38.0789,0
53,60,203.96,17.1543
53,62,112.089,0
53,64,167.92,0
53,66,119.546,9.92977
53,73,141.962,6.69249
53,79,171.871,14.7414
53,80,87.6413,0
53,88,156.005,4.44025
53,90,97.0052,0
53,93,151.119,0
53,97,186.084,15.9471
54,1,109.165,0
54,3,22.0907,0
54,4,97.9898,0
54,8,44.5982,0
54,9,159.942,4.8195
54,11,88.1852,4.11576
54,18,153.574,0
54,21,163.709,4.30478
54,34,55.9017,0
54,38,226.732,18.6643
54,42,150.304,5.36684
54,44,92.2086,5.59035
54,47,142.169,11.0923
54,50,42.2019,0
54,59,105.551,0
54,69,105.152,0
54,72,119.954,0
54,74,14.3178,0
54,77,74.027,0
54,98,49,0
55,13,7.28011,0
55,17,57.0789,0
55,36,213.433,18.2694
55,48,219.589,18.7498
55,49,31.7648,0
55,53,180.952,7.54136
55,57,83.4326,0
55,60,66.1891,0
55,64,27.2029,0
55,66,100.525,8.0729
55,67,145.248,0
55,70,68.2495,0
55,71,59.0339,0
55,73,125.016,0
55,78,68.6003,0
55,79,50.6952,0
55,82,106.32,0
55,86,168.962,0
55,88,19.6469,0
55,89,137.612,0
55,91,160.095,3.90664
55,97,100.18,0
56,20,30.6105,0
56,30,111.463,0
56,36,100.17,0
56,40,56.0803,0
56,41,123.891,0
56,46,144.506,0
56,53,38.0789,0
56,62,119.541,0
56,66,157.807,11.639
56,73,162.444,0
56,79,209.855,17.2537
56,80,75.9539,0
56,90,71.4703,0
56,93,148.368,0
57,7,233.561,14.5245
57,13,83.4865,0
57,17,118.013,9.3661
57,22,150.526,0
57,25,148.762,0
57,27,281.787,16.2922
57,33,126.775,0
57,43,162.25,0
57,48,144.781,10.4694
57,49,111.385,6.35006
57,55,83.4326,0
57,58,198.876,12.5641
57,60,118.06,9.80498
57,64,105.702,0
57,66,178.38,14.6738
57,67,147.705,10.6985
57,70,143.892,0
57,71,114.586,0
57,73,156.788,9.5056
57,78,82.3836,6.5774
57,79,125.333,8.59203
57,82,54.231,0
57,86,94.9368,0
57,87,245.723,3.77248
57,88,101.119,0
57,89,55.0091,0
57,91,72.5566,1.94741
57,95,196.966,16.0064
57,97,135.702,9.92924
58,7,233.758,20.0448
58,17,145.014,4.45824
58,27,148.521,12.7411
58,31,102.942,0
58,32,128.056,9.89545
58,36,120.154,0
58,41,98.9949,0
58,45,166.433,0
58,46,138.351,0
58,48,170.398,14.6105
58,49,175.337,4.05721
58,57,198.876,12.5641
58,60,134.81,4.81974
58,62,143.753,0
58,65,128.55,0
58,66,209.795,17.818
58,67,48.5077,0
58,68,127.577,0
58,73,74.8131,0
58,75,133.015,0
58,78,129.035,0
58,79,170.603,8.60448
58,83,160.431,0
58,87,99.0846,8.00298
58,92,111.086,0
58,96,164.794,0
58,97,102.074,4.40986
59,1,4,0
59,3,96.0469,0
59,4,142.636,0
59,7,196.958,2.83558
59,8,105.978,8.66502
59,11,172.485,2.01892
59,18,215.344,18.1674
59,22,138.311,0
59,25,145.499,0
59,27,286.815,14.0241
59,33,174.188,14.9241
59,34,159.85,0
59,43,140.118,0
59,44,112.908,9.28149
59,47,147.34,6.47868
59,48,287.047,15.8996
59,50,118.655,9.17301
59,51,225.092,15.8303
59,54,105.551,0
59,69,174.87,12.9765
59,72,15.6205,0
59,74,119.867,0
59,77,140.119,12.0203
59,86,242.09,20.6277
59,91,256.436,17.3424
59,94,114.11,0
59,95,132.165,5.00627
59,98,151.169,0
60,13,73.0616,0
60,17,12.0416,0
60,36,161.22,12.3744
60,41,164.409,14.0121
60,48,166.2,13.8208
60,49,42.9418,0
60,53,203.96,17.1543
60,55,66.1891,0
60,57,118.06,9.80498
60,58,134.81,4.81974
60,64,90.471,0
60,66,78.3463,6.6331
60,67,83.7616,0
60,70,128.316,0
60,71,125.196,0
60,73,59.4138,0
60,78,37.6431,0
60,79,30.6105,0
60,82,136.473,0
60,87,162.441,13.6075
60,88,65.5515,0
60,89,170.234,12.2282
60,91,181.427,13.6953
60,97,34.0147,0
61,4,110.018,0
61,94,148.223,0
62,5,153.082,0
62,14,142.678,0
62,20,150.083,0
62,30,85.7088,0
62,31,90.6973,0
62,36,79.8499,0
62,40,77.1038,0
62,41,60.1082,0
62,46,25.0599,0
62,53,112.089,0
62,56,119.541,0
62,58,143.753,0
62,65,68.4105,0
62,66,203.959,16.1669
62,67,166.373,0
62,68,155.708,0
62,73,128.818,0
62,80,60.0083,0
62,90,94.2444,0
62,93,49.2443,0
62,96,88.7694,0
62,97,152.161,0
63,5,147.299,0
63,6,77.0584,0
63,10,129.557,0
63,23,224.005,19.0266
63,24,102.055,4.83779
63,26,45.607,0
63,29,45.1885,0
63,31,152.201,0
63,35,130.729,0
63,39,123.094,5.98372
63,45,75.0733,0
63,65,168.372,0
63,68,90.4434,0
63,75,79.2275,0
63,76,80.1561,0
63,83,60.4152,0
63,85,153.834,0
63,92,115.741,0
63,96,160.415,0
64,13,23.4307,0
64,17,80.0625,0
64,36,236.154,20.2535
64,49,50.01,0
64,53,167.92,0
64,55,27.2029,0
64,57,105.702,0
64,60,90.471,0
64,66,109.318,7.85087
64,70,41.1096,0
64,71,39.5601,0
64,73,162.733,6.76517
64,78,95.8019,0
64,79,69.0652,0
64,82,118.271,0
64,88,27.1662,0
64,89,157.965,0
64,97,123.968,0
65,5,105.688,0
65,10,143.694,0
65,14,121.165,0
65,26,164.502,0
65,30,134.082,0
65,31,33.1361,0
65,35,162.237,0
65,36,128.561,0
65,40,143.684,0
65,41,96.0052,0
65,46,43.8634,0
65,58,128.55,0
65,62,68.4105,0
65,63,168.372,0
65,67,167.738,0
65,68,90.4268,0
65,73,150.632,0
65,75,113.146,0
65,80,124.471,0
65,83,151.819,0
65,85,153.075,0
65,90,156.16,0
65,92,144.392,0
65,93,66.9104,0
65,96,37.7359,0
66,13,107.987,8.49696
66,17,66.2602,5.62208
66,20,164.426,10.7197
66,36,125.659,9.63111
66,40,186.743,12.2537
66,41,160.242,13.5893
66,49,67.8823,5.78542
66,53,119.546,9.92977
66,55,100.525,8.0729
66,56,157.807,11.639
66,57,178.38,14.6738
66,58,209.795,17.818
66,60,78.3463,6.6331
66,62,203.959,16.1669
66,64,109.318,7.85087
66,67,181.911,15.4476
66,70,132.127,7.58623
66,71,148.863,8.56318
66,73,135.465,7.96629
66,78,110.25,8.04068
66,79,52.1902,3.79078
66,80,199.047,13.7393
66,87,255.468,20.8374
66,88,84.46,7.0685
66,97,115.952,6.3961
67,7,201.127,17.2527
67,13,151.162,0
67,17,96.9035,0.597981
67,27,193.3,5.15076
67,31,146.485,0
67,32,159.278,13.3619
67,36,118.017,0
67,41,110.368,0
67,46,167.631,0
67,48,146.526,8.26555
67,49,126.57,0
67,55,145.248,0
67,57,147.705,10.6985
67,58,48.5077,0
67,60,83.7616,0
67,62,166.373,0
67,65,167.738,0
67,66,181.911,15.4476
67,73,64.3426,4.14305
67,78,81.6149,0
67,79,122.136,4.10263
67,87,84.0003,3.36912
67,88,148.529,0
67,89,227.562,17.2794
67,91,214.178,16.8911
67,92,154.496,0
67,97,66.5925,3.78496
68,5,128.378,0
68,6,133.843,0
68,10,140.73,0
68,24,156.093,3.55734
68,26,75.0733,0
68,29,125.642,0
68,31,65.7647,0
68,35,153.264,0
68,41,160.262,0
68,45,83.5703,0
68,46,132.88,0
68,58,127.577,0
68,62,155.708,0
68,63,90.4434,0
68,65,90.4268,0
68,75,23.0868,0
68,76,95.2733,0
68,83,61.4003,0
68,85,161.335,0
68,92,68.352,0
68,93,155.081,0
68,96,99.7246,0
69,1,211.999,17.7094
69,2,197.315,15.1549
69,3,123.438,0
69,8,75.3127,0
69,9,55.6985,4.12877
69,11,114.599,9.72005
69,15,130.392,0
69,16,244.545,20.2849
69,18,65.964,4.74
69,19,153.144,11.589
69,21,163.75,12.939
69,28,142.149,10.6612
69,34,109.59,0
69,38,136.408,5.16697
69,42,175.209,13.7205
69,44,61.0237,2.75163
69,47,73.5935,0
69,50,67.6757,0
69,51,102.825,0
69,52,150.428,11.4949
69,54,105.152,0
69,59,174.87,12.9765
69,72,235.063,19.3465
69,74,107.935,0
69,77,43.0465,0
69,98,137.644,0
70,13,64.3506,0
70,17,117.047,0
70,49,85.703,0
70,55,68.2495,0
70,57,143.892,0
70,60,128.316,0
70,64,41.1096,0
70,66,132.127,7.58623
70,71,41.4367,0
70,78,136.821,0
70,79,102.84,0
70,82,146.813,0
70,88,62.7694,0
70,97,161.705,0.521585
70,99,150.213,0
71,13,52.1536,0
71,17,116.004,0
71,49,87.9659,0
71,55,59.0339,0
71,57,114.586,0
71,60,125.196,0
71,64,39.5601,0
71,66,148.863,8.56318
71,70,41.4367,0
71,78,121.84,0
71,79,107.355,0
71,82,107.968,0
71,88,66.2193,0
71,89,159.512,0
71,97,159.201,0
72,1,13.4164,0
72,3,109.11,0
72,4,149.255,0
72,7,177.984,4.17176
72,8,120.202,8.95683
72,22,123.004,0
72,25,130.177,0
72,27,273.642,15.9566
72,33,145.156,12.3412
72,43,125.16,0
72,44,164.329,11.5788
72,47,171.01,6.29069
72,48,263.224,16.6451
72,50,134.228,9.63979
72,51,235.508,16.7125
72,54,119.954,0
72,59,15.6205,0
72,69,235.063,19.3465
72,74,134.239,0
72,77,167.899,14.2184
72,86,221.667,18.7894
72,89,239.76,19.6177
72,91,223.136,17.1547
72,94,102.122,0
72,95,102.416,5.48658
72,98,164.56,0
73,13,132.061,0
73,17,74.008,2.73559
73,27,249.07,18.8592
73,31,139.442,0
73,32,197.526,14.4707
73,36,66.2873,0
73,40,164.976,0
73,41,68.7677,0
73,46,137.004,0
73,48,191.422,16.2784
73,49,117.037,7.70748
73,53,141.962,6.69249
73,55,125.016,0
73,56,162.444,0
73,57,156.788,9.5056
73,58,74.8131,0
73,60,59.4138,0
73,62,128.818,0
73,64,162.733,6.76517
73,65,150.632,0
73,66,135.465,7.96629
73,67,64.3426,4.14305
73,78,82.1523,0
73,79,108.488,9.18503
73,80,162.693,0
73,87,148.292,12.5072
73,88,140.388,8.07567
73,97,26.2488,0
74,1,123.483,0
74,3,31.7648,0
74,4,99.0404,0
74,8,55.7315,0
74,9,161.249,4.57108
74,11,82.5338,5.00379
74,18,158.55,0
74,21,158.832,5.53584
74,34,42.5206,0
74,38,223.337,18.0387
74,42,140.275,5.20793
74,44,99.9518,5.07318
74,47,153.361,11.5468
74,50,50.6952,0
74,54,14.3178,0
74,59,119.867,0
74,69,107.935,0
74,72,134.239,0
74,77,81.4923,0
74,98,36.4966,0
75,5,146.11,0
75,6,112.539,0
75,10,153.003,0
75,24,134.872,3.68533
75,26,54.8179,0
75,29,108.688,0
75,31,86.8332,0
75,32,163.404,0
75,35,163.527,0
75,39,189.797,12.7824
75,45,60.5392,0
75,46,155.081,0
75,58,133.015,0
75,63,79.2275,0
75,65,113.146,0
75,68,23.0868,0
75,76,72.2357,0
75,83,39.2046,0
75,92,52.2015,0
75,96,122.483,0
76,2,129.757,0
76,6,51.5461,0
76,12,193.752,16.3494
76,15,183.137,15.7065
76,19,131.117,3.08123
76,23,161.57,13.2467
76,24,68.3453,2.58884
76,26,36.6742,0
76,28,172.238,13.9255
76,29,73.7631,0
76,31,157.436,0
76,32,185.742,10.7256
76,39,133.046,11.3688
76,45,11.7047,0
76,63,80.1561,0
76,68,95.2733,0
76,75,72.2357,0
76,83,36.1248,0
76,92,63.1585,0
77,1,149.989,12.5843
77,3,88.0909,0
77,4,167.41,0
77,7,255.908,19.3533
77,8,34.8855,0
77,9,96.708,4.8657
77,11,84.5044,0
77,15,141.326,0
77,18,81.2712,0
77,19,175.69,11.0574
77,21,190.584,16.3274
77,28,149.969,6.51217
77,34,117.381,7.38764
77,38,171.946,14.0674
77,42,187.561,16.0393
77,44,22.129,1.89832
77,47,68.7368,5.88837
77,50,31.8904,0
77,51,104.403,0
77,52,192.179,12.2336
77,54,74.027,0
77,59,140.119,12.0203
77,69,43.0465,0
77,72,167.899,14.2184
77,74,81.4923,0
77,95,292.853,10.5168
77,98,116.469,0
78,7,227.38,19.4076
78,13,73.2462,0
78,17,44.0454,0
78,27,255.096,18.1902
78,32,252.071,21.006
78,36,177.829,14.4512
78,41,149.164,0
78,48,147.235,11.7184
78,49,62.1691,0
78,55,68.6003,0
78,57,82.3836,6.5774
78,58,129.035,0
78,60,37.6431,0
78,64,95.8019,0
78,66,110.25,8.04068
78,67,81.6149,0
78,70,136.821,0
78,71,121.84,0
78,73,82.1523,0
78,79,60.531,0
78,82,134.164,10.5999
78,86,188.009,14.8765
78,87,156.573,13.2511
78,88,78.1025,0
78,89,132.764,10.9007
78,91,143.815,12.0387
78,97,57.0088,0
79,13,57.9396,0
79,17,18.868,0
79,20,212.648,16.1261
79,36,160.543,12.6725
79,41,186.106,15.8575
79,48,213.672,18.296
79,49,19.4165,0
79,53,171.871,14.7414
79,55,50.6952,0
79,56,209.855,17.2537
79,57,125.333,8.59203
79,58,170.603,8.60448
79,60,30.6105,0
79,64,69.0652,0
79,66,52.1902,3.79078
79,67,122.136,4.10263
79,70,102.84,0
79,71,107.355,0
79,73,108.488,9.18503
79,78,60.531,0
79,82,143.422,0
79,87,192.648,14.9391
79,88,42,0
79,89,208.878,17.3487
79,91,217.319,17.6916
79,97,69.657,4.48525
80,14,158.114,0
80,20,103.74,0
80,30,46.0977,0
80,31,150.083,0
80,36,98.6154,0
80,40,21.0238,0
80,41,99.6393,0
80,46,81.2712,0
80,53,87.6413,0
80,56,75.9539,0
80,62,60.0083,0
80,65,124.471,0
80,66,199.047,13.7393
80,73,162.693,0
80,90,34.7131,0
80,93,73.8241,0
80,96,134.272,0
81,0,66.2193,0
81,9,208.785,16.1167
81,11,168.861,0
81,16,54.2693,4.57269
81,21,92.7631,0
81,38,110.454,0
81,42,113.018,0
81,52,176.154,14.5378
81,84,105.688,0
82,7,203.381,15.7491
82,13,102.611,0
82,17,136.36,0
82,22,122.037,0
82,25,118.038,0
82,33,111,0
82,43,132.061,0
82,48,129.248,0
82,49,130.587,0
82,55,106.32,0
82,57,54.231,0
82,60,136.473,0
82,64,118.271,0
82,70,146.813,0
82,71,107.968,0
82,78,134.164,10.5999
82,79,143.422,0
82,86,67.082,0
82,88,125.96,0
82,89,61.2944,0
82,91,81.5414,0
82,95,192.058,14.0017
82,97,190.196,11.7665
83,2,165.873,0
83,6,73.5391,0
83,10,167.943,0
83,12,227.666,19.4288
83,15,201.25,16.2248
83,19,200.345,15.5828
83,23,194.29,16.6286
83,24,95.8511,3.63072
83,26,19.2354,0
83,28,224.211,19.1143
83,29,75.71,0
83,31,126.036,0
83,32,168.345,0
83,39,153.769,12.3046
83,45,25.02,0
83,58,160.431,0
83,63,60.4152,0
83,65,151.819,0
83,68,61.4003,0
83,75,39.2046,0
83,76,36.1248,0
83,92,56.0892,0
83,96,157.965,0
84,0,106.231,0
84,2,130.096,0
84,12,118.903,0
84,16,101.331,8.13763
84,21,200.75,14.2199
84,23,158.161,6.16688
84,37,81.6149,0
84,38,186.817,12.8723
84,52,94.5939,0
84,81,105.688,0
85,5,47.8539,0
85,10,24.3311,0
85,14,79.8812,0
85,31,168.648,0
85,35,30.0167,0
85,63,153.834,0
85,65,153.075,0
85,68,161.335,0
85,93,158.269,0
85,96,116.927,0
86,1,243.065,20.4141
86,7,173.758,14.8963
86,13,166.364,0
86,22,56.7186,0
86,25,54.1202,0
86,33,45.793,0
86,43,67.9117,0
86,48,122.43,0
86,55,168.962,0
86,57,94.9368,0
86,59,242.09,20.6277
86,72,221.667,18.7894
86,78,188.009,14.8765
86,82,67.082,0
86,89,50.448,0
86,91,59.808,0
86,94,118.017,0
86,95,141.933,12.1749
87,7,158.816,12.7763
87,15,179.846,12.9059
87,17,174.809,14.3162
87,27,112.626,0.536212
87,31,188.703,9.7383
87,32,97.7916,7.95638
87,36,197.237,13.4702
87,41,184.315,12.7468
87,48,68.0072,4.30728
87,49,207.309,16.3178
87,51,218.459,18.5693
87,57,245.723,3.77248
87,58,99.0846,8.00298
87,60,162.441,13.6075
87,66,255.468,20.8374
87,67,84.0003,3.36912
87,73,148.292,12.5072
87,78,156.573,13.2511
87,79,192.648,14.9391
87,89,170.092,13.6746
87,91,138.236,7.92043
87,92,184.3,15.1103
87,95,257.412,16.2931
87,97,153.857,12.6093
88,13,24.1868,0
88,17,54.4059,0
88,36,208.374,17.6256
88,41,235.118,20.1352
88,49,23.3452,0
88,53,156.005,4.44025
88,55,19.6469,0
88,57,101.119,0
88,60,65.5515,0
88,64,27.1662,0
88,66,84.46,7.0685
88,67,148.529,0
88,70,62.7694,0
88,71,66.2193,0
88,73,140.388,8.07567
88,78,78.1025,0
88,79,42,0
88,82,125.96,0
88,89,155.824,0
88,91,198.816,12.201
88,97,98.2344,0
89,1,271.018,19.8386
89,7,141.969,12.1601
89,13,136.894,0
89,17,194.203,16.3867
89,22,100.24,0
89,25,99.8599,0
89,27,188.617,14.6425
89,32,213.313,16.8711
89,33,72.5672,0
89,43,112.379,0
89,48,76.6551,0
89,49,170.183,8.31355
89,55,137.612,0
89,57,55.0091,0
89,60,170.234,12.2282
89,64,157.965,0
89,67,227.562,17.2794
89,71,159.512,0
89,72,239.76,19.6177
89,78,132.764,10.9007
89,79,208.878,17.3487
89,82,61.2944,0
89,86,50.448,0
89,87,170.092,13.6746
89,88,155.824,0
89,91,20.2485,0
89,94,155.502,0
89,95,137.211,11.7194
89,97,190.737,14.4066
90,20,92.0489,0
90,30,42.19,0
90,36,126.531,0
90,40,27.7308,0
90,41,132.458,0
90,46,114.061,0
90,53,97.0052,0
90,56,71.4703,0
90,62,94.2444,0
90,65,156.16,0
90,80,34.7131,0
90,93,98.4937,0
90,96,161.276,0
91,1,255.257,16.0439
91,7,121.738,9.7651
91,13,151.822,0
91,17,187.486,13.7893
91,22,100.767,0
91,25,101.833,0
91,27,178.005,15.0691
91,32,207.019,17.713
91,33,68,0
91,43,112.929,0
91,48,62.6259,0
91,49,221.421,18.7919
91,55,160.095,3.90664
91,57,72.5566,1.94741
91,59,256.436,17.3424
91,60,181.427,13.6953
91,67,214.178,16.8911
91,72,223.136,17.1547
91,78,143.815,12.0387
91,79,217.319,17.6916
91,82,81.5414,0
91,86,59.808,0
91,87,138.236,7.92043
91,88,198.816,12.201
91,89,20.2485,0
91,94,150.615,0
91,95,121.695,10.2905
91,97,217.389,18.6484
92,6,114.586,0
92,15,138.209,7.98274
92,19,191.487,16.252
92,23,235.711,20.0402
92,24,132.347,3.15932
92,26,74.4312,0
92,27,140.478,4.18793
92,28,177.561,14.0335
92,29,129.097,0
92,31,112.379,0
92,32,114.237,0
92,39,195.743,14.0655
92,45,55.7853,0
92,51,156.525,0
92,58,111.086,0
92,63,115.741,0
92,65,144.392,0
92,67,154.496,0
92,68,68.352,0
92,75,52.2015,0
92,76,63.1585,0
92,83,56.0892,0
92,87,184.3,15.1103
92,96,163.441,0
93,5,113.759,0
93,10,159.201,0
93,14,94.3716,0
93,30,68.884,0
93,31,99.3227,0
93,36,128.86,0
93,40,94.8472,0
93,41,108.231,0
93,46,41.6773,0
93,53,151.119,0
93,56,148.368,0
93,62,49.2443,0
93,65,66.9104,0
93,68,155.081,0
93,80,73.8241,0
93,85,158.269,0
93,90,98.4937,0
93,96,62.9682,0
94,1,114.004,0
94,3,169.257,0
94,4,157.867,0
94,7,237.757,19.5819
94,22,62.3939,0
94,25,67.2681,0
94,33,83.1685,0
94,43,53.8516,0
94,59,114.11,0
94,61,148.223,0
94,72,102.122,0
94,86,118.017,0
94,89,155.502,0
94,91,150.615,0
94,95,132.933,10.3247
95,1,133.582,1.57585
95,3,211.873,16.2887
95,7,104.805,0
95,8,262.042,13.7496
95,22,135.008,11.4518
95,25,142.185,12.1382
95,27,258.805,0
95,32,283.41,3.94523
95,33,109.778,5.2984
95,43,138.569,11.8669
95,44,268.965,7.91004
95,47,240.377,2.66804
95,48,171.304,11.8894
95,50,280.014,15.8448
95,51,237.047,18.5136
95,57,196.966,16.0064
95,59,132.165,5.00627
95,72,102.416,5.48658
95,77,292.853,10.5168
95,82,192.058,14.0017
95,86,141.933,12.1749
95,87,257.412,16.2931
95,89,137.211,11.7194
95,91,121.695,10.2905
95,94,132.933,10.3247
96,5,69.1231,0
96,10,110.018,0
96,14,85.703,0
96,26,166.94,0
96,30,130.668,0
96,31,63.5138,0
96,35,129,0
96,36,160.2,0
96,40,155.039,0
96,41,129.711,0
96,46,64.7765,0
96,58,164.794,0
96,62,88.7694,0
96,63,160.415,0
96,65,37.7359,0
96,68,99.7246,0
96,75,122.483,0
96,80,134.272,0
96,83,157.965,0
96,85,116.927,0
96,90,161.276,0
96,92,163.441,0
96,93,62.9682,0
97,13,107.075,0
97,17,43.9318,0
97,27,266.834,16.8807
97,31,165.387,0
97,32,237.125,20.259
97,36,99.2088,6.71791
97,41,92.1954,0
97,46,161.978,0
97,48,163.051,13.8001
97,49,75,0
97,53,186.084,15.9471
97,55,100.18,0
97,57,135.702,9.92924
97,58,102.074,4.40986
97,60,34.0147,0
97,62,152.161,0
97,64,123.968,0
97,66,115.952,6.3961
97,67,66.5925,3.78496
97,70,161.705,0.521585
97,71,159.201,0
97,73,26.2488,0
97,78,57.0088,0
97,79,69.657,4.48525
97,82,190.196,11.7665
97,87,153.857,12.6093
97,88,98.2344,0
97,89,190.737,14.4066
97,91,217.389,18.6484
98,1,154.984,0
98,3,55.5428,0
98,4,89.3588,0
98,8,92.228,0
98,11,80.9938,0
98,21,153.444,0
98,34,38.833,0
98,38,227.998,19.5588
98,42,130.004,0
98,44,135.819,5.21501
98,47,189.658,12.4013
98,50,86.6833,0
98,54,49,0
98,59,151.169,0
98,69,137.644,0
98,72,164.56,0
98,74,36.4966,0
98,77,116.469,0
99,20,150.333,0
99,70,150.213,0
