0,18,155.724,0
0,56,29.4279,0
0,75,212.558,0
0,84,210.602,0
0,92,236.144,0
0,94,108.231,0
1,6,159.665,0
1,10,124.403,0
1,14,221.472,0
1,15,225.471,0
1,39,127.863,0
1,41,209.39,0
1,43,164.757,0
1,47,129.248,0
1,55,87.0919,0
1,61,99.7246,0
1,64,189.693,10.2091
1,67,92.957,0
1,68,157.991,0
1,69,199.832,0
1,86,123.968,0
1,88,119.101,0
1,95,70.0357,0
2,4,211.249,0
2,14,191.846,0
2,15,191.384,0
2,16,89.8999,0
2,24,184.174,0
2,30,227.167,0
2,35,134.718,0
2,40,143.422,0
2,48,242.25,0
2,50,81.6149,0
2,60,181.177,0
2,65,148.647,0
2,66,149.563,0
2,76,144.997,0
2,82,109.622,0
2,87,198.436,0
3,11,170.148,8.48652
3,17,156.029,13.0024
3,26,103.319,2.506
3,29,308.426,22.3888
3,34,76.1698,6.06072
3,44,201.745,2.41024
3,45,310.223,12.6238
3,51,171.789,13.7799
3,53,165.747,13.5155
3,54,271.836,17.6849
3,59,128.596,3.30482
3,62,270.195,15.3427
3,71,428.9,19.8612
3,74,286.299,17.3715
3,79,373.24,7.85324
3,83,27.7849,0
3,89,371.158,8.30186
3,93,373.236,16.4059
3,97,270.873,2.35391
4,2,211.249,0
4,13,212.84,0
4,23,140.73,0
4,24,226.738,0
4,30,240.01,0
4,35,145.962,0
4,57,212.257,0
4,60,190.055,0
4,63,135.518,0
4,66,64.195,0
4,72,90.6863,0
4,76,69.1809,0
4,80,151.109,0
4,82,170.836,0
4,85,127.475,0
4,87,128.222,0
4,90,40.3113,0
4,99,192.925,0
5,8,163.487,0
5,12,481.365,0
5,22,454.863,0
5,29,234.198,17.4942
5,31,420.554,3.85555
5,32,414.541,7.96327
5,33,95.5196,0
5,36,91.7606,0
5,37,65.2993,0
5,42,134.104,0
5,48,437.456,17.1923
5,51,366.426,26.859
5,58,393.151,0
5,62,482.137,0
5,71,286.112,0
5,73,145.437,0
5,74,379.526,0
5,77,86.8332,0
5,78,96.1873,0
5,81,352.466,0
5,93,453.264,0
6,1,159.665,0
6,10,47.3814,0
6,13,173.185,0
6,14,179.981,0
6,15,209.881,0
6,23,231.899,0
6,24,167.529,0
6,28,193.166,0
6,30,130.633,0
6,39,121.655,0
6,40,234.776,0
6,41,57.3149,0
6,43,169.452,0
6,47,69.3109,0
6,61,164.596,0
6,67,120.241,0
6,68,48.0416,0
6,69,40.1995,0
6,70,117.987,0
6,87,232.622,0
6,88,86.267,0
6,95,109.882,0
7,8,458.803,0
7,9,273.832,21.717
7,11,440.114,0
7,17,375.601,0
7,18,308.876,23.5745
7,19,342.458,6.07829
7,20,160.782,12.3273
7,22,346.468,0
7,25,156.827,11.618
7,27,283.084,24.0443
7,29,442.637,17.3804
7,38,167.26,0
7,44,467.059,0
7,45,305.941,0
7,46,153.863,10.7821
7,51,440.788,5.46526
7,52,256.447,21.1246
7,54,263.454,0
7,62,286.531,0
7,71,308.662,0
7,74,348.304,0
7,75,264.868,21.9141
7,81,232.334,1.24881
7,91,167.473,4.51901
7,92,262.464,21.4354
7,93,198.081,0
7,96,106.075,0
7,98,356.544,6.87124
8,5,163.487,0
8,7,458.803,0
8,17,404.138,1.55818
8,22,452.04,0
8,29,118.596,8.30333
8,33,68.7314,0
8,34,312.032,26.2312
8,36,255.225,0
8,37,208,0
8,42,286.007,0
8,51,239.006,17.2113
8,53,274.305,20.0031
8,54,355.061,0
8,62,323.11,0
8,71,151.169,0
8,73,284.042,0
8,74,216.924,0
8,77,117.388,0
8,78,214.336,0
8,81,285.012,0
8,93,306.726,1.28858
9,7,273.832,21.717
9,18,158.474,0
9,19,249.307,15.7104
9,20,167.287,0
9,25,166.087,0
9,27,22.4722,0
9,38,116.186,4.53555
9,46,157.003,0
9,49,403.395,26.5656
9,52,18.4391,0
9,75,164.757,0
9,91,96.2167,3.8591
9,92,69.9714,0
9,94,185.068,0
9,96,158.608,12.2546
9,98,167.161,14.1935
10,1,124.403,0
10,6,47.3814,0
10,13,219.208,0
10,14,205.879,0
10,15,230.185,0
10,24,207.781,0
10,28,230.673,0
10,30,174.413,0
10,39,128.86,0
10,41,104.69,0
10,43,180.546,0
10,47,82.5651,0
10,55,211.085,0
10,61,156.285,0
10,67,72.8629,0
10,68,35.3412,0
10,69,82.7345,0
10,70,145.169,0
10,86,243.614,0
10,88,40.8534,0
10,95,93.2363,0
11,3,170.148,8.48652
11,7,440.114,0
11,17,123.223,0
11,20,299.932,10.8024
11,25,306.645,9.72938
11,26,144.402,0
11,29,333.787,26.3861
11,34,127.594,10.8853
11,38,385.979,25.6412
11,44,43.6807,0
11,45,156.525,0
11,46,316.369,12.9424
11,51,204.212,16.5055
11,53,289.246,24.2285
11,54,218.477,0
11,59,120.283,0
11,62,230.217,0
11,71,430.537,4.77869
11,74,314.821,0
11,75,379.607,17.7524
11,79,248.805,0
11,83,152.289,6.83765
11,84,350.057,20.4074
11,89,247.2,0
11,93,315.785,0
11,97,169.446,0
12,5,481.365,0
12,14,326.318,27.3014
12,15,286.33,24.4032
12,22,311.801,0
12,31,295.355,18.7521
12,32,259.742,12.4712
12,36,449.021,0
12,37,416.74,0
12,39,314.739,26.0257
12,40,310.966,24.9064
12,42,371.849,0
12,43,267.653,22.1814
12,48,246.632,18.9149
12,55,360.365,28.9528
12,58,90.5539,0
12,61,293.692,24.3013
12,64,203.666,0
12,73,344.093,0
12,81,458.981,0
13,4,212.84,0
13,6,173.185,0
13,10,219.208,0
13,14,223.486,0
13,21,139.531,0
13,23,72.111,0
13,24,147.828,0
13,28,85.4751,0
13,30,115.169,0
13,35,162.049,0
13,39,240.002,0
13,41,118.474,0
13,47,205.01,0
13,57,132.015,0
13,63,117.644,0
13,66,206.087,0
13,68,202.181,0
13,69,137.058,0
13,70,129.653,0
13,72,185.981,0
13,76,206.002,0
13,80,118.072,0
13,85,151.727,0
13,87,106.066,0
13,90,233.529,0
14,1,221.472,0
14,2,191.846,0
14,6,179.981,0
14,10,205.879,0
14,12,326.318,27.3014
14,13,223.486,0
14,15,38.9487,0
14,23,229.961,0
14,24,82.2982,0
14,30,108.674,0
14,35,151.003,0
14,39,94.7048,0
14,40,56.0803,0
14,41,163.444,0
14,43,65,0
14,47,124.036,0
14,48,236.178,0
14,61,133.66,0
14,64,177.232,1.51819
14,65,244.976,0
14,66,241.267,0
14,68,225.834,0
14,69,192.023,0
14,76,236.907,0
14,87,190.672,0
14,88,243.033,0
14,95,156.605,0
15,1,225.471,0
15,2,191.384,0
15,6,209.881,0
15,10,230.185,0
15,12,286.33,24.4032
15,14,38.9487,0
15,24,118.878,0
15,30,147.597,0
15,31,235.934,0
15,32,215.808,0
15,35,177.564,0
15,39,107.005,0
15,40,48.2701,0
15,41,199.361,0
15,43,60.7289,0
15,47,147.709,0
15,48,198.91,0
15,58,312.809,25.8882
15,61,129.252,0
15,64,151.434,1.60944
15,65,219.791,0
15,69,226.049,0
15,87,224.02,0
15,95,167.2,0
16,2,89.8999,0
16,31,233.386,0
16,32,244.935,0
16,35,224.537,0
16,40,205.543,0
16,48,222.874,0
16,50,29,0
16,60,182.2,0
16,65,99.2472,0
16,66,225.515,0
16,76,221.635,0
16,82,129.124,0
17,3,156.029,13.0024
17,7,375.601,0
17,8,404.138,1.55818
17,11,123.223,0
17,20,301.845,8.39539
17,25,302.501,8.41363
17,26,198.998,9.7129
17,29,272.403,14.7797
17,33,475.096,0
17,34,103.078,8.73128
17,38,381.399,21.8717
17,44,166.865,0
17,45,175.283,0
17,46,311.405,11.4185
17,51,140.176,7.69213
17,53,254.017,21.3582
17,54,113.368,2.30487
17,59,203.531,5.08131
17,62,104.741,4.65515
17,71,316.056,1.95034
17,74,191.604,0
17,75,436.601,15.8821
17,79,365.207,0
17,81,426.218,5.55993
17,83,140.429,12.0452
17,89,363.456,0
17,93,204.876,4.20792
17,96,462.731,0
17,97,292.643,0
18,0,155.724,0
18,7,308.876,23.5745
18,9,158.474,0
18,20,162.742,0
18,25,165.303,0
18,27,143.252,0
18,38,169.262,1.63672
18,45,325.075,26.4699
18,46,162.69,0
18,52,142.555,0
18,56,133.701,0
18,75,62.9365,0
18,79,260.509,19.2542
18,84,131.655,0
18,89,260.103,19.2242
18,91,200.619,3.95856
18,92,95.0474,0
18,94,48.4149,0
18,96,267.038,18.9063
19,7,342.458,6.07829
19,9,249.307,15.7104
19,20,419.083,23.7112
19,22,350.657,0
19,25,423.185,20.9259
19,27,264.844,20.527
19,38,322.859,11.2137
19,46,403.952,21.1736
19,49,243.245,0
19,52,258.322,19.0112
19,81,444.113,0
19,91,238.575,9.38495
19,92,301.907,25.6717
19,96,275.804,0
19,98,81.2158,0
20,7,160.782,12.3273
20,9,167.287,0
20,11,299.932,10.8024
20,17,301.845,8.39539
20,18,162.742,0
20,19,419.083,23.7112
20,25,4,0
20,26,441.96,11.713
20,27,174.155,0
20,34,405.239,20.7713
20,38,76.7989,2.99801
20,44,309.737,11.1306
20,45,143.475,8.91965
20,46,12.0416,0
20,51,425.738,13.5244
20,52,151.832,0
20,54,237.947,8.35866
20,59,396.573,17.4628
20,62,274.958,8.5936
20,71,405.412,11.4756
20,74,379.472,9.31036
20,75,106.827,0
20,79,344.737,11.9627
20,81,385.347,14.5291
20,83,440.132,19.5614
20,84,276.109,23.2697
20,89,341.784,12.3351
20,91,162.323,13.9035
20,92,123.26,0
20,93,244.573,9.79931
20,94,211.152,0
20,96,165.719,13.4244
20,97,360.383,16.8965
20,98,364.081,28.7453
21,13,139.531,0
21,23,164.624,0
21,28,85,0
21,41,235.688,0
21,57,60.407,0
21,63,133.195,0
21,69,237.609,0
21,70,176.853,0
21,72,195.064,0
21,80,117.712,0
21,85,148,0
21,87,217.92,0
22,5,454.863,0
22,7,346.468,0
22,8,452.04,0
22,12,311.801,0
22,19,350.657,0
22,33,429.88,3.99596
22,36,483.735,0
22,37,412.587,0
22,38,478.197,0
22,42,425.906,0
22,49,477.4,5.25646
22,58,305.738,0
22,64,444.185,0
22,71,373.738,0
22,73,390,0
22,81,206.465,0
22,91,409.63,8.20361
22,93,424.231,0
22,96,371.317,0
22,98,424.985,0
23,4,140.73,0
23,6,231.899,0
23,13,72.111,0
23,14,229.961,0
23,21,164.624,0
23,24,147.665,0
23,28,144.007,0
23,30,134.937,0
23,35,120.416,0
23,40,244.444,0
23,41,174.642,0
23,57,128.701,0
23,63,72,0
23,66,139.169,0
23,69,200.262,0
23,70,201.757,0
23,72,124.342,0
23,76,139.904,0
23,80,82.201,0
23,85,102.591,0
23,87,53.7587,0
23,90,162.604,0
24,2,184.174,0
24,4,226.738,0
24,6,167.529,0
24,10,207.781,0
24,13,147.828,0
24,14,82.2982,0
24,15,118.878,0
24,23,147.665,0
24,28,227.035,0
24,30,44.5982,0
24,35,87.2067,0
24,39,142.302,0
24,40,105.802,0
24,41,126.669,0
24,43,137.768,0
24,47,141.174,0
24,61,196.331,0
24,63,219.447,0
24,66,178.933,0
24,68,215.244,0
24,69,161.375,0
24,70,220.792,0
24,76,175.362,0
24,80,229.713,0
24,87,110.422,0
24,95,195.182,0
25,7,156.827,11.618
25,9,166.087,0
25,11,306.645,9.72938
25,17,302.501,8.41363
25,18,165.303,0
25,19,423.185,20.9259
25,20,4,0
25,26,448.031,10.9045
25,27,173.442,0
25,34,409.22,20.0023
25,38,74.0036,2.88888
25,44,312.659,11.6921
25,45,148.847,8.6339
25,46,9.43398,0
25,51,424.693,13.4912
25,52,150.881,0
25,54,236.048,8.29193
25,59,403.984,16.5266
25,62,272.875,8.52849
25,71,401.65,10.8122
25,74,375.381,9.66346
25,75,110,0
25,79,345.742,14.144
25,81,381.171,13.4066
25,83,445.835,18.6892
25,84,280.051,23.7187
25,89,344.944,13.7916
25,91,159.193,13.6107
25,92,123.584,0
25,93,240.243,9.62584
25,94,213.694,0
25,96,164.65,12.7098
25,97,364.427,17.5746
25,98,362.649,28.198
26,3,103.319,2.506
26,11,144.402,0
26,17,198.998,9.7129
26,20,441.96,11.713
26,25,448.031,10.9045
26,29,328.998,28.2158
26,34,132.891,11.1547
26,44,120.547,5.78284
26,45,299.787,0
26,46,457.606,14.5003
26,51,221.374,18.7582
26,53,251.703,20.0706
26,54,326.4,6.256
26,59,34.0588,0
26,62,301.438,14.9629
26,74,329.877,21.6744
26,79,287.562,0
26,83,72.1543,3.86541
26,84,414.401,22.5935
26,89,286.775,0
26,93,415.063,10.0191
26,97,170,0
27,7,283.084,24.0443
27,9,22.4722,0
27,18,143.252,0
27,19,264.844,20.527
27,20,174.155,0
27,25,173.442,0
27,38,127.768,4.18193
27,46,164.757,0
27,52,24.5153,0
27,75,157.207,0
27,91,115.532,4.14508
27,92,63.1269,0
27,94,166.148,0
27,96,180.017,13.5013
27,98,180.249,15.2165
28,6,193.166,0
28,10,230.673,0
28,13,85.4751,0
28,21,85,0
28,23,144.007,0
28,24,227.035,0
28,30,188.218,0
28,41,154.149,0
28,57,116.662,0
28,63,153.212,0
28,68,202.882,0
28,69,153.052,0
28,70,95.0158,0
28,72,226.241,0
28,80,144.003,0
28,85,181.596,0
28,87,188.51,0
29,3,308.426,22.3888
29,5,234.198,17.4942
29,7,442.637,17.3804
29,8,118.596,8.30333
29,11,333.787,26.3861
29,17,272.403,14.7797
29,26,328.998,28.2158
29,33,164.775,12.4638
29,34,227.133,17.805
29,36,323.219,19.9635
29,37,301.692,16.5416
29,42,375.848,18.3797
29,44,358.152,29.364
29,45,444.033,9.03983
29,51,114.612,9.71968
29,53,163.342,5.90776
29,54,285.556,6.86255
29,59,342.925,29.3678
29,62,249.285,6.35244
29,71,184.808,7.06586
29,73,381.254,17.4327
29,74,124.15,8.98031
29,77,174.661,13.064
29,78,272.21,14.183
29,81,362.067,5.19273
29,83,325.008,22.8467
29,93,260.495,13.877
30,2,227.167,0
30,4,240.01,0
30,6,130.633,0
30,10,174.413,0
30,13,115.169,0
30,14,108.674,0
30,15,147.597,0
30,23,134.937,0
30,24,44.5982,0
30,28,188.218,0
30,35,115.879,0
30,39,137.641,0
30,40,145,0
30,41,84.0238,0
30,43,149.335,0
30,47,120.254,0
30,57,243.647,0
30,61,195.727,0
30,63,205.913,0
30,66,201.375,0
30,67,244.125,0
30,68,177.079,0
30,69,119.067,0
30,70,176.233,0
30,76,198.588,0
30,80,213.46,0
30,85,237.497,0
30,87,113.464,0
30,88,215.139,0
30,95,180.014,0
31,5,420.554,3.85555
31,12,295.355,18.7521
31,15,235.934,0
31,16,233.386,0
31,32,30.0666,0
31,36,335.292,3.84956
31,37,370.518,3.83605
31,40,233.6,0
31,42,291.523,4.23761
31,48,37.2022,0
31,58,260.779,13.6139
31,64,349.352,29.6948
31,65,134.406,0
31,73,298.602,4.74417
31,78,419.497,8.548
32,5,414.541,7.96327
32,12,259.742,12.4712
32,15,215.808,0
32,16,244.935,0
32,31,30.0666,0
32,36,335.074,8.02484
32,37,359.036,7.77134
32,40,218.68,0
32,42,281.795,7.59901
32,48,24,0
32,58,220.709,9.54931
32,64,325.975,25.8102
32,65,148.125,0
32,73,284.057,7.1481
32,78,435.844,8.48713
33,5,95.5196,0
33,8,68.7314,0
33,17,475.096,0
33,22,429.88,3.99596
33,29,164.775,12.4638
33,34,348.012,29.8371
33,36,187.211,0
33,37,140.357,0
33,42,218.147,0
33,51,284.069,22.1988
33,54,416.624,0.577033
33,58,442.651,0
33,62,387.324,0
33,71,198.172,0
33,73,218.477,0
33,74,284.007,0
33,77,75.3127,0
33,78,160,0
33,81,297.274,0
33,93,363.786,0
34,3,76.1698,6.06072
34,8,312.032,26.2312
34,11,127.594,10.8853
34,17,103.078,8.73128
34,20,405.239,20.7713
34,25,409.22,20.0023
34,26,132.891,11.1547
34,29,227.133,17.805
34,33,348.012,29.8371
34,44,169.4,13.4258
34,45,264.365,14.7572
34,46,418.32,22.41
34,51,70.0353,3.11268
34,53,148.551,12.7349
34,54,217.223,10.5168
34,59,135.974,11.6647
34,62,202.494,9.2653
34,71,371.721,4.602
34,74,229.054,4.00746
34,79,379.839,17.2528
34,83,87.0597,6.42107
34,89,378.629,17.1978
34,93,294.618,13.0008
34,97,253.078,19.5254
35,2,134.718,0
35,4,145.962,0
35,13,162.049,0
35,14,151.003,0
35,15,177.564,0
35,16,224.537,0
35,23,120.416,0
35,24,87.2067,0
35,30,115.879,0
35,39,227.783,0
35,40,142.032,0
35,41,196.977,0
35,43,214.674,0
35,47,228.002,0
35,50,212.664,0
35,60,244.773,0
35,63,180.677,0
35,66,92.4554,0
35,69,231.614,0
35,72,196.573,0
35,76,88.6172,0
35,80,195.133,0
35,82,183.576,0
35,85,200.811,0
35,87,66.7083,0
35,90,185.311,0
36,5,91.7606,0
36,8,255.225,0
36,12,449.021,0
36,22,483.735,0
36,29,323.219,19.9635
36,31,335.292,3.84956
36,32,335.074,8.02484
36,33,187.211,0
36,37,77.8974,0
36,42,77.1751,0
36,48,356.308,16.7479
36,58,358.491,0
36,71,364.41,3.99411
36,73,108.167,0
36,74,471.19,0
36,77,164.779,0
36,78,107.815,0
36,81,416.159,0
37,5,65.2993,0
37,8,208,0
37,12,416.74,0
37,22,412.587,0
37,29,301.692,16.5416
37,31,370.518,3.83605
37,32,359.036,7.77134
37,33,140.357,0
37,36,77.8974,0
37,42,78.0256,0
37,48,382.708,16.5906
37,58,328.146,0
37,71,305.895,0
37,73,81.4371,0
37,74,416.557,0
37,77,151.433,0
37,78,144.845,0
37,81,338.396,0
37,93,471.339,0
38,7,167.26,0
38,9,116.186,4.53555
38,11,385.979,25.6412
38,17,381.399,21.8717
38,18,169.262,1.63672
38,19,322.859,11.2137
38,20,76.7989,2.99801
38,22,478.197,0
38,25,74.0036,2.88888
38,27,127.768,4.18193
38,44,390.656,27.3161
38,45,228.309,19.164
38,46,64.7312,2.87694
38,52,103.372,4.08386
38,54,333.642,9.27209
38,62,371.044,7.75608
38,71,466.922,0
38,74,477.162,0
38,75,133.663,1.47269
38,81,400.525,0
38,84,235.965,1.49295
38,91,83.4365,2.12618
38,92,93.46,2.38161
38,93,327.567,0
38,94,214.153,1.73542
38,96,107.87,0
38,98,275.167,17.6861
39,1,127.863,0
39,6,121.655,0
39,10,128.86,0
39,12,314.739,26.0257
39,13,240.002,0
39,14,94.7048,0
39,15,107.005,0
39,24,142.302,0
39,30,137.641,0
39,35,227.783,0
39,40,147.513,0
39,41,137.568,0
39,43,51.8652,0
39,47,52.345,0
39,55,192.276,0
39,61,58.5491,0
39,64,145.905,2.05144
39,67,167.003,0
39,68,157.544,0
39,69,150.944,0
39,70,234.472,0
39,86,237.422,0
39,88,159.831,0
39,95,61.9839,0
40,2,143.422,0
40,6,234.776,0
40,12,310.966,24.9064
40,14,56.0803,0
40,15,48.2701,0
40,16,205.543,0
40,23,244.444,0
40,24,105.802,0
40,30,145,0
40,31,233.6,0
40,32,218.68,0
40,35,142.032,0
40,39,147.513,0
40,41,212.897,0
40,43,106.892,0
40,47,180.1,0
40,48,198.305,0
40,50,212.822,0
40,61,176.647,0
40,64,196.253,1.71041
40,65,190.373,0
40,66,222.524,0
40,69,243.705,0
40,76,217.72,0
40,87,197.101,0
40,95,209.308,0
41,1,209.39,0
41,6,57.3149,0
41,10,104.69,0
41,13,118.474,0
41,14,163.444,0
41,15,199.361,0
41,21,235.688,0
41,23,174.642,0
41,24,126.669,0
41,28,154.149,0
41,30,84.0238,0
41,35,196.977,0
41,39,137.568,0
41,40,212.897,0
41,43,174.485,0
41,47,92.4392,0
41,57,245.618,0
41,61,191.606,0
41,63,234.478,0
41,67,177.553,0
41,68,97.4936,0
41,69,35.0571,0
41,70,104.89,0
41,80,236.282,0
41,87,176.709,0
41,88,142.762,0
41,95,149.656,0
42,5,134.104,0
42,8,286.007,0
42,12,371.849,0
42,22,425.906,0
42,29,375.848,18.3797
42,31,291.523,4.23761
42,32,281.795,7.59901
42,33,218.147,0
42,36,77.1751,0
42,37,78.0256,0
42,48,305.25,15.7293
42,58,281.325,0
42,71,378.085,0
42,73,36.2215,0
42,77,219.864,0
42,78,182.702,0
42,81,387.866,0
43,1,164.757,0
43,6,169.452,0
43,10,180.546,0
43,12,267.653,22.1814
43,14,65,0
43,15,60.7289,0
43,24,137.768,0
43,30,149.335,0
43,35,214.674,0
43,39,51.8652,0
43,40,106.892,0
43,41,174.485,0
43,47,101.242,0
43,48,235.544,0
43,55,212.603,0
43,58,356.988,29.795
43,61,70.214,0
43,64,120.039,1.46202
43,67,216.749,0
43,68,208.255,0
43,69,194.077,0
43,88,211.547,0
43,95,108.019,0
44,3,201.745,2.41024
44,7,467.059,0
44,11,43.6807,0
44,17,166.865,0
44,20,309.737,11.1306
44,25,312.659,11.6921
44,26,120.547,5.78284
44,29,358.152,29.364
44,34,169.4,13.4258
44,38,390.656,27.3161
44,45,170.082,0
44,46,321.839,14.8816
44,51,253.618,17.3643
44,53,317.074,25.7169
44,54,257.992,0
44,59,80.1588,6.51409
44,62,272.007,0
44,71,483.198,0
44,74,358.469,0
44,75,352.336,21.2824
44,79,208.471,0
44,83,180.102,0.497487
44,84,320.373,19.2039
44,89,206.959,0
44,93,354.203,0
44,97,125.936,0
45,3,310.223,12.6238
45,7,305.941,0
45,11,156.525,0
45,17,175.283,0
45,18,325.075,26.4699
45,20,143.475,8.91965
45,25,148.847,8.6339
45,26,299.787,0
45,29,444.033,9.03983
45,34,264.365,14.7572
45,38,228.309,19.164
45,44,170.082,0
45,46,159.618,10.6412
45,51,304.25,11.5246
45,52,294.357,22.1228
45,54,173.066,0
45,59,268.803,1.79135
45,62,206.155,0
45,71,403.911,0
45,74,318.578,0
45,75,262.285,13.8902
45,79,268.118,0.985618
45,81,460.213,0
45,83,297.443,10.2096
45,84,285.135,21.3429
45,89,266.118,0.985513
45,91,317.721,22.5603
45,92,292.053,24.9086
45,93,244.008,0
45,96,361.425,0
45,97,258.712,0
46,7,153.863,10.7821
46,9,157.003,0
46,11,316.369,12.9424
46,17,311.405,11.4185
46,18,162.69,0
46,19,403.952,21.1736
46,20,12.0416,0
46,25,9.43398,0
46,26,457.606,14.5003
46,27,164.757,0
46,34,418.32,22.41
46,38,64.7312,2.87694
46,44,321.839,14.8816
46,45,159.618,10.6412
46,51,430.436,16.6756
46,52,141.993,0
46,54,241.554,10.945
46,59,413.361,19.5716
46,62,277.966,11.3378
46,71,400.109,13.4083
46,74,380.454,12.0018
46,75,109.604,0
46,79,356.423,15.7656
46,81,374.846,14.7455
46,84,275.821,23.6606
46,89,354.559,15.7582
46,91,150.4,12.638
46,92,116.25,0
46,93,241.864,11.5418
46,94,210.95,0
46,96,152.36,11.7787
46,97,371.358,20.6694
46,98,352.429,26.7218
47,1,129.248,0
47,6,69.3109,0
47,10,82.5651,0
47,13,205.01,0
47,14,124.036,0
47,15,147.709,0
47,24,141.174,0
47,30,120.254,0
47,35,228.002,0
47,39,52.345,0
47,40,180.1,0
47,41,92.4392,0
47,43,101.242,0
47,55,208.926,0
47,61,100,0
47,64,194.978,2.16413
47,67,136.125,0
47,68,107.331,0
47,69,100.18,0
47,70,183.48,0
47,87,233.6,0
47,88,119.004,0
47,95,61.4654,0
48,2,242.25,0
48,5,437.456,17.1923
48,12,246.632,18.9149
48,14,236.178,0
48,15,198.91,0
48,16,222.874,0
48,31,37.2022,0
48,32,24,0
48,36,356.308,16.7479
48,37,382.708,16.5906
48,40,198.305,0
48,42,305.25,15.7293
48,43,235.544,0
48,58,227.937,15.6208
48,64,283.003,23.9786
48,65,127.581,0
48,73,308.046,15.4046
49,9,403.395,26.5656
49,19,243.245,0
49,22,477.4,5.25646
49,55,238.069,15.7221
49,86,193.668,13.2835
49,98,261.166,2.17511
50,2,81.6149,0
50,16,29,0
50,35,212.664,0
50,40,212.822,0
50,60,153.805,0
50,65,127.738,0
50,66,203.691,0
50,76,200.112,0
50,82,100.449,0
51,3,171.789,13.7799
51,5,366.426,26.859
51,7,440.788,5.46526
51,8,239.006,17.2113
51,11,204.212,16.5055
51,17,140.176,7.69213
51,20,425.738,13.5244
51,25,424.693,13.4912
51,26,221.374,18.7582
51,29,114.612,9.71968
51,33,284.069,22.1988
51,34,70.0353,3.11268
51,44,253.618,17.3643
51,45,304.25,11.5246
51,46,430.436,16.6756
51,53,175.926,14.3987
51,54,184.009,8.0396
51,59,220.082,18.8774
51,62,152.85,7.13377
51,71,247.808,8.0388
51,74,111.14,6.05591
51,77,262.017,22.2122
51,78,379.709,28.9032
51,81,411.552,7.46062
51,83,157.092,13.1701
51,93,247.289,4.01156
51,97,346.196,24.7699
52,7,256.447,21.1246
52,9,18.4391,0
52,18,142.555,0
52,19,258.322,19.0112
52,20,151.832,0
52,25,150.881,0
52,27,24.5153,0
52,38,103.372,4.08386
52,45,294.357,22.1228
52,46,141.993,0
52,75,146.441,0
52,91,92.7271,4.21178
52,92,51.8845,0
52,94,171.843,0
52,96,158.827,13.0591
52,98,197.721,16.0774
53,3,165.747,13.5155
53,8,274.305,20.0031
53,11,289.246,24.2285
53,17,254.017,21.3582
53,26,251.703,20.0706
53,29,163.342,5.90776
53,34,148.551,12.7349
53,44,317.074,25.7169
53,51,175.926,14.3987
53,54,346.313,24.8469
53,59,290.432,20.1817
53,62,322.605,23.2132
53,71,408.529,24.048
53,74,272.118,21.7866
53,77,368.858,30.5567
53,83,197.406,14.497
53,93,431.228,21.3922
54,3,271.836,17.6849
54,7,263.454,0
54,8,355.061,0
54,11,218.477,0
54,17,113.368,2.30487
54,20,237.947,8.35866
54,25,236.048,8.29193
54,26,326.4,6.256
54,29,285.556,6.86255
54,33,416.624,0.577033
54,34,217.223,10.5168
54,38,333.642,9.27209
54,44,257.992,0
54,45,173.066,0
54,46,241.554,10.945
54,51,184.009,8.0396
54,53,346.313,24.8469
54,59,327.231,0
54,62,37.5766,0
54,71,235.44,0
54,74,149.626,0
54,75,408.261,16.4696
54,77,443.125,12.2185
54,79,426.863,0
54,81,326.466,0
54,83,241.961,19.7761
54,89,424.924,0
54,91,405.079,3.94879
54,93,98.0816,0
54,96,357.687,0
54,97,380.132,0
55,1,87.0919,0
55,10,211.085,0
55,12,360.365,28.9528
55,39,192.276,0
55,43,212.603,0
55,47,208.926,0
55,49,238.069,15.7221
55,61,142.864,0
55,64,198.092,14.8125
55,67,167.631,0
55,68,243.906,0
55,86,46.0109,0
55,88,200.878,0
55,95,147.472,0
56,0,29.4279,0
56,18,133.701,0
56,75,187.449,0
56,84,181.177,0
56,92,219.695,0
56,94,88.5664,0
57,4,212.257,0
57,13,132.015,0
57,21,60.407,0
57,23,128.701,0
57,28,116.662,0
57,30,243.647,0
57,41,245.618,0
57,63,78.7147,0
57,66,243.187,0
57,70,211.116,0
57,72,135.015,0
57,76,245.815,0
57,80,62.1691,0
57,85,88.278,0
57,87,181.819,0
57,90,209.16,0
58,5,393.151,0
58,12,90.5539,0
58,15,312.809,25.8882
58,22,305.738,0
58,31,260.779,13.6139
58,32,220.709,9.54931
58,33,442.651,0
58,36,358.491,0
58,37,328.146,0
58,42,281.325,0
58,43,356.988,29.795
58,48,227.937,15.6208
58,61,360.628,29.6708
58,64,292,0
58,73,254.008,0
58,77,477.196,0
58,78,462.45,0
58,81,414.787,0
59,3,128.596,3.30482
59,11,120.283,0
59,17,203.531,5.08131
59,20,396.573,17.4628
59,25,403.984,16.5266
59,26,34.0588,0
59,29,342.925,29.3678
59,34,135.974,11.6647
59,44,80.1588,6.51409
59,45,268.803,1.79135
59,46,413.361,19.5716
59,51,220.082,18.8774
59,53,290.432,20.1817
59,54,327.231,0
59,62,310.221,9.10064
59,74,365.075,12.368
59,79,255.82,0
59,83,102.104,2.78492
59,84,382.092,21.8564
59,89,254.951,0
59,93,425.248,0
59,97,139.786,0
60,2,181.177,0
60,4,190.055,0
60,16,182.2,0
60,35,244.773,0
60,50,153.805,0
60,66,175.026,0
60,76,175.183,0
60,82,72.1249,0
60,90,202.054,0
60,99,125.016,0
61,1,99.7246,0
61,6,164.596,0
61,10,156.285,0
61,12,293.692,24.3013
61,14,133.66,0
61,15,129.252,0
61,24,196.331,0
61,30,195.727,0
61,39,58.5491,0
61,40,176.647,0
61,41,191.606,0
61,43,70.214,0
61,47,100,0
61,55,142.864,0
61,58,360.628,29.6708
61,64,100.591,3.38963
61,67,169.594,0
61,68,190.032,0
61,69,199.449,0
61,86,188.862,0
61,88,176.119,0
61,95,64.2028,0
62,3,270.195,15.3427
62,5,482.137,0
62,7,286.531,0
62,8,323.11,0
62,11,230.217,0
62,17,104.741,4.65515
62,20,274.958,8.5936
62,25,272.875,8.52849
62,26,301.438,14.9629
62,29,249.285,6.35244
62,33,387.324,0
62,34,202.494,9.2653
62,38,371.044,7.75608
62,44,272.007,0
62,45,206.155,0
62,46,277.966,11.3378
62,51,152.85,7.13377
62,53,322.605,23.2132
62,54,37.5766,0
62,59,310.221,9.10064
62,71,212.424,0
62,74,113.278,0
62,75,445.819,16.6686
62,77,408.449,12.7073
62,79,451.602,0
62,81,321.646,0
62,83,264.45,15.7411
62,89,449.698,0
62,91,435.145,3.91754
62,93,101.98,0
62,96,384.666,0
62,97,396.727,0
63,4,135.518,0
63,13,117.644,0
63,21,133.195,0
63,23,72,0
63,24,219.447,0
63,28,153.212,0
63,30,205.913,0
63,35,180.677,0
63,41,234.478,0
63,57,78.7147,0
63,66,164.754,0
63,70,235.053,0
63,72,73.3553,0
63,76,167.538,0
63,80,16.6433,0
63,85,34.1321,0
63,87,117.004,0
63,90,138.708,0
64,1,189.693,10.2091
64,12,203.666,0
64,14,177.232,1.51819
64,15,151.434,1.60944
64,22,444.185,0
64,31,349.352,29.6948
64,32,325.975,25.8102
64,39,145.905,2.05144
64,40,196.253,1.71041
64,43,120.039,1.46202
64,47,194.978,2.16413
64,48,283.003,23.9786
64,55,198.092,14.8125
64,58,292,0
64,61,100.591,3.38963
64,86,242.133,17.0243
64,95,165.203,4.45094
65,2,148.647,0
65,14,244.976,0
65,15,219.791,0
65,16,99.2472,0
65,31,134.406,0
65,32,148.125,0
65,40,190.373,0
65,48,127.581,0
65,50,127.738,0
65,82,225.036,0
66,2,149.563,0
66,4,64.195,0
66,13,206.087,0
66,14,241.267,0
66,16,225.515,0
66,23,139.169,0
66,24,178.933,0
66,30,201.375,0
66,35,92.4554,0
66,40,222.524,0
66,50,203.691,0
66,57,243.187,0
66,60,175.026,0
66,63,164.754,0
66,72,143.892,0
66,76,5,0
66,80,181.397,0
66,82,132.966,0
66,85,169,0
66,87,103.16,0
66,90,104,0
66,99,218.433,0
67,1,92.957,0
67,6,120.241,0
67,10,72.8629,0
67,30,244.125,0
67,39,167.003,0
67,41,177.553,0
67,43,216.749,0
67,47,136.125,0
67,55,167.631,0
67,61,169.594,0
67,68,91.9239,0
67,69,153.942,0
67,70,202.615,0
67,86,190.276,0
67,88,39.8497,0
67,95,109.836,0
68,1,157.991,0
68,6,48.0416,0
68,10,35.3412,0
68,13,202.181,0
68,14,225.834,0
68,24,215.244,0
68,28,202.882,0
68,30,177.079,0
68,39,157.544,0
68,41,97.4936,0
68,43,208.255,0
68,47,107.331,0
68,55,243.906,0
68,61,190.032,0
68,67,91.9239,0
68,69,66.8431,0
68,70,113.283,0
68,88,52.3259,0
68,95,127.883,0
69,1,199.832,0
69,6,40.1995,0
69,10,82.7345,0
69,13,137.058,0
69,14,192.023,0
69,15,226.049,0
69,21,237.609,0
69,23,200.262,0
69,24,161.375,0
69,28,153.052,0
69,30,119.067,0
69,35,231.614,0
69,39,150.944,0
69,40,243.705,0
69,41,35.0571,0
69,43,194.077,0
69,47,100.18,0
69,61,199.449,0
69,67,153.942,0
69,68,66.8431,0
69,70,83.5284,0
69,87,208.002,0
69,88,116.387,0
69,95,148.492,0
70,6,117.987,0
70,10,145.169,0
70,13,129.653,0
70,21,176.853,0
70,23,201.757,0
70,24,220.792,0
70,28,95.0158,0
70,30,176.233,0
70,39,234.472,0
70,41,104.89,0
70,47,183.48,0
70,57,211.116,0
70,63,235.053,0
70,67,202.615,0
70,68,113.283,0
70,69,83.5284,0
70,80,229.445,0
70,87,229.478,0
70,88,162.975,0
70,95,227.484,0
71,3,428.9,19.8612
71,5,286.112,0
71,7,308.662,0
71,8,151.169,0
71,11,430.537,4.77869
71,17,316.056,1.95034
71,20,405.412,11.4756
71,22,373.738,0
71,25,401.65,10.8122
71,29,184.808,7.06586
71,33,198.172,0
71,34,371.721,4.602
71,36,364.41,3.99411
71,37,305.895,0
71,38,466.922,0
71,42,378.085,0
71,44,483.198,0
71,45,403.911,0
71,46,400.109,13.4083
71,51,247.808,8.0388
71,53,408.529,24.048
71,54,235.44,0
71,62,212.424,0
71,73,362.64,0
71,74,143.736,0
71,77,265.149,0
71,78,357.737,0
71,81,173.217,0
71,83,388.036,29.0289
71,91,475.341,4.96755
71,93,167.2,0
71,96,409.771,1.01928
72,4,90.6863,0
72,13,185.981,0
72,21,195.064,0
72,23,124.342,0
72,28,226.241,0
72,35,196.573,0
72,57,135.015,0
72,63,73.3553,0
72,66,143.892,0
72,76,148.223,0
72,80,82.8613,0
72,85,47.2652,0
72,87,147.679,0
72,90,75.6902,0
73,5,145.437,0
73,8,284.042,0
73,12,344.093,0
73,22,390,0
73,29,381.254,17.4327
73,31,298.602,4.74417
73,32,284.057,7.1481
73,33,218.477,0
73,36,108.167,0
73,37,81.4371,0
73,42,36.2215,0
73,48,308.046,15.4046
73,58,254.008,0
73,71,362.64,0
73,74,480.565,1.97736
73,77,232.215,0
73,78,208.586,0
73,81,359.255,0
74,3,286.299,17.3715
74,5,379.526,0
74,7,348.304,0
74,8,216.924,0
74,11,314.821,0
74,17,191.604,0
74,20,379.472,9.31036
74,25,375.381,9.66346
74,26,329.877,21.6744
74,29,124.15,8.98031
74,33,284.007,0
74,34,229.054,4.00746
74,36,471.19,0
74,37,416.557,0
74,38,477.162,0
74,44,358.469,0
74,45,318.578,0
74,46,380.454,12.0018
74,51,111.14,6.05591
74,53,272.118,21.7866
74,54,149.626,0
74,59,365.075,12.368
74,62,113.278,0
74,71,143.736,0
74,73,480.565,1.97736
74,77,300.314,11.5905
74,78,398.245,12.2022
74,81,300.293,0
74,83,249.661,21.2111
74,93,152,0
74,96,453.431,0
74,97,484.198,0
75,0,212.558,0
75,7,264.868,21.9141
75,9,164.757,0
75,11,379.607,17.7524
75,17,436.601,15.8821
75,18,62.9365,0
75,20,106.827,0
75,25,110,0
75,27,157.207,0
75,38,133.663,1.47269
75,44,352.336,21.2824
75,45,262.285,13.8902
75,46,109.604,0
75,52,146.441,0
75,54,408.261,16.4696
75,56,187.449,0
75,62,445.819,16.6686
75,79,218.227,18.1856
75,84,109.772,0
75,89,217.513,18.1261
75,91,177.384,4.71078
75,92,95,0
75,93,385.551,28.3649
75,94,109.567,0
75,96,240.88,19.5846
75,97,362.9,19.5217
76,2,144.997,0
76,4,69.1809,0
76,13,206.002,0
76,14,236.907,0
76,16,221.635,0
76,23,139.904,0
76,24,175.362,0
76,30,198.588,0
76,35,88.6172,0
76,40,217.72,0
76,50,200.112,0
76,57,245.815,0
76,60,175.183,0
76,63,167.538,0
76,66,5,0
76,72,148.223,0
76,80,184.174,0
76,82,131.244,0
76,85,172.557,0
76,87,102.259,0
76,90,109,0
76,99,221.4,0
77,5,86.8332,0
77,8,117.388,0
77,29,174.661,13.064
77,33,75.3127,0
77,36,164.779,0
77,37,151.433,0
77,42,219.864,0
77,51,262.017,22.2122
77,53,368.858,30.5567
77,54,443.125,12.2185
77,58,477.196,0
77,62,408.449,12.7073
77,71,265.149,0
77,73,232.215,0
77,74,300.314,11.5905
77,78,98.1835,0
77,81,372.543,0
77,93,422.527,1.96185
78,5,96.1873,0
78,8,214.336,0
78,29,272.21,14.183
78,31,419.497,8.548
78,32,435.844,8.48713
78,33,160,0
78,36,107.815,0
78,37,144.845,0
78,42,182.702,0
78,51,379.709,28.9032
78,58,462.45,0
78,71,357.737,0
78,73,208.586,0
78,74,398.245,12.2022
78,77,98.1835,0
78,81,444.617,0
79,3,373.24,7.85324
79,11,248.805,0
79,17,365.207,0
79,18,260.509,19.2542
79,20,344.737,11.9627
79,25,345.742,14.144
79,26,287.562,0
79,34,379.839,17.2528
79,44,208.471,0
79,45,268.118,0.985618
79,46,356.423,15.7656
79,54,426.863,0
79,59,255.82,0
79,62,451.602,0
79,75,218.227,18.1856
79,83,345.468,7.7908
79,84,122.128,9.5301
79,89,2,0
79,94,280.757,17.1683
79,97,118.962,0
80,4,151.109,0
80,13,118.072,0
80,21,117.712,0
80,23,82.201,0
80,24,229.713,0
80,28,144.003,0
80,30,213.46,0
80,35,195.133,0
80,41,236.282,0
80,57,62.1691,0
80,63,16.6433,0
80,66,181.397,0
80,70,229.445,0
80,72,82.8613,0
80,76,184.174,0
80,85,37.7359,0
80,87,130.388,0
80,90,152.082,0
81,5,352.466,0
81,7,232.334,1.24881
81,8,285.012,0
81,12,458.981,0
81,17,426.218,5.55993
81,19,444.113,0
81,20,385.347,14.5291
81,22,206.465,0
81,25,381.171,13.4066
81,29,362.067,5.19273
81,33,297.274,0
81,36,416.159,0
81,37,338.396,0
81,38,400.525,0
81,42,387.866,0
81,45,460.213,0
81,46,374.846,14.7455
81,51,411.552,7.46062
81,54,326.466,0
81,58,414.787,0
81,62,321.646,0
81,71,173.217,0
81,73,359.255,0
81,74,300.293,0
81,77,372.543,0
81,78,444.617,0
81,91,365.273,10.1595
81,93,229.085,0
81,96,293.191,9.17399
82,2,109.622,0
82,4,170.836,0
82,16,129.124,0
82,35,183.576,0
82,50,100.449,0
82,60,72.1249,0
82,65,225.036,0
82,66,132.966,0
82,76,131.244,0
82,87,226.614,0
82,90,196.163,0
82,99,183.807,0
83,3,27.7849,0
83,11,152.289,6.83765
83,17,140.429,12.0452
83,20,440.132,19.5614
83,25,445.835,18.6892
83,26,72.1543,3.86541
83,29,325.008,22.8467
83,34,87.0597,6.42107
83,44,180.102,0.497487
83,45,297.443,10.2096
83,51,157.092,13.1701
83,53,197.406,14.497
83,54,241.961,19.7761
83,59,102.104,2.78492
83,62,264.45,15.7411
83,71,388.036,29.0289
83,74,249.661,21.2111
83,79,345.468,7.7908
83,89,343.393,8.22984
83,93,363.75,17.9078
83,97,241.932,2.91821
84,0,210.602,0
84,11,350.057,20.4074
84,18,131.655,0
84,20,276.109,23.2697
84,25,280.051,23.7187
84,26,414.401,22.5935
84,38,235.965,1.49295
84,44,320.373,19.2039
84,45,285.135,21.3429
84,46,275.821,23.6606
84,56,181.177,0
84,59,382.092,21.8564
84,75,109.772,0
84,79,122.128,9.5301
84,89,122.307,9.54408
84,92,203.295,0
84,94,150.283,0
84,97,240.553,19.1519
85,4,127.475,0
85,13,151.727,0
85,21,148,0
85,23,102.591,0
85,28,181.596,0
85,30,237.497,0
85,35,200.811,0
85,57,88.278,0
85,63,34.1321,0
85,66,169,0
85,72,47.2652,0
85,76,172.557,0
85,80,37.7359,0
85,87,141.283,0
85,90,120.934,0
86,1,123.968,0
86,10,243.614,0
86,39,237.422,0
86,49,193.668,13.2835
86,55,46.0109,0
86,61,188.862,0
86,64,242.133,17.0243
86,67,190.276,0
86,88,227.22,0
86,95,189.623,0
87,2,198.436,0
87,4,128.222,0
87,6,232.622,0
87,13,106.066,0
87,14,190.672,0
87,15,224.02,0
87,21,217.92,0
87,23,53.7587,0
87,24,110.422,0
87,28,188.51,0
87,30,113.464,0
87,35,66.7083,0
87,40,197.101,0
87,41,176.709,0
87,47,233.6,0
87,57,181.819,0
87,63,117.004,0
87,66,103.16,0
87,69,208.002,0
87,70,229.478,0
87,72,147.679,0
87,76,102.259,0
87,80,130.388,0
87,82,226.614,0
87,85,141.283,0
87,90,160.705,0
88,1,119.101,0
88,6,86.267,0
88,10,40.8534,0
88,14,243.033,0
88,30,215.139,0
88,39,159.831,0
88,41,142.762,0
88,43,211.547,0
88,47,119.004,0
88,55,200.878,0
88,61,176.119,0
88,67,39.8497,0
88,68,52.3259,0
88,69,116.387,0
88,70,162.975,0
88,86,227.22,0
88,95,112.161,0
89,3,371.158,8.30186
89,11,247.2,0
89,17,363.456,0
89,18,260.103,19.2242
89,20,341.784,12.3351
89,25,344.944,13.7916
89,26,286.775,0
89,34,378.629,17.1978
89,44,206.959,0
89,45,266.118,0.985513
89,46,354.559,15.7582
89,54,424.924,0
89,59,254.951,0
89,62,449.698,0
89,75,217.513,18.1261
89,79,2,0
89,83,343.393,8.22984
89,84,122.307,9.54408
89,94,282.594,17.8091
89,97,118.406,0
90,4,40.3113,0
90,13,233.529,0
90,23,162.604,0
90,35,185.311,0
90,57,209.16,0
90,60,202.054,0
90,63,138.708,0
90,66,104,0
90,72,75.6902,0
90,76,109,0
90,80,152.082,0
90,82,196.163,0
90,85,120.934,0
90,87,160.705,0
90,99,178.62,0
91,7,167.473,4.51901
91,9,96.2167,3.8591
91,18,200.619,3.95856
91,19,238.575,9.38495
91,20,162.323,13.9035
91,22,409.63,8.20361
91,25,159.193,13.6107
91,27,115.532,4.14508
91,38,83.4365,2.12618
91,45,317.721,22.5603
91,46,150.4,12.638
91,52,92.7271,4.21178
91,54,405.079,3.94879
91,62,435.145,3.91754
91,71,475.341,4.96755
91,75,177.384,4.71078
91,81,365.273,10.1595
91,92,109.809,3.62008
91,93,359.021,4.28014
91,94,241.487,4.15256
91,96,64.1012,3.90068
91,98,204.549,12.5976
92,0,236.144,0
92,7,262.464,21.4354
92,9,69.9714,0
92,18,95.0474,0
92,19,301.907,25.6717
92,20,123.26,0
92,25,123.584,0
92,27,63.1269,0
92,38,93.46,2.38161
92,45,292.053,24.9086
92,46,116.25,0
92,52,51.8845,0
92,56,219.695,0
92,75,95,0
92,84,203.295,0
92,91,109.809,3.62008
92,94,131.552,0
92,96,174.804,14.248
92,98,248.627,21.2799
93,3,373.236,16.4059
93,5,453.264,0
93,7,198.081,0
93,8,306.726,1.28858
93,11,315.785,0
93,17,204.876,4.20792
93,20,244.573,9.79931
93,22,424.231,0
93,25,240.243,9.62584
93,26,415.063,10.0191
93,29,260.495,13.877
93,33,363.786,0
93,34,294.618,13.0008
93,37,471.339,0
93,38,327.567,0
93,44,354.203,0
93,45,244.008,0
93,46,241.864,11.5418
93,51,247.289,4.01156
93,53,431.228,21.3922
93,54,98.0816,0
93,59,425.248,0
93,62,101.98,0
93,71,167.2,0
93,74,152,0
93,75,385.551,28.3649
93,77,422.527,1.96185
93,81,229.085,0
93,83,363.75,17.9078
93,91,359.021,4.28014
93,96,302.152,0
93,97,474.046,0
94,0,108.231,0
94,9,185.068,0
94,18,48.4149,0
94,20,211.152,0
94,25,213.694,0
94,27,166.148,0
94,38,214.153,1.73542
94,46,210.95,0
94,52,171.843,0
94,56,88.5664,0
94,75,109.567,0
94,79,280.757,17.1683
94,84,150.283,0
94,89,282.594,17.8091
94,91,241.487,4.15256
94,92,131.552,0
95,1,70.0357,0
95,6,109.882,0
95,10,93.2363,0
95,14,156.605,0
95,15,167.2,0
95,24,195.182,0
95,30,180.014,0
95,39,61.9839,0
95,40,209.308,0
95,41,149.656,0
95,43,108.019,0
95,47,61.4654,0
95,55,147.472,0
95,61,64.2028,0
95,64,165.203,4.45094
95,67,109.836,0
95,68,127.883,0
95,69,148.492,0
95,70,227.484,0
95,86,189.623,0
95,88,112.161,0
96,7,106.075,0
96,9,158.608,12.2546
96,17,462.731,0
96,18,267.038,18.9063
96,19,275.804,0
96,20,165.719,13.4244
96,22,371.317,0
96,25,164.65,12.7098
96,27,180.017,13.5013
96,38,107.87,0
96,45,361.425,0
96,46,152.36,11.7787
96,52,158.827,13.0591
96,54,357.687,0
96,62,384.666,0
96,71,409.771,1.01928
96,74,453.431,0
96,75,240.88,19.5846
96,81,293.191,9.17399
96,91,64.1012,3.90068
96,92,174.804,14.248
96,93,302.152,0
96,98,276.622,0
97,3,270.873,2.35391
97,11,169.446,0
97,17,292.643,0
97,20,360.383,16.8965
97,25,364.427,17.5746
97,26,170,0
97,34,253.078,19.5254
97,44,125.936,0
97,45,258.712,0
97,46,371.358,20.6694
97,51,346.196,24.7699
97,54,380.132,0
97,59,139.786,0
97,62,396.727,0
97,74,484.198,0
97,75,362.9,19.5217
97,79,118.962,0
97,83,241.932,2.91821
97,84,240.553,19.1519
97,89,118.406,0
97,93,474.046,0
98,7,356.544,6.87124
98,9,167.161,14.1935
98,19,81.2158,0
98,20,364.081,28.7453
98,22,424.985,0
98,25,362.649,28.198
98,27,180.249,15.2165
98,38,275.167,17.6861
98,46,352.429,26.7218
98,49,261.166,2.17511
98,52,197.721,16.0774
98,91,204.549,12.5976
98,92,248.627,21.2799
98,96,276.622,0
99,4,192.925,0
99,60,125.016,0
99,66,218.433,0
99,76,221.4,0
99,82,183.807,0
99,90,178.62,0
