0,4,195.302,8.84929
0,10,323.4,14.7975
0,12,244.849,18.1649
0,36,279.98,6.6552
0,49,39.2938,0
0,94,101.178,0
1,8,192.629,0
1,22,148.923,0
1,25,238.891,0
1,27,165.324,0
1,44,288.175,0
1,48,324.017,24.8341
1,51,45.0111,0
1,57,355.215,27.2841
1,61,152.735,0
1,62,118.596,0
1,63,70.9366,0
1,67,189.621,0
1,70,106.066,0
1,83,96.0469,0
1,92,253.811,0
2,10,323.904,13.7057
2,12,263.401,0
2,17,244.969,0
2,21,162.005,7.91622
2,23,302.28,14.4862
2,29,236.437,16.4563
2,47,313.41,15.6089
2,54,260.415,7.91151
2,65,45.0476,1.42334
2,68,375.652,29.2852
2,78,224.686,11.0365
2,79,305.901,7.96563
2,80,261.12,13.0579
2,82,210.157,17.6075
2,89,179.05,1.99842
2,95,170.176,5.73444
2,97,262.637,15.4
3,16,217.72,0
3,26,272.613,13.8762
3,30,60.2993,0
3,32,228.941,17.9661
3,35,117.213,10.0133
3,36,251.962,0
3,41,95.5816,6.98398
3,42,317.929,16.9842
3,48,499.208,29.7147
3,52,80.1124,0
3,55,49.2967,2.87123
3,56,292.971,0
3,59,39,0
3,64,300.85,24.776
3,66,394.832,23.4624
3,88,94.3027,0
3,90,226.02,0
3,96,76.844,0
4,0,195.302,8.84929
4,10,149.544,6.27157
4,12,122.066,0
4,16,144.9,0
4,17,353.988,25.9237
4,23,224.601,8.39754
4,29,217.037,0
4,30,279.016,0
4,36,91.4822,0
4,49,154.072,7.48959
4,52,267.686,0
4,56,194.566,9.96742
4,90,271.155,0
4,94,90.2718,0
4,95,265.703,8.36626
5,19,61.7738,0
5,33,202.356,0
5,69,38.2099,0
5,71,202.608,0
5,73,40.6079,0
5,74,123.454,0
5,84,153.013,0
5,85,66.7083,0
5,93,103.774,0
6,7,216.481,0
6,9,266.363,0
6,11,171.418,0
6,14,287.48,0
6,20,166.208,0
6,24,205.769,0
6,28,52.3927,0
6,31,174.152,0
6,34,210.801,0
6,37,165.496,0
6,38,173.243,0
6,39,239.006,0
6,43,216.375,0
6,44,237.124,0
6,45,71.4003,0
6,50,90.4489,0
6,53,145.344,0
6,60,180.347,0
6,67,278.469,0
6,72,28.0179,0
6,76,219.246,0
6,77,136.499,0
6,86,147.275,0
6,87,82.8613,0
6,92,275.363,0
7,6,216.481,0
7,8,279.659,0
7,11,183.848,0
7,14,79.0759,0
7,18,163.16,4.43823
7,20,73.5459,0
7,25,217.83,0
7,27,194.445,0
7,28,178.732,0
7,37,55.9732,0
7,38,73.6817,0
7,39,71.4703,0
7,40,303.31,12.8975
7,44,284.823,0
7,45,287.141,0
7,60,180.701,0
7,61,203.039,0
7,67,188.449,0
7,70,249.69,0
7,72,242.076,0
7,77,169.446,0
7,86,188.939,0
7,87,281.301,0
7,91,293.886,23.351
7,92,103.233,0
8,1,192.629,0
8,7,279.659,0
8,14,265.187,0
8,18,279.464,23.7498
8,22,164.438,0
8,25,71.7008,0
8,27,131.095,0
8,32,516.414,27.5103
8,40,363.897,31.0926
8,46,215.839,18.1898
8,47,285.931,6.20955
8,48,225.299,19.2191
8,51,193.039,0
8,57,206.102,16.2588
8,58,237.701,19.5702
8,61,156.774,0
8,62,178.239,0
8,63,245.898,0
8,64,365.204,30.1016
8,66,348.327,23.9126
8,67,222.428,0
8,68,261.502,3.4616
8,70,153.154,0
8,81,234.366,15.6244
8,83,121.165,0
8,91,318.924,23.8704
8,92,191.003,0
9,6,266.363,0
9,11,126.621,0
9,20,237.2,0
9,28,227.952,0
9,33,133.184,0
9,38,234.137,0
9,39,255.971,0
9,50,248.805,0
9,60,126.657,0
9,69,275.016,0
9,72,261.396,0
9,74,252.24,0
9,75,138.177,0
9,77,156.029,0
9,86,135.429,0
9,93,230.054,0
10,0,323.4,14.7975
10,2,323.904,13.7057
10,4,149.544,6.27157
10,12,122.784,0
10,16,101.213,0
10,17,215.789,18.4836
10,21,273.372,10.9645
10,23,70.6824,0
10,29,112.05,4.54357
10,30,262.835,0
10,36,134.623,10.0496
10,49,261.788,2.61565
10,52,266.443,0
10,56,41.8808,0
10,64,218.103,0
10,68,385.969,32.3904
10,80,338,28.9584
10,81,304.711,9.79068
10,89,202.328,4.29712
10,90,161.05,0
10,94,246.091,10.2305
10,95,173.211,12.9404
11,6,171.418,0
11,7,183.848,0
11,9,126.621,0
11,14,212.021,0
11,20,112.379,0
11,28,122.004,0
11,33,241.249,0
11,37,173.876,0
11,38,110.494,0
11,39,148.014,0
11,45,227.178,0
11,50,196.125,0
11,60,10.6301,0
11,72,178.16,0
11,75,251.925,0
11,77,36.2215,0
11,86,26.4197,0
11,87,253.397,0
11,92,284.529,0
12,0,244.849,18.1649
12,2,263.401,0
12,4,122.066,0
12,10,122.784,0
12,16,203.214,0
12,17,300.856,23.2093
12,21,297.369,6.45795
12,23,174.929,0
12,29,138.438,0
12,36,174.897,0
12,49,180.677,3.50118
12,56,172,4.44547
12,89,264.733,9.22685
12,90,288.358,2.56375
12,94,170.496,0
12,95,179.262,9.92173
13,26,129.769,0
13,35,228.116,0
13,42,175.111,0
13,55,301.898,11.4355
13,59,306.416,18.4684
13,88,259.266,7.50772
13,96,278.682,3.41796
13,98,17.4642,0
14,6,287.48,0
14,7,79.0759,0
14,8,265.187,0
14,11,212.021,0
14,15,297.096,25.0746
14,18,89.2693,0
14,20,125.3,0
14,25,194.99,0
14,27,217.463,0
14,28,243.988,0
14,37,134.618,0
14,38,120.333,0
14,39,64.0078,0
14,40,289.698,24.6809
14,47,324.884,15.9791
14,54,352.152,28.0642
14,60,205.295,0
14,61,235.869,0
14,67,241.549,0
14,70,280.007,0
14,77,210.602,0
14,79,303.608,25.3007
14,86,225.887,0
14,91,257.197,16.1872
14,92,136.682,0
14,97,374.898,29.9884
15,14,297.096,25.0746
15,17,301.32,17.2857
15,18,191.599,11.7364
15,21,232.229,17.5698
15,25,301.942,18.0647
15,39,347.416,28.5106
15,40,52.5547,0
15,46,280.655,3.40168
15,47,116.914,0
15,54,57.28,0
15,58,224.589,0
15,65,330.203,19.7579
15,68,147.472,0
15,71,203.755,7.58795
15,78,114.019,3.85275
15,79,22.4722,0
15,80,175.317,4.26374
15,81,247.736,0
15,82,172.977,0
15,89,221.359,0
15,91,76.243,0
15,97,71.5891,0
16,3,217.72,0
16,4,144.9,0
16,10,101.213,0
16,12,203.214,0
16,17,251.193,17.209
16,23,135.558,0
16,29,198.204,0
16,30,163.371,0
16,32,334.632,28.5404
16,35,332.533,17.3737
16,36,57.3149,0
16,41,236.533,6.13491
16,49,297.56,7.44801
16,52,165.324,0
16,55,251.204,4.36958
16,56,96.1769,0
16,59,256.517,0
16,64,191.314,0
16,66,367.42,27.7148
16,81,288.591,0
16,89,323.839,21.3395
16,90,137.713,0
16,94,230.054,0
16,95,261.079,11.4555
16,96,268.784,0
17,2,244.969,0
17,4,353.988,25.9237
17,10,215.789,18.4836
17,12,300.856,23.2093
17,15,301.32,17.2857
17,16,251.193,17.209
17,21,151.118,7.39908
17,23,141.159,7.63932
17,29,160.399,13.3173
17,32,391.294,33.1473
17,36,283.192,16.3943
17,40,324.934,26.4475
17,46,266.557,18.5771
17,47,220.483,18.8547
17,54,331.024,27.6408
17,56,170.848,14.6561
17,57,338.957,25.6839
17,58,226.782,17.9986
17,64,214.041,17.5392
17,65,299.759,13.1483
17,66,343.254,25.2909
17,68,193.101,16.5546
17,78,280.019,14.7672
17,79,328.109,22.2427
17,80,127.029,10.7099
17,81,203.663,14.9871
17,82,275.122,9.18187
17,89,76.5768,0
17,90,173.4,13.6331
17,91,357.198,24.6665
17,95,130.321,5.86977
17,97,309.594,25.8554
18,7,163.16,4.43823
18,8,279.464,23.7498
18,14,89.2693,0
18,15,191.599,11.7364
18,20,212.822,0
18,25,195.337,16.583
18,27,203.305,0
18,37,219.212,5.3028
18,38,208.521,0
18,39,155.656,1.47662
18,40,158.185,11.7576
18,46,343.831,29.474
18,47,237.64,13.3211
18,54,252.969,13.868
18,57,512.402,21.6522
18,58,285.475,22.0367
18,60,297.028,1.97288
18,61,230.176,0
18,67,271.729,5.83966
18,68,244.854,12.7685
18,70,266.332,0
18,78,309.764,17.3565
18,79,223.409,16.8446
18,80,321.6,20.0942
18,81,318.416,23.9683
18,91,112.434,9.00297
18,92,167.716,6.24582
18,97,260.818,11.878
19,5,61.7738,0
19,33,225.362,0
19,69,82.0975,0
19,71,143.199,0
19,73,103.27,0.586606
19,74,174.003,0
19,79,339.717,20.8554
19,84,214.441,0
19,85,81.7435,0
19,93,144.184,0
20,6,166.208,0
20,7,73.5459,0
20,9,237.2,0
20,11,112.379,0
20,14,125.3,0
20,18,212.822,0
20,25,290.993,0
20,27,262.393,0
20,28,119.541,0
20,37,66.888,0
20,38,8.24621,0
20,39,72.8629,0
20,45,237.261,0
20,50,235.236,0
20,60,110.68,0
20,61,266.627,0
20,67,239.102,0
20,72,188.043,0
20,77,95.901,0
20,86,115.521,0
20,87,242.2,0
20,91,386.744,33.1701
20,92,172.192,0
21,2,162.005,7.91622
21,10,273.372,10.9645
21,12,297.369,6.45795
21,15,232.229,17.5698
21,17,151.118,7.39908
21,23,259.877,21.6858
21,29,170.173,6.7811
21,40,223.572,9.77852
21,47,170.247,12.9494
21,54,184.002,13.7542
21,56,296.067,22.608
21,58,278.697,16.0317
21,64,415.573,35.4896
21,65,188.499,13.3747
21,68,214.702,18.416
21,71,337.056,23.2095
21,78,166.047,13.6547
21,79,229.604,16.558
21,80,117.61,9.7723
21,81,270.842,11.8027
21,82,121.491,0
21,89,80.2992,6.72183
21,90,322.441,21.496
21,91,273.828,11.7437
21,95,128.32,0
21,97,169.471,14.0317
22,1,148.923,0
22,8,164.438,0
22,25,235.519,0
22,26,269.551,0
22,27,237.255,0
22,32,465.904,17.4749
22,42,218.563,0
22,46,375.227,26.8097
22,48,203.924,14.5986
22,51,111.212,0
22,57,287.086,19.2939
22,58,416.605,35.4234
22,61,244.463,0
22,62,36.8917,0
22,63,149.03,0
22,66,339.91,16.7341
22,70,208.154,0
22,81,457.045,33.8115
22,83,73.437,0
23,2,302.28,14.4862
23,4,224.601,8.39754
23,10,70.6824,0
23,12,174.929,0
23,16,135.558,0
23,17,141.159,7.63932
23,21,259.877,21.6858
23,29,91.2659,4.60798
23,30,277.218,0
23,32,376.221,31.4609
23,36,165.194,0
23,41,385.381,31.3885
23,46,282.478,6.26134
23,47,336.926,28.8104
23,52,288.09,0
23,56,41.3038,0
23,58,268.197,13.3193
23,64,171.549,0
23,66,369.615,28.11
23,68,316.975,26.9375
23,80,267.599,21.6322
23,81,241.487,10.2889
23,89,185.725,15.8126
23,90,156.341,12.4652
23,94,313.102,8.97961
23,95,165.429,14.0769
24,6,205.769,0
24,28,258.155,0
24,31,61.4003,0
24,34,110.436,0
24,43,23.3452,0
24,44,231.138,0
24,45,148.637,0
24,50,199.304,0
24,53,68,0
24,72,195.76,0
24,76,143.402,0
24,87,123.438,0
24,99,145.561,0
25,1,238.891,0
25,7,217.83,0
25,8,71.7008,0
25,14,194.99,0
25,15,301.942,18.0647
25,18,195.337,16.583
25,20,290.993,0
25,22,235.519,0
25,27,119.57,0
25,37,255.039,0
25,38,290.057,0
25,39,254.342,0
25,40,250.842,17.0912
25,46,219.823,18.1601
25,47,329.612,28.1408
25,48,311.825,26.6885
25,51,249.538,0
25,57,236.015,19.5518
25,58,221.801,16.284
25,61,150.748,0
25,62,246.678,0
25,66,392.103,32.7567
25,67,207.386,0
25,68,310.813,26.3615
25,70,168.134,0
25,79,323.823,18.7594
25,81,221.573,8.75822
25,83,185.321,0
25,91,238.128,17.5296
25,92,143.252,0
26,3,272.613,13.8762
26,13,129.769,0
26,22,269.551,0
26,32,351.85,28.6924
26,35,155.978,0
26,41,239.637,9.11098
26,42,59.4643,0
26,48,447.026,29.7067
26,55,231.681,11.8325
26,59,233.264,10.0375
26,62,287.063,0
26,66,458.762,24.4774
26,88,226.813,0
26,96,265.509,8.2518
26,98,143.962,0
27,1,165.324,0
27,7,194.445,0
27,8,131.095,0
27,14,217.463,0
27,18,203.305,0
27,20,262.393,0
27,22,237.255,0
27,25,119.57,0
27,37,205.387,0
27,38,264.911,0
27,39,256.844,0
27,44,251.978,0
27,46,322.7,20.6802
27,48,348.01,26.189
27,51,195.167,0
27,57,332.563,25.5804
27,58,304.612,4.64608
27,61,31.305,0
27,62,229.889,0
27,63,236.008,0
27,67,92.0869,0
27,70,63.8905,0
27,83,165.641,0
27,91,321.072,16.0934
27,92,91.214,0
28,6,52.3927,0
28,7,178.732,0
28,9,227.952,0
28,11,122.004,0
28,14,243.988,0
28,20,119.541,0
28,24,258.155,0
28,31,224.771,0
28,34,257.635,0
28,37,134.373,0
28,38,125.801,0
28,39,191.314,0
28,43,268.479,0
28,44,264.69,0
28,45,119.854,0
28,50,117.652,0
28,53,197.231,0
28,60,130.246,0
28,67,275.507,0
28,72,69.2965,0
28,76,261.396,0
28,77,86.1452,0
28,86,99.7246,0
28,87,135.074,0
28,92,252.286,0
29,2,236.437,16.4563
29,4,217.037,0
29,10,112.05,4.54357
29,12,138.438,0
29,16,198.204,0
29,17,160.399,13.3173
29,21,170.173,6.7811
29,23,91.2659,4.60798
29,36,256.506,18.2118
29,47,323.85,27.2344
29,56,105.759,0
29,58,387.176,32.9178
29,64,299.04,20.7934
29,65,265.809,14.7351
29,68,299.012,23.4082
29,78,335.034,21.8136
29,80,232.647,19.4199
29,81,356.332,29.3661
29,82,285.232,9.89284
29,89,121.582,5.99617
29,90,235.633,14.6162
29,94,318.969,11.6661
29,95,63.2437,3.90623
29,97,320.597,16.9546
30,3,60.2993,0
30,4,279.016,0
30,10,262.835,0
30,16,163.371,0
30,23,277.218,0
30,32,226.847,18.8721
30,35,170.989,10.8561
30,36,193.041,0
30,41,125.271,6.41465
30,52,29.9666,0
30,55,104.999,3.46149
30,56,246.455,0
30,59,96.421,0
30,64,217.938,0
30,66,393.271,30.9129
30,88,133.989,0
30,90,200.771,0
30,96,107.448,0
31,6,174.152,0
31,24,61.4003,0
31,28,224.771,0
31,34,156.237,0
31,37,289.803,0
31,43,54.8179,0
31,44,172.235,0
31,45,135.163,0
31,50,194.997,0
31,53,77.9872,0
31,72,172.186,0
31,76,90.8735,0
31,87,94.1329,0
31,99,206.886,0
32,3,228.941,17.9661
32,8,516.414,27.5103
32,16,334.632,28.5404
32,17,391.294,33.1473
32,22,465.904,17.4749
32,23,376.221,31.4609
32,26,351.85,28.6924
32,30,226.847,18.8721
32,35,211.61,16.5836
32,41,132.346,2.74631
32,42,378.876,28.1281
32,46,389.316,2.52714
32,48,294.089,1.08109
32,52,256.653,20.2368
32,55,202.073,11.4184
32,56,335.002,23.9599
32,57,334.15,0
32,58,342.212,29.0125
32,59,278.559,15.8104
32,62,497.646,29.4576
32,64,183.242,15.6214
32,66,168.024,0
32,81,312.694,25.9573
32,88,330.779,28.0696
32,90,210.775,17.2442
32,96,322.085,27.1998
33,5,202.356,0
33,9,133.184,0
33,11,241.249,0
33,19,225.362,0
33,60,237.023,0
33,69,164.268,0
33,73,204.064,0.583002
33,74,120.354,0
33,75,173.566,0
33,77,275.944,0
33,84,205.039,0
33,85,269.002,0
33,86,257.769,0
33,93,105.589,0
34,6,210.801,0
34,24,110.436,0
34,28,257.635,0
34,31,156.237,0
34,43,133.405,0
34,45,139.402,0
34,50,156.416,0
34,53,90.0888,0
34,72,188.43,0
34,76,246.739,0
34,87,151.476,0
34,99,109.179,0
35,3,117.213,10.0133
35,13,228.116,0
35,16,332.533,17.3737
35,26,155.978,0
35,30,170.989,10.8561
35,32,211.61,16.5836
35,41,101.797,6.95901
35,42,194.589,0
35,48,444.003,24.459
35,52,196.617,12.9061
35,55,79.2524,6.10946
35,57,512.824,27.2396
35,59,76.2634,5.887
35,64,339.523,28.63
35,66,339.477,24.4562
35,88,129.536,8.96442
35,90,366.747,31.1986
35,96,133.037,8.12745
35,98,245.552,0
36,0,279.98,6.6552
36,3,251.962,0
36,4,91.4822,0
36,10,134.623,10.0496
36,12,174.897,0
36,16,57.3149,0
36,17,283.192,16.3943
36,23,165.194,0
36,29,256.506,18.2118
36,30,193.041,0
36,41,282.693,5.84602
36,49,240.133,6.17126
36,52,186.304,0
36,55,291.09,4.35772
36,56,124.036,0
36,59,289.375,0
36,64,248.169,0
36,90,193.437,0
36,94,173.349,0
36,95,312.497,24.2594
36,96,290.947,0
37,6,165.496,0
37,7,55.9732,0
37,11,173.876,0
37,14,134.618,0
37,18,219.212,5.3028
37,20,66.888,0
37,25,255.039,0
37,27,205.387,0
37,28,134.373,0
37,31,289.803,0
37,38,72.8972,0
37,39,111.018,0
37,44,240.019,0
37,45,234.83,0
37,50,249.852,0
37,60,174,0
37,61,205.456,0
37,67,172.905,0
37,70,251.002,0
37,72,192.276,0
37,76,283.351,0
37,77,149.723,0
37,86,170.988,0
37,87,226.206,0
37,91,347.839,24.6581
37,92,120.033,0
38,6,173.243,0
38,7,73.6817,0
38,9,234.137,0
38,11,110.494,0
38,14,120.333,0
38,18,208.521,0
38,20,8.24621,0
38,25,290.057,0
38,27,264.911,0
38,28,125.801,0
38,37,72.8972,0
38,39,65.7951,0
38,45,244.125,0
38,50,240.707,0
38,60,108.046,0
38,61,270.041,0
38,67,244.201,0
38,72,194.618,0
38,77,96.6282,0
38,86,115.521,0
38,87,249.826,0
38,91,379.317,32.5384
38,92,174.27,0
39,6,239.006,0
39,7,71.4703,0
39,9,255.971,0
39,11,148.014,0
39,14,64.0078,0
39,15,347.416,28.5106
39,18,155.656,1.47662
39,20,72.8629,0
39,25,254.342,0
39,27,256.844,0
39,28,191.314,0
39,37,111.018,0
39,38,65.7951,0
39,40,323.972,25.6458
39,60,141.354,0
39,61,269.401,0
39,67,259.617,0
39,72,260.317,0
39,77,147.959,0
39,79,328.337,23.3761
39,86,162.364,0
39,91,284.119,24.2963
39,92,167.431,0
40,7,303.31,12.8975
40,8,363.897,31.0926
40,14,289.698,24.6809
40,15,52.5547,0
40,17,324.934,26.4475
40,18,158.185,11.7576
40,21,223.572,9.77852
40,25,250.842,17.0912
40,39,323.972,25.6458
40,46,234.151,3.80871
40,47,95.901,0
40,54,104.043,0
40,57,360.22,28.0878
40,58,180.76,0
40,68,119.038,0
40,71,258.468,9.45964
40,78,150.479,0
40,79,74.7329,0
40,80,167.019,4.07559
40,81,206.167,0
40,82,216.021,0
40,89,261.562,15.2982
40,91,47.5079,0
40,92,300.802,10.1812
40,97,113,0
41,3,95.5816,6.98398
41,16,236.533,6.13491
41,23,385.381,31.3885
41,26,239.637,9.11098
41,30,125.271,6.41465
41,32,132.346,2.74631
41,35,101.797,6.95901
41,36,282.693,5.84602
41,42,358.924,30.2476
41,46,505.463,9.81295
41,48,405.699,10.3146
41,52,153.538,6.32697
41,55,99.96,0
41,56,313.165,15.725
41,57,469.421,1.48226
41,58,406.186,34.6774
41,59,170.782,6.78335
41,64,264.869,20.7453
41,66,296.054,4.70369
41,81,359.195,30.1577
41,88,240.355,19.8443
41,90,264.545,22.6295
41,96,189.425,14.6638
42,3,317.929,16.9842
42,13,175.111,0
42,22,218.563,0
42,26,59.4643,0
42,32,378.876,28.1281
42,35,194.589,0
42,41,358.924,30.2476
42,48,378.928,28.8407
42,55,267.438,12.7362
42,59,269.829,7.64911
42,62,232.459,0
42,66,417.044,26.8097
42,83,291.343,0
42,88,278.632,0
42,98,186.261,0
43,6,216.375,0
43,24,23.3452,0
43,28,268.479,0
43,31,54.8179,0
43,34,133.405,0
43,44,216.449,0
43,45,164.11,0
43,50,217.681,0
43,53,86.4928,0
43,72,208.952,0
43,76,126.036,0
43,87,133.522,0
43,99,158.71,0
44,1,288.175,0
44,6,237.124,0
44,7,284.823,0
44,24,231.138,0
44,27,251.978,0
44,28,264.69,0
44,31,172.235,0
44,37,240.019,0
44,43,216.449,0
44,45,251.002,0
44,53,238.665,0
44,61,223.6,0
44,67,160.59,0
44,70,234.83,0
44,72,255.267,0
44,76,93.3006,0
44,87,204.788,0
44,92,249.329,0
45,6,71.4003,0
45,7,287.141,0
45,11,227.178,0
45,20,237.261,0
45,24,148.637,0
45,28,119.854,0
45,31,135.163,0
45,34,139.402,0
45,37,234.83,0
45,38,244.125,0
45,43,164.11,0
45,44,251.002,0
45,50,61.5873,0
45,53,82.0061,0
45,60,237.143,0
45,72,51.0392,0
45,76,205.643,0
45,77,195.494,0
45,86,201.137,0
45,87,48.1664,0
45,99,242.769,0
46,8,215.839,18.1898
46,15,280.655,3.40168
46,17,266.557,18.5771
46,18,343.831,29.474
46,22,375.227,26.8097
46,23,282.478,6.26134
46,25,219.823,18.1601
46,27,322.7,20.6802
46,32,389.316,2.52714
46,40,234.151,3.80871
46,41,505.463,9.81295
46,47,190.041,3.19487
46,48,253.148,0
46,56,357.272,25.8246
46,57,124.788,0
46,58,63.9514,3.19369
46,62,391.413,32.659
46,64,157.323,8.80134
46,66,251.436,0
46,68,159.837,3.06355
46,80,214.563,3.40588
46,81,64.5368,3.84148
46,83,329.266,28.2368
46,89,358.912,30.1669
46,90,205.516,8.14716
46,91,263.285,8.05078
47,2,313.41,15.6089
47,8,285.931,6.20955
47,14,324.884,15.9791
47,15,116.914,0
47,17,220.483,18.8547
47,18,237.64,13.3211
47,21,170.247,12.9494
47,23,336.926,28.8104
47,25,329.612,28.1408
47,29,323.85,27.2344
47,40,95.901,0
47,46,190.041,3.19487
47,54,128.973,0
47,56,360.147,29.74
47,57,314.825,24.8357
47,58,127.534,0
47,64,231.366,0
47,65,330.759,20.5829
47,68,33.3017,0
47,71,305.983,7.72212
47,78,154.548,0
47,79,134.261,0
47,80,83.94,6.45329
47,81,143.68,0
47,82,242.146,15.9465
47,89,182.504,14.8999
47,90,276.213,14.6621
47,91,141.683,0
47,95,255.242,10.976
47,97,122.025,0
48,1,324.017,24.8341
48,3,499.208,29.7147
48,8,225.299,19.2191
48,22,203.924,14.5986
48,25,311.825,26.6885
48,26,447.026,29.7067
48,27,348.01,26.189
48,32,294.089,1.08109
48,35,444.003,24.459
48,41,405.699,10.3146
48,42,378.928,28.8407
48,46,253.148,0
48,51,300.149,24.6305
48,55,482.948,12.673
48,57,128.996,0
48,58,316.599,17.9223
48,62,238.477,20.1478
48,63,345.781,26.8338
48,64,310.645,19.2716
48,66,141.534,0
48,68,414.119,34.9091
48,70,333.399,22.4779
48,81,295.22,18.1256
48,83,224.676,19.2331
48,90,374.718,29.6053
49,0,39.2938,0
49,4,154.072,7.48959
49,10,261.788,2.61565
49,12,180.677,3.50118
49,16,297.56,7.44801
49,36,240.133,6.17126
49,94,63.1269,0
50,6,90.4489,0
50,9,248.805,0
50,11,196.125,0
50,20,235.236,0
50,24,199.304,0
50,28,117.652,0
50,31,194.997,0
50,34,156.416,0
50,37,249.852,0
50,38,240.707,0
50,43,217.681,0
50,45,61.5873,0
50,53,131.461,0
50,60,206.693,0
50,72,62.8013,0
50,75,290.594,0
50,76,267.152,0
50,77,170.532,0
50,86,169.838,0
50,87,109.403,0
50,99,265.56,0
51,1,45.0111,0
51,8,193.039,0
51,22,111.212,0
51,25,249.538,0
51,27,195.167,0
51,48,300.149,24.6305
51,57,341.695,27.8489
51,61,187.856,0
51,62,77.4145,0
51,63,53.0094,0
51,67,231.193,0
51,70,142.042,0
51,83,77.4661,0
51,92,285.955,0
52,3,80.1124,0
52,4,267.686,0
52,10,266.443,0
52,16,165.324,0
52,23,288.09,0
52,30,29.9666,0
52,32,256.653,20.2368
52,35,196.617,12.9061
52,36,186.304,0
52,41,153.538,6.32697
52,55,129.228,3.80049
52,56,254.562,0
52,59,110.476,0
52,64,243.526,0
52,66,424.688,35.1532
52,88,133.795,0
52,90,221.741,0
52,96,104.924,0
53,6,145.344,0
53,24,68,0
53,28,197.231,0
53,31,77.9872,0
53,34,90.0888,0
53,43,86.4928,0
53,44,238.665,0
53,45,82.0061,0
53,50,131.461,0
53,72,131.309,0
53,76,167.057,0
53,77,276.697,0
53,86,283.028,0
53,87,69.029,0
53,99,173.678,0
54,2,260.415,7.91151
54,14,352.152,28.0642
54,15,57.28,0
54,17,331.024,27.6408
54,18,252.969,13.868
54,21,184.002,13.7542
54,40,104.043,0
54,47,128.973,0
54,58,252.533,0
54,65,288.563,22.4537
54,68,162.274,0
54,71,184.174,9.86646
54,78,57.8503,3.80714
54,79,45.607,0
54,80,183.749,11.2198
54,81,271.621,0
54,82,115.767,0
54,89,194.579,0
54,91,133.522,0
54,95,337.731,24.0691
54,97,19.6977,0
55,3,49.2967,2.87123
55,13,301.898,11.4355
55,16,251.204,4.36958
55,26,231.681,11.8325
55,30,104.999,3.46149
55,32,202.073,11.4184
55,35,79.2524,6.10946
55,36,291.09,4.35772
55,41,99.96,0
55,42,267.438,12.7362
55,48,482.948,12.673
55,52,129.228,3.80049
55,57,528.161,16.4538
55,59,78.502,3.8885
55,64,351.545,25.6136
55,66,358.005,15.9801
55,88,144.97,12.022
55,90,303.518,25.4678
55,96,135.318,11.188
55,98,319.318,11.5243
56,3,292.971,0
56,4,194.566,9.96742
56,10,41.8808,0
56,12,172,4.44547
56,16,96.1769,0
56,17,170.848,14.6561
56,21,296.067,22.608
56,23,41.3038,0
56,29,105.759,0
56,30,246.455,0
56,32,335.002,23.9599
56,36,124.036,0
56,41,313.165,15.725
56,46,357.272,25.8246
56,47,360.147,29.74
56,52,254.562,0
56,58,287.677,10.5485
56,64,176.977,0
56,68,340.65,28.5795
56,80,305.652,26.2078
56,81,264.598,9.97635
56,89,223.768,17.3798
56,90,120.603,0
56,94,289.611,12.7345
56,95,167.018,10.2519
57,1,355.215,27.2841
57,8,206.102,16.2588
57,17,338.957,25.6839
57,18,512.402,21.6522
57,22,287.086,19.2939
57,25,236.015,19.5518
57,27,332.563,25.5804
57,32,334.15,0
57,35,512.824,27.2396
57,40,360.22,28.0878
57,41,469.421,1.48226
57,46,124.788,0
57,47,314.825,24.8357
57,48,128.996,0
57,51,341.695,27.8489
57,55,528.161,16.4538
57,58,187.95,14.4821
57,61,347.107,23.6052
57,62,300.367,25.5688
57,64,212.848,18.24
57,66,168.76,0
57,68,285.272,23.5505
57,70,340.119,24.4143
57,80,338.459,25.9007
57,81,180.866,13.4214
57,83,264.424,22.68
57,90,269.119,21.3084
58,8,237.701,19.5702
58,15,224.589,0
58,17,226.782,17.9986
58,18,285.475,22.0367
58,21,278.697,16.0317
58,22,416.605,35.4234
58,23,268.197,13.3193
58,25,221.801,16.284
58,27,304.612,4.64608
58,29,387.176,32.9178
58,32,342.212,29.0125
58,40,180.76,0
58,41,406.186,34.6774
58,46,63.9514,3.19369
58,47,127.534,0
58,48,316.599,17.9223
58,54,252.533,0
58,56,287.677,10.5485
58,57,187.95,14.4821
58,64,142.004,0
58,66,258.836,21.5697
58,68,96.933,0
58,78,281.954,0
58,79,246.002,0
58,80,152.21,0
58,81,29,0
58,83,324.803,18.7703
58,89,286.037,23.779
58,90,180.081,0
58,91,207.791,0
58,95,370.69,29.1429
58,97,248.244,0
59,3,39,0
59,13,306.416,18.4684
59,16,256.517,0
59,26,233.264,10.0375
59,30,96.421,0
59,32,278.559,15.8104
59,35,76.2634,5.887
59,36,289.375,0
59,41,170.782,6.78335
59,42,269.829,7.64911
59,52,110.476,0
59,55,78.502,3.8885
59,64,358.059,30.6479
59,66,433.059,20.723
59,88,65.2534,0
59,90,260.599,0
59,96,59.2284,0
59,98,322.418,18.3902
60,6,180.347,0
60,7,180.701,0
60,9,126.657,0
60,11,10.6301,0
60,14,205.295,0
60,18,297.028,1.97288
60,20,110.68,0
60,28,130.246,0
60,33,237.023,0
60,37,174,0
60,38,108.046,0
60,39,141.354,0
60,45,237.143,0
60,50,206.693,0
60,72,187.856,0
60,75,255.157,0
60,77,44.1022,0
60,86,36.8917,0
60,87,262.612,0
60,92,282.312,0
61,1,152.735,0
61,7,203.039,0
61,8,156.774,0
61,14,235.869,0
61,18,230.176,0
61,20,266.627,0
61,22,244.463,0
61,25,150.748,0
61,27,31.305,0
61,37,205.456,0
61,38,270.041,0
61,39,269.401,0
61,44,223.6,0
61,51,187.856,0
61,57,347.107,23.6052
61,62,232.433,0
61,63,223.517,0
61,67,66.4831,0
61,70,46.669,0
61,83,171.21,0
61,92,102.078,0
62,1,118.596,0
62,8,178.239,0
62,22,36.8917,0
62,25,246.678,0
62,26,287.063,0
62,27,229.889,0
62,32,497.646,29.4576
62,42,232.459,0
62,46,391.413,32.659
62,48,238.477,20.1478
62,51,77.4145,0
62,57,300.367,25.5688
62,61,232.433,0
62,63,112.201,0
62,66,377.223,25.9412
62,67,287.042,0
62,70,192.003,0
62,83,65.8027,0
63,1,70.9366,0
63,8,245.898,0
63,22,149.03,0
63,27,236.008,0
63,48,345.781,26.8338
63,51,53.0094,0
63,61,223.517,0
63,62,112.201,0
63,67,256.32,0
63,70,176.867,0
63,83,129.757,0
64,3,300.85,24.776
64,8,365.204,30.1016
64,10,218.103,0
64,16,191.314,0
64,17,214.041,17.5392
64,21,415.573,35.4896
64,23,171.549,0
64,29,299.04,20.7934
64,30,217.938,0
64,32,183.242,15.6214
64,35,339.523,28.63
64,36,248.169,0
64,41,264.869,20.7453
64,46,157.323,8.80134
64,47,231.366,0
64,48,310.645,19.2716
64,52,243.526,0
64,55,351.545,25.6136
64,56,176.977,0
64,57,212.848,18.24
64,58,142.004,0
64,59,358.059,30.6479
64,66,198.157,14.4131
64,68,199.01,0
64,80,291.774,24.8303
64,81,113.004,0
64,89,257.392,9.67408
64,90,57.9828,0
64,95,329.621,23.19
65,2,45.0476,1.42334
65,15,330.203,19.7579
65,17,299.759,13.1483
65,21,188.499,13.3747
65,29,265.809,14.7351
65,47,330.759,20.5829
65,54,288.563,22.4537
65,71,371.716,31.7064
65,78,253.699,21.7619
65,79,339.376,25.2971
65,80,296.936,21.1339
65,82,171.809,14.4214
65,89,233.228,15.0279
65,95,200.448,3.12526
65,97,257.412,18.0701
66,3,394.832,23.4624
66,8,348.327,23.9126
66,16,367.42,27.7148
66,17,343.254,25.2909
66,22,339.91,16.7341
66,23,369.615,28.11
66,25,392.103,32.7567
66,26,458.762,24.4774
66,30,393.271,30.9129
66,32,168.024,0
66,35,339.477,24.4562
66,41,296.054,4.70369
66,42,417.044,26.8097
66,46,251.436,0
66,48,141.534,0
66,52,424.688,35.1532
66,55,358.005,15.9801
66,57,168.76,0
66,58,258.836,21.5697
66,59,433.059,20.723
66,62,377.223,25.9412
66,64,198.157,14.4131
66,68,329.381,24.5928
66,81,221.926,18.9402
66,83,365.861,28.3626
66,90,258.096,21.9651
67,1,189.621,0
67,6,278.469,0
67,7,188.449,0
67,8,222.428,0
67,14,241.549,0
67,18,271.729,5.83966
67,20,239.102,0
67,25,207.386,0
67,27,92.0869,0
67,28,275.507,0
67,37,172.905,0
67,38,244.201,0
67,39,259.617,0
67,44,160.59,0
67,51,231.193,0
67,61,66.4831,0
67,62,287.042,0
67,63,256.32,0
67,70,95.4254,0
67,76,247.952,0
67,83,230.176,0
67,87,294.083,0
67,92,108.074,0
68,2,375.652,29.2852
68,8,261.502,3.4616
68,10,385.969,32.3904
68,15,147.472,0
68,17,193.101,16.5546
68,18,244.854,12.7685
68,21,214.702,18.416
68,23,316.975,26.9375
68,25,310.813,26.3615
68,29,299.012,23.4082
68,40,119.038,0
68,46,159.837,3.06355
68,47,33.3017,0
68,48,414.119,34.9091
68,54,162.274,0
68,56,340.65,28.5795
68,57,285.272,23.5505
68,58,96.933,0
68,64,199.01,0
68,66,329.381,24.5928
68,78,186.703,0
68,79,165.955,0
68,80,93.2661,7.93735
68,81,111.018,0
68,82,275.321,17.7928
68,89,163.724,9.31308
68,90,232.138,8.79311
68,91,161.372,0
68,95,272.085,17.2724
68,97,155.052,0
69,5,38.2099,0
69,9,275.016,0
69,19,82.0975,0
69,33,164.268,0
69,71,224.878,0
69,73,52.1597,0.491701
69,74,92.0489,0
69,84,141.014,0
69,85,104.738,0
69,93,66.6408,0
70,1,106.066,0
70,7,249.69,0
70,8,153.154,0
70,14,280.007,0
70,18,266.332,0
70,22,208.154,0
70,25,168.134,0
70,27,63.8905,0
70,37,251.002,0
70,44,234.83,0
70,48,333.399,22.4779
70,51,142.042,0
70,57,340.119,24.4143
70,61,46.669,0
70,62,192.003,0
70,63,176.867,0
70,67,95.4254,0
70,83,135,0
70,92,148.223,0
71,5,202.608,0
71,15,203.755,7.58795
71,19,143.199,0
71,21,337.056,23.2095
71,40,258.468,9.45964
71,47,305.983,7.72212
71,54,184.174,9.86646
71,65,371.716,31.7064
71,69,224.878,0
71,73,250.227,4.58211
71,78,191.272,13.9655
71,79,181.652,7.57055
71,82,172.939,0
71,85,185.311,0
71,91,262.698,10.7859
71,93,283,0
71,97,191.707,8.60746
72,6,28.0179,0
72,7,242.076,0
72,9,261.396,0
72,11,178.16,0
72,20,188.043,0
72,24,195.76,0
72,28,69.2965,0
72,31,172.186,0
72,34,188.43,0
72,37,192.276,0
72,38,194.618,0
72,39,260.317,0
72,43,208.952,0
72,44,255.267,0
72,45,51.0392,0
72,50,62.8013,0
72,53,131.309,0
72,60,187.856,0
72,76,227.952,0
72,77,145.399,0
72,86,152.555,0
72,87,78.0577,0
72,99,293.411,0
73,5,40.6079,0
73,19,103.27,0.586606
73,33,204.064,0.583002
73,69,52.1597,0.491701
73,71,250.227,4.58211
73,74,130.232,9.96608
73,84,115.601,0.515994
73,85,106.897,8.98921
73,93,98.8731,0.602699
74,5,123.454,0
74,9,252.24,0
74,19,174.003,0
74,33,120.354,0
74,69,92.0489,0
74,73,130.232,9.96608
74,75,276.875,0
74,84,88.7694,0
74,85,202.739,9.34897
74,93,41.2311,0
75,9,138.177,0
75,11,251.925,0
75,33,173.566,0
75,50,290.594,0
75,60,255.157,0
75,74,276.875,0
75,77,272.342,0
75,86,251.078,0
75,93,275.071,0
76,6,219.246,0
76,24,143.402,0
76,28,261.396,0
76,31,90.8735,0
76,34,246.739,0
76,37,283.351,0
76,43,126.036,0
76,44,93.3006,0
76,45,205.643,0
76,50,267.152,0
76,53,167.057,0
76,67,247.952,0
76,72,227.952,0
76,87,157.813,0
76,99,284.253,0
77,6,136.499,0
77,7,169.446,0
77,9,156.029,0
77,11,36.2215,0
77,14,210.602,0
77,20,95.901,0
77,28,86.1452,0
77,33,275.944,0
77,37,149.723,0
77,38,96.6282,0
77,39,147.959,0
77,45,195.494,0
77,50,170.532,0
77,53,276.697,0
77,60,44.1022,0
77,72,145.399,0
77,75,272.342,0
77,86,21.4009,0
77,87,219.021,0
77,92,265.731,0
78,2,224.686,11.0365
78,15,114.019,3.85275
78,17,280.019,14.7672
78,18,309.764,17.3565
78,21,166.047,13.6547
78,29,335.034,21.8136
78,40,150.479,0
78,47,154.548,0
78,54,57.8503,3.80714
78,58,281.954,0
78,65,253.699,21.7619
78,68,186.703,0
78,71,191.272,13.9655
78,79,107.269,6.17591
78,80,196.574,13.3819
78,82,68.4867,0.52656
78,89,259.811,22.2651
78,91,190.256,3.98919
78,95,289.541,15.8573
78,97,38.1182,0
79,2,305.901,7.96563
79,14,303.608,25.3007
79,15,22.4722,0
79,17,328.109,22.2427
79,18,223.409,16.8446
79,19,339.717,20.8554
79,21,229.604,16.558
79,25,323.823,18.7594
79,39,328.337,23.3761
79,40,74.7329,0
79,47,134.261,0
79,54,45.607,0
79,58,246.002,0
79,65,339.376,25.2971
79,68,165.955,0
79,71,181.652,7.57055
79,78,107.269,6.17591
79,80,192.245,6.45768
79,81,268.6,0
79,82,182.864,9.89155
79,89,227.783,0
79,91,92.5419,0
79,97,63.6553,0
80,2,261.12,13.0579
80,10,338,28.9584
80,15,175.317,4.26374
80,17,127.029,10.7099
80,18,321.6,20.0942
80,21,117.61,9.7723
80,23,267.599,21.6322
80,29,232.647,19.4199
80,40,167.019,4.07559
80,46,214.563,3.40588
80,47,83.94,6.45329
80,54,183.749,11.2198
80,56,305.652,26.2078
80,57,338.459,25.9007
80,58,152.21,0
80,64,291.774,24.8303
80,65,296.936,21.1339
80,68,93.2661,7.93735
80,78,196.574,13.3819
80,79,192.245,6.45768
80,81,156.438,0
80,82,290.915,23.6292
80,89,85.5649,4.74327
80,90,297.295,25.4748
80,91,215.345,4.68356
80,95,177.431,5.84938
80,97,172.415,11.8862
81,8,234.366,15.6244
81,10,304.711,9.79068
81,15,247.736,0
81,16,288.591,0
81,17,203.663,14.9871
81,18,318.416,23.9683
81,21,270.842,11.8027
81,22,457.045,33.8115
81,23,241.487,10.2889
81,25,221.573,8.75822
81,29,356.332,29.3661
81,32,312.694,25.9573
81,40,206.167,0
81,41,359.195,30.1577
81,46,64.5368,3.84148
81,47,143.68,0
81,48,295.22,18.1256
81,54,271.621,0
81,56,264.598,9.97635
81,57,180.866,13.4214
81,58,29,0
81,64,113.004,0
81,66,221.926,18.9402
81,68,111.018,0
81,79,268.6,0
81,80,156.438,0
81,83,383.091,32.0089
81,89,294.16,25.1552
81,90,152.434,0
81,91,235.342,0
81,95,350.19,26.2185
81,97,265.68,0
82,2,210.157,17.6075
82,15,172.977,0
82,17,275.122,9.18187
82,21,121.491,0
82,29,285.232,9.89284
82,40,216.021,0
82,47,242.146,15.9465
82,54,115.767,0
82,65,171.809,14.4214
82,68,275.321,17.7928
82,71,172.939,0
82,78,68.4867,0.52656
82,79,182.864,9.89155
82,80,290.915,23.6292
82,89,195.31,6.47387
82,91,249.195,0
82,95,239.114,4.37862
82,97,103.16,0
83,1,96.0469,0
83,8,121.165,0
83,22,73.437,0
83,25,185.321,0
83,27,165.641,0
83,42,291.343,0
83,46,329.266,28.2368
83,48,224.676,19.2331
83,51,77.4661,0
83,57,264.424,22.68
83,58,324.803,18.7703
83,61,171.21,0
83,62,65.8027,0
83,63,129.757,0
83,66,365.861,28.3626
83,67,230.176,0
83,70,135,0
83,81,383.091,32.0089
83,92,254.49,0
84,5,153.013,0
84,19,214.441,0
84,33,205.039,0
84,69,141.014,0
84,73,115.601,0.515994
84,74,88.7694,0
84,85,185.097,0
84,93,124.338,0
85,5,66.7083,0
85,19,81.7435,0
85,33,269.002,0
85,69,104.738,0
85,71,185.311,0
85,73,106.897,8.98921
85,74,202.739,9.34897
85,84,185.097,0
85,93,168.514,0
86,6,147.275,0
86,7,188.939,0
86,9,135.429,0
86,11,26.4197,0
86,14,225.887,0
86,20,115.521,0
86,28,99.7246,0
86,33,257.769,0
86,37,170.988,0
86,38,115.521,0
86,39,162.364,0
86,45,201.137,0
86,50,169.838,0
86,53,283.028,0
86,60,36.8917,0
86,72,152.555,0
86,75,251.078,0
86,77,21.4009,0
86,87,228.543,0
86,92,286.386,0
87,6,82.8613,0
87,7,281.301,0
87,11,253.397,0
87,20,242.2,0
87,24,123.438,0
87,28,135.074,0
87,31,94.1329,0
87,34,151.476,0
87,37,226.206,0
87,38,249.826,0
87,43,133.522,0
87,44,204.788,0
87,45,48.1664,0
87,50,109.403,0
87,53,69.029,0
87,60,262.612,0
87,67,294.083,0
87,72,78.0577,0
87,76,157.813,0
87,77,219.021,0
87,86,228.543,0
87,99,242.621,0
88,3,94.3027,0
88,13,259.266,7.50772
88,26,226.813,0
88,30,133.989,0
88,32,330.779,28.0696
88,35,129.536,8.96442
88,41,240.355,19.8443
88,42,278.632,0
88,52,133.795,0
88,55,144.97,12.022
88,59,65.2534,0
88,96,29.4279,0
88,98,275.596,7.95714
89,2,179.05,1.99842
89,10,202.328,4.29712
89,12,264.733,9.22685
89,15,221.359,0
89,16,323.839,21.3395
89,17,76.5768,0
89,21,80.2992,6.72183
89,23,185.725,15.8126
89,29,121.582,5.99617
89,40,261.562,15.2982
89,46,358.912,30.1669
89,47,182.504,14.8999
89,54,194.579,0
89,56,223.768,17.3798
89,58,286.037,23.779
89,64,257.392,9.67408
89,65,233.228,15.0279
89,68,163.724,9.31308
89,78,259.811,22.2651
89,79,227.783,0
89,80,85.5649,4.74327
89,81,294.16,25.1552
89,82,195.31,6.47387
89,90,252.762,16.415
89,91,307.772,15.342
89,95,91.8314,0
89,97,176.139,0
90,3,226.02,0
90,4,271.155,0
90,10,161.05,0
90,12,288.358,2.56375
90,16,137.713,0
90,17,173.4,13.6331
90,21,322.441,21.496
90,23,156.341,12.4652
90,29,235.633,14.6162
90,30,200.771,0
90,32,210.775,17.2442
90,35,366.747,31.1986
90,36,193.437,0
90,41,264.545,22.6295
90,46,205.516,8.14716
90,47,276.213,14.6621
90,48,374.718,29.6053
90,52,221.741,0
90,55,303.518,25.4678
90,56,120.603,0
90,57,269.119,21.3084
90,58,180.081,0
90,59,260.599,0
90,64,57.9828,0
90,66,258.096,21.9651
90,68,232.138,8.79311
90,80,297.295,25.4748
90,81,152.434,0
90,89,252.762,16.415
90,95,288.943,22.2389
91,7,293.886,23.351
91,8,318.924,23.8704
91,14,257.197,16.1872
91,15,76.243,0
91,17,357.198,24.6665
91,18,112.434,9.00297
91,20,386.744,33.1701
91,21,273.828,11.7437
91,25,238.128,17.5296
91,27,321.072,16.0934
91,37,347.839,24.6581
91,38,379.317,32.5384
91,39,284.119,24.2963
91,40,47.5079,0
91,46,263.285,8.05078
91,47,141.683,0
91,54,133.522,0
91,58,207.791,0
91,68,161.372,0
91,71,262.698,10.7859
91,78,190.256,3.98919
91,79,92.5419,0
91,80,215.345,4.68356
91,81,235.342,0
91,82,249.195,0
91,89,307.772,15.342
91,92,283.249,17.4296
91,97,147.078,0
92,1,253.811,0
92,6,275.363,0
92,7,103.233,0
92,8,191.003,0
92,11,284.529,0
92,14,136.682,0
92,18,167.716,6.24582
92,20,172.192,0
92,25,143.252,0
92,27,91.214,0
92,28,252.286,0
92,37,120.033,0
92,38,174.27,0
92,39,167.431,0
92,40,300.802,10.1812
92,44,249.329,0
92,51,285.955,0
92,60,282.312,0
92,61,102.078,0
92,67,108.074,0
92,70,148.223,0
92,77,265.731,0
92,83,254.49,0
92,86,286.386,0
92,91,283.249,17.4296
93,5,103.774,0
93,9,230.054,0
93,19,144.184,0
93,33,105.589,0
93,69,66.6408,0
93,71,283,0
93,73,98.8731,0.602699
93,74,41.2311,0
93,75,275.071,0
93,84,124.338,0
93,85,168.514,0
94,0,101.178,0
94,4,90.2718,0
94,10,246.091,10.2305
94,12,170.496,0
94,16,230.054,0
94,23,313.102,8.97961
94,29,318.969,11.6661
94,36,173.349,0
94,49,63.1269,0
94,56,289.611,12.7345
95,2,170.176,5.73444
95,4,265.703,8.36626
95,10,173.211,12.9404
95,12,179.262,9.92173
95,16,261.079,11.4555
95,17,130.321,5.86977
95,21,128.32,0
95,23,165.429,14.0769
95,29,63.2437,3.90623
95,36,312.497,24.2594
95,47,255.242,10.976
95,54,337.731,24.0691
95,56,167.018,10.2519
95,58,370.69,29.1429
95,64,329.621,23.19
95,65,200.448,3.12526
95,68,272.085,17.2724
95,78,289.541,15.8573
95,80,177.431,5.84938
95,81,350.19,26.2185
95,82,239.114,4.37862
95,89,91.8314,0
95,90,288.943,22.2389
95,97,305.698,19.9889
96,3,76.844,0
96,13,278.682,3.41796
96,16,268.784,0
96,26,265.509,8.2518
96,30,107.448,0
96,32,322.085,27.1998
96,35,133.037,8.12745
96,36,290.947,0
96,41,189.425,14.6638
96,52,104.924,0
96,55,135.318,11.188
96,59,59.2284,0
96,88,29.4279,0
96,98,298.26,5.29382
97,2,262.637,15.4
97,14,374.898,29.9884
97,15,71.5891,0
97,17,309.594,25.8554
97,18,260.818,11.878
97,21,169.471,14.0317
97,29,320.597,16.9546
97,40,113,0
97,47,122.025,0
97,54,19.6977,0
97,58,248.244,0
97,65,257.412,18.0701
97,68,155.052,0
97,71,191.707,8.60746
97,78,38.1182,0
97,79,63.6553,0
97,80,172.415,11.8862
97,81,265.68,0
97,82,103.16,0
97,89,176.139,0
97,91,147.078,0
97,95,305.698,19.9889
98,13,17.4642,0
98,26,143.962,0
98,35,245.552,0
98,42,186.261,0
98,55,319.318,11.5243
98,59,322.418,18.3902
98,88,275.596,7.95714
98,96,298.26,5.29382
99,24,145.561,0
99,31,206.886,0
99,34,109.179,0
99,43,158.71,0
99,45,242.769,0
99,50,265.56,0
99,53,173.678,0
99,72,293.411,0
99,76,284.253,0
99,87,242.621,0
