0,1,60.6053,0
0,15,78.2304,0
0,27,94.8025,1.86451
0,28,92.5035,4.4967
0,29,98.4602,6.93765
0,30,109.59,0
0,44,90.5539,0
0,53,92.4175,0
1,0,60.6053,0
1,14,204.023,10.301
1,15,29.6142,0
1,27,34.5612,1.7909
1,28,61.5146,3.92706
1,29,54.8109,3.36737
1,30,60.075,0
1,38,201.94,16.5888
1,41,135.033,0
1,44,75.0588,4.17896
1,47,159.776,13.3601
1,53,38.4708,0
1,92,132.034,0
2,8,92.361,6.1574
2,14,72.0278,0
2,15,206.858,13.6839
2,16,108.606,6.3714
2,19,156.362,9.84098
2,24,121.027,9.4442
2,25,72.0514,6.18099
2,27,201.191,8.77378
2,28,217.093,15.7132
2,29,215.435,15.072
2,30,163.125,10.7816
2,31,131.572,8.57955
2,38,181.675,14.6738
2,39,138.71,11.1444
2,41,109.749,8.78798
2,44,212.513,16.9156
2,46,35.1924,1.47899
2,47,113.359,6.0728
2,50,60.0372,5.05222
2,52,82.7196,6.65258
2,53,187.527,10.9437
2,54,137.672,6.9762
2,55,128.254,7.63415
2,60,84.2959,7.23045
2,61,49.5933,2.56983
2,67,152.422,13.0508
2,73,187.685,15.466
2,75,179.42,15.3554
2,84,109.455,6.26858
2,90,177.624,14.8832
2,92,184.868,14.829
2,94,102.689,7.13569
2,95,89.6767,6.81825
3,8,86.9253,0
3,9,107.648,0
3,16,76.5768,0
3,18,110.145,0
3,19,59.7746,0
3,20,134.718,0
3,22,129.958,0
3,24,84.386,0
3,25,136.235,0
3,31,92.5743,0
3,42,112.161,0
3,43,141.319,2.63319
3,45,150.4,11.1674
3,52,116.619,0
3,55,114.791,0
3,57,28.0713,0
3,58,162.678,10.6726
3,69,136.036,2.40521
3,76,185.023,15.8105
3,81,181.509,15.4946
3,82,1.41421,0
3,83,68.3182,5.83484
3,84,69.8355,0
3,88,99.0404,0
3,94,120.702,0
3,95,123,0
4,9,92.1954,0
4,18,77.7946,0
4,20,54.8179,0
4,34,135.021,8.85979
4,35,5.38516,0
4,69,116.258,4.19576
4,91,89.8528,2.50494
4,93,54.0833,0
5,13,106.106,7.90002
5,21,159,13.4583
5,23,174.914,14.9015
5,32,184.75,15.2553
5,48,164.786,14.1042
5,49,88.677,6.75444
5,51,67.7932,4.56783
5,56,172.99,14.837
5,59,163.176,13.98
5,63,101.45,8.4182
5,79,114,0
5,87,195.088,16.5564
5,89,27.0185,0
5,96,151.433,12.3941
5,97,87.6584,0
6,8,146.686,4.71316
6,11,178.539,0
6,13,246.321,11.1532
6,22,28.6323,2.18329
6,23,170.106,0
6,26,117.388,0
6,32,261.335,0
6,33,189.292,13.5615
6,36,67.3843,0.960917
6,37,183.848,0
6,40,226.945,3.11795
6,42,84.2912,4.5156
6,43,19.799,0
6,48,173.297,0
6,52,121.481,4.15486
6,54,78.2544,2.92079
6,55,74.0813,4.22338
6,56,221.504,0
6,57,138.033,5.73831
6,59,229.539,0
6,62,142.843,0
6,68,60.5835,4.97422
6,72,166.843,13.357
6,76,173.554,13.7741
6,78,123.822,0
6,85,185.828,0
6,87,180.056,0
6,88,129.078,10.7565
6,94,97.235,4.08639
6,95,109.549,3.7328
6,96,239.095,8.9303
7,13,177.129,7.13228
7,23,223.246,12.618
7,47,157.393,13.5015
7,49,216.054,10.053
7,50,176.649,14.9778
7,54,201.851,16.7311
7,75,70.5666,3.35206
7,79,58.8461,4.00037
7,92,75.4307,6.46549
7,96,115.143,9.77434
7,97,134.158,8.19848
8,2,92.361,6.1574
8,3,86.9253,0
8,6,146.686,4.71316
8,14,159.409,13.6281
8,16,27.2029,0
8,19,66.1287,0
8,22,118.697,0
8,24,39.0512,0
8,25,74.4136,5.67424
8,31,62.6259,0
8,39,145.407,9.92363
8,41,138.884,6.66245
8,42,131.848,0
8,43,132.458,1.95857
8,46,57.9396,0
8,47,156.062,8.62136
8,50,96.0052,0
8,52,42.19,0
8,54,121.017,0
8,55,75.7694,0
8,57,63.2456,0
8,60,105.807,6.3979
8,61,63.6396,0
8,67,110.018,0
8,68,125.539,0
8,69,140.825,5.90219
8,73,125.687,5.89779
8,82,87.4643,0
8,83,154.76,9.00356
8,84,19,0
8,94,61.7171,0
8,95,54.8179,0
9,3,107.648,0
9,4,92.1954,0
9,18,48.0833,0
9,19,106.118,0
9,20,77.8362,6.17747
9,31,130.698,0
9,34,152.816,9.99234
9,35,87.8009,0
9,45,91.0055,0
9,57,132.484,0
9,69,114.633,2.45479
9,81,108.24,0
9,82,106.254,0
9,83,129.267,9.79356
9,91,152.664,8.12998
9,93,120.315,8.35758
10,24,156.198,9.0603
10,25,142.981,11.7611
10,28,233.449,13.2464
10,30,168.116,14.0097
10,31,154.111,12.0808
10,34,140.707,11.5667
10,38,76.2775,6.14171
10,39,46.123,2.20099
10,41,72.4194,3.99477
10,44,208.243,13.5642
10,60,92.7874,3.44163
10,61,130.821,3.92898
10,67,63.7704,4.64434
10,69,176.134,13.0783
10,73,79.3529,6.32045
10,77,42.6197,3.63912
10,90,48.7567,3.60949
10,91,219.388,5.40814
10,98,9.84886,0
11,6,178.539,0
11,17,122.503,10.4748
11,22,204.748,2.83894
11,23,262.488,0
11,26,69.857,0
11,32,183.967,0
11,33,108.363,8.38644
11,36,213.785,0
11,37,7.2111,0
11,40,76.9415,0
11,42,184.855,4.73454
11,43,190.672,0
11,48,228.114,0
11,56,172.105,0
11,59,182.044,0
11,62,152.315,0
11,66,163.401,12.3852
11,68,244.819,3.13424
11,72,112.381,8.78665
11,74,133.413,9.96576
11,76,136.856,9.99391
11,78,70.0383,3.11281
11,80,99.9936,8.51345
11,85,56.5685,0
11,86,158.733,12.4057
11,87,153.31,0
11,88,164.887,14.1332
12,33,120.88,0
12,58,147.33,8.04503
12,64,28.178,0
12,65,72.0069,0
12,66,69.3542,0
12,70,99.2018,0
12,71,63.1506,0
12,72,127.016,0
12,74,128.55,0
12,76,126.194,0
12,99,97.4987,0
13,5,106.106,7.90002
13,6,246.321,11.1532
13,7,177.129,7.13228
13,23,76.2245,6.48063
13,32,175.314,14.7017
13,36,180.646,10.0528
13,48,73.8585,5.58561
13,49,50.3587,0
13,51,162.012,0
13,54,123.586,9.7854
13,56,137.545,11.5629
13,59,131.395,10.795
13,62,141.99,11.9929
13,63,221.323,0.496219
13,68,138.086,11.414
13,75,169.255,10.0747
13,79,91.0723,6.64779
13,87,140.913,12.0846
13,89,103.694,8.7236
13,92,213.921,13.7745
13,96,52.0646,3.82926
13,97,37.0523,1.14686
14,1,204.023,10.301
14,2,72.0278,0
14,8,159.409,13.6281
14,15,151.142,12.873
14,16,179.218,15.3386
14,24,193.006,16.3287
14,25,144.364,9.02435
14,27,170.082,0
14,28,192.916,14.2817
14,29,181.469,14.272
14,30,137.803,9.91244
14,38,205.445,15.5584
14,39,185.929,15.95
14,41,147.616,12.5671
14,44,203.712,14.9827
14,46,102.851,1.43936
14,47,43.0659,3.6576
14,50,49.5424,3.88257
14,52,112.887,8.95928
14,53,136.838,11.0624
14,54,139.713,7.44032
14,55,148.381,8.8894
14,60,136.25,10.1746
14,61,120.042,2.35475
14,67,192.042,16.4451
14,75,138.094,11.7234
14,84,177.21,15.1082
14,90,216.929,15.4443
14,92,124.811,10.6926
14,94,124.446,8.70783
14,95,112.803,8.39861
15,0,78.2304,0
15,1,29.6142,0
15,2,206.858,13.6839
15,14,151.142,12.873
15,27,33.2805,1.78288
15,28,35.1206,2.85037
15,29,29.2986,2.50666
15,30,32.28,0
15,38,170.486,11.7532
15,41,112.403,2.84037
15,44,48.75,3.41797
15,47,160.049,12.7175
15,50,202.628,16.8856
15,53,15,0
15,60,143.184,8.42557
15,61,180.761,15.2185
15,90,187.584,12.9655
16,2,108.606,6.3714
16,3,76.5768,0
16,8,27.2029,0
16,14,179.218,15.3386
16,18,121.078,0
16,19,40.6079,0
16,24,14.3178,0
16,25,59.6657,0
16,31,37.1214,0
16,34,145.998,11.6516
16,39,114.783,2.94984
16,41,143.782,9.41114
16,46,76.1643,0
16,50,118.95,0
16,52,69.3397,0
16,55,99.985,0
16,57,60.0333,0
16,60,89.1964,0
16,61,84.993,5.00916
16,67,96.1041,0
16,69,111.415,4.51286
16,73,119.172,9.37912
16,82,76.6942,0
16,83,144.309,8.5898
16,84,16.2788,0
16,94,88.3912,0
16,95,82.0061,0
17,11,122.503,10.4748
17,26,179,15.1844
17,32,140.645,8.5922
17,33,134.239,0
17,37,115.793,9.77282
17,40,93.8741,7.132
17,56,167.02,13.0891
17,59,170.284,13.2689
17,70,112.45,0
17,74,80.8022,0
17,78,175.468,15.0483
17,80,51.8652,0
17,85,115.325,8.83326
17,86,93.0484,0
17,87,185.825,15.811
18,3,110.145,0
18,4,77.7946,0
18,9,48.0833,0
18,16,121.078,0
18,19,81.8841,0
18,20,24.5967,0
18,24,113.6,0
18,31,95.8853,0
18,34,104.382,8.47833
18,35,89.2685,5.55513
18,45,129.808,0
18,57,127.781,0
18,69,66.706,2.23542
18,73,159.464,13.5354
18,82,108.784,0
18,83,153.26,10.9286
18,84,130.648,0
18,91,98.9326,4.19586
18,93,59,0
19,2,156.362,9.84098
19,3,59.7746,0
19,8,66.1287,0
19,9,106.118,0
19,16,40.6079,0
19,18,81.8841,0
19,20,103.005,0
19,24,37.6563,0
19,25,91.4166,0
19,31,34.7131,0
19,34,124.196,10.2601
19,39,127.644,3.48781
19,45,146.258,4.19661
19,46,116.017,0
19,52,107.838,0
19,55,130.115,0
19,57,59.8415,0
19,60,130.041,6.13049
19,61,115.364,2.89101
19,67,111.757,2.86235
19,69,82.1195,2.42313
19,73,122,9.99926
19,82,59.1354,0
19,83,125.739,9.15749
19,84,48.7647,0
19,91,180.551,15.2304
19,93,121.606,0
19,94,123.709,0
19,95,119.474,0
20,3,134.718,0
20,4,54.8179,0
20,9,77.8362,6.17747
20,18,24.5967,0
20,19,103.005,0
20,24,131.59,0
20,31,111.629,0
20,34,98.9582,7.85383
20,35,53.535,0
20,69,69.4787,2.7686
20,73,183.995,15.0384
20,82,133.36,0
20,91,92.9351,7.16196
20,93,38.6005,0
21,5,159,13.4583
21,51,198.28,6.47196
21,63,127.66,10.8269
21,86,194.007,14.7546
21,89,171.017,14.0072
22,3,129.958,0
22,6,28.6323,2.18329
22,8,118.697,0
22,11,204.748,2.83894
22,23,159.723,9.50734
22,26,139.844,2.82411
22,33,161.991,13.4612
22,36,55.6619,4.69003
22,37,210.441,2.83928
22,40,254.243,3.02301
22,42,43.9659,0
22,43,14.0698,1.20599
22,48,170.721,9.80214
22,52,96.3379,0
22,54,68.0294,0
22,55,47.8539,0
22,56,246.831,4.08436
22,57,108.374,0
22,59,254.362,4.16967
22,62,165.428,4.62463
22,68,44.911,0
22,72,149.759,12.5141
22,76,122.415,4.92919
22,78,142.945,2.92595
22,82,131.366,0
22,84,123.329,0
22,85,215.197,2.87761
22,87,205.197,4.04322
22,88,81.2158,0
22,94,72.8011,0
22,95,86.1278,0
22,96,186.254,15.9321
23,5,174.914,14.9015
23,6,170.106,0
23,7,223.246,12.618
23,11,262.488,0
23,13,76.2245,6.48063
23,22,159.723,9.50734
23,26,238.872,0
23,32,208.959,0
23,36,103.942,0
23,37,263.424,0
23,42,250.346,7.04733
23,43,169.995,6.31415
23,48,50.3587,0
23,49,84.8268,7.11436
23,51,170.878,10.3983
23,52,154.01,7.33972
23,54,72.4371,5.79302
23,55,136.884,10.9608
23,56,166.373,0
23,59,166.973,0
23,62,116.017,0
23,63,176.633,15.144
23,68,101.053,3.90013
23,75,206.872,8.42339
23,78,254.472,0
23,79,172.489,14.4983
23,85,228.954,0
23,87,140.014,0
23,89,160.118,13.0916
23,94,132.466,7.52906
23,95,140.198,7.2478
23,96,83.8362,5.76665
23,97,106.952,8.22245
24,2,121.027,9.4442
24,3,84.386,0
24,8,39.0512,0
24,10,156.198,9.0603
24,14,193.006,16.3287
24,16,14.3178,0
24,18,113.6,0
24,19,37.6563,0
24,20,131.59,0
24,25,54.5619,0
24,31,23.6008,0
24,34,133.024,11.1167
24,39,102.622,2.99314
24,41,140.435,10.7566
24,46,79.511,0
24,50,124.427,0
24,52,80.1561,0
24,55,113.649,0
24,57,71.3092,0
24,60,81.6884,0
24,61,78.748,3.22151
24,67,83.2406,0
24,69,101.844,5.62617
24,73,108.035,9.18016
24,77,169.021,14.1645
24,82,84.2912,0
24,83,151.916,8.84816
24,84,30.5941,0
24,90,154.658,7.98132
24,94,100.767,0
24,95,93.3809,0
24,98,152.234,9.55758
25,2,72.0514,6.18099
25,3,136.235,0
25,8,74.4136,5.67424
25,10,142.981,11.7611
25,14,144.364,9.02435
25,16,59.6657,0
25,19,91.4166,0
25,24,54.5619,0
25,30,134.472,7.84271
25,31,63.1981,0
25,34,172.268,14.5642
25,38,130.036,10.564
25,39,97.4226,8.33608
25,41,64.622,0
25,46,44.5982,0
25,47,187.462,13.2549
25,50,112.996,8.68339
25,52,76.9415,0
25,53,153.651,8.46865
25,55,124.101,0
25,57,117.796,0
25,60,31.305,0
25,61,22.8473,0
25,67,78.2793,6.05404
25,69,140.105,9.72977
25,73,103.646,8.85203
25,77,140.935,10.6651
25,82,136.36,0
25,84,69.029,0
25,90,122.427,9.59444
25,94,102.259,0
25,95,90.0278,0
25,98,140.595,11.5925
26,6,117.388,0
26,11,69.857,0
26,17,179,15.1844
26,22,139.844,2.82411
26,23,238.872,0
26,32,222.827,0
26,33,108.982,9.27271
26,36,166.973,0
26,37,76.6551,0
26,40,106.213,4.16038
26,42,120.872,2.48767
26,43,126.127,0
26,48,216.342,0
26,54,221.33,11.9537
26,55,186.366,14.9953
26,56,197.96,0
26,59,208.087,0
26,62,148.216,0
26,66,161.694,11.6771
26,68,193.661,3.48967
26,72,112.097,8.8966
26,74,131.769,11.0167
26,76,136.991,11.0356
26,78,18.1108,0
26,80,168.563,11.728
26,85,104.69,0
26,87,166.373,0
26,88,124.067,10.553
27,0,94.8025,1.86451
27,1,34.5612,1.7909
27,2,201.191,8.77378
27,14,170.082,0
27,15,33.2805,1.78288
27,28,67.5226,4.69797
27,29,61.6709,4.5277
27,30,53.3933,3.85048
27,38,158.761,13.023
27,41,160.179,13.6951
27,44,82.7333,5.77056
27,46,236.383,10.2534
27,47,140.306,6.3822
27,50,213.828,6.84381
27,53,28.8382,2.10026
27,60,167.915,14.1213
27,61,228.372,10.373
27,90,182.814,15.6753
27,92,177.327,13.4723
28,0,92.5035,4.4967
28,1,61.5146,3.92706
28,2,217.093,15.7132
28,10,233.449,13.2464
28,14,192.916,14.2817
28,15,35.1206,2.85037
28,27,67.5226,4.69797
28,29,5.83095,0
28,30,55.4854,4.51172
28,38,150.091,8.19103
28,39,218.174,15.5027
28,41,142.933,12.124
28,44,13.4536,0
28,47,192.225,15.3728
28,53,43.4366,3.11704
28,60,158.193,12.9629
28,90,175.037,7.6408
29,0,98.4602,6.93765
29,1,54.8109,3.36737
29,2,215.435,15.072
29,14,181.469,14.272
29,15,29.2986,2.50666
29,27,61.6709,4.5277
29,28,5.83095,0
29,30,53.5121,4.05604
29,38,162.653,6.58825
29,39,231.795,13.9934
29,41,152.822,12.2345
29,44,19.105,0
29,47,185.528,14.7395
29,53,37.0821,2.68929
29,60,154.853,12.2899
29,61,179.182,14.5699
29,90,182.445,7.39806
30,0,109.59,0
30,1,60.075,0
30,2,163.125,10.7816
30,10,168.116,14.0097
30,14,137.803,9.91244
30,15,32.28,0
30,25,134.472,7.84271
30,27,53.3933,3.85048
30,28,55.4854,4.51172
30,29,53.5121,4.05604
30,38,105.402,8.93785
30,39,144.199,11.0679
30,41,75,0
30,44,60.8682,5.17132
30,46,193.003,12.8668
30,47,140.997,11.56
30,50,193.292,12.9656
30,53,22.2036,0
30,60,102.578,5.11631
30,61,126.836,8.87512
30,67,125.064,0
30,90,123.868,10.6212
30,98,170.117,13.3546
31,2,131.572,8.57955
31,3,92.5743,0
31,8,62.6259,0
31,9,130.698,0
31,10,154.111,12.0808
31,16,37.1214,0
31,18,95.8853,0
31,19,34.7131,0
31,20,111.629,0
31,24,23.6008,0
31,25,63.1981,0
31,34,108.98,9.33585
31,38,165.239,11.3278
31,39,92.9455,3.31523
31,41,124.828,6.9014
31,46,108.611,5.06449
31,52,103.276,0
31,55,137.058,0
31,57,85.9884,0
31,60,105.533,8.05379
31,61,84.0952,0
31,67,74.853,1.66809
31,69,78.681,5.36975
31,73,89.7427,7.61454
31,77,162.79,13.5225
31,82,92.1303,0
31,83,158.336,9.25533
31,84,52.9245,0
31,90,145.43,7.33183
31,91,197.181,14.1895
31,93,119.202,0
31,94,124.326,0
31,95,116.675,0
31,98,150.735,12.4685
32,5,184.75,15.2553
32,6,261.335,0
32,11,183.967,0
32,13,175.314,14.7017
32,17,140.645,8.5922
32,23,208.959,0
32,26,222.827,0
32,36,242.297,0
32,37,178.885,0
32,40,245.008,1.46376
32,48,158.619,0
32,49,159.042,10.6028
32,51,115.938,5.9685
32,56,44.7214,0
32,59,42.0476,0
32,62,123.693,0
32,63,92.739,6.68791
32,78,239.708,0
32,80,87.7913,7.01431
32,85,127.577,0
32,86,114.275,8.77107
32,87,84.309,0
32,89,159.401,11.1054
32,97,231.128,14.6175
33,6,189.292,13.5615
33,11,108.363,8.38644
33,12,120.88,0
33,17,134.239,0
33,22,161.991,13.4612
33,26,108.982,9.27271
33,37,117.644,9.80363
33,40,75.7398,4.85831
33,42,86.2804,1.19633
33,43,178.32,14.1524
33,58,116.352,9.46647
33,64,102.421,0
33,65,121.116,0
33,66,62.3699,0
33,70,101.02,0
33,72,13.1529,0
33,74,64.6297,0
33,76,37.6431,0
33,78,92.2939,7.9109
33,85,159.943,13.7194
33,88,67.897,0
34,4,135.021,8.85979
34,9,152.816,9.99234
34,10,140.707,11.5667
34,16,145.998,11.6516
34,18,104.382,8.47833
34,19,124.196,10.2601
34,20,98.9582,7.85383
34,24,133.024,11.1167
34,25,172.268,14.5642
34,31,108.98,9.33585
34,35,137.047,8.89868
34,38,204.376,16.5632
34,39,168.19,0
34,41,208.027,13.1318
34,60,193.193,13.6404
34,67,145.489,0.494814
34,69,41.2311,0
34,73,97.0155,0
34,77,112.285,6.73275
34,84,161.012,12.0759
34,90,183.393,15.2828
34,91,93.3809,0
34,93,80.2868,6.78695
34,98,131.188,10.0692
35,4,5.38516,0
35,9,87.8009,0
35,18,89.2685,5.55513
35,20,53.535,0
35,34,137.047,8.89868
35,69,116.279,3.74208
35,91,93.6851,2.55529
35,93,56.5685,0
36,6,67.3843,0.960917
36,11,213.785,0
36,13,180.646,10.0528
36,22,55.6619,4.69003
36,23,103.942,0
36,26,166.973,0
36,32,242.297,0
36,37,217.375,0
36,42,124.083,10.2508
36,43,64,5.04878
36,48,118.811,0
36,49,184.618,10.8195
36,50,145.432,5.64846
36,52,120.017,5.45134
36,54,57.775,4.74363
36,55,77.4061,5.05256
36,56,198.323,0
36,59,204.088,0
36,62,118.962,0
36,68,32.7015,2.09763
36,78,178.393,0
36,85,202.406,0
36,87,158.114,0
36,88,161.089,13.5033
36,94,94.8314,5.25696
36,95,107.756,5.68405
36,96,168.693,8.56221
36,97,210.008,10.136
37,6,183.848,0
37,11,7.2111,0
37,17,115.793,9.77282
37,22,210.441,2.83928
37,23,263.424,0
37,26,76.6551,0
37,32,178.885,0
37,33,117.644,9.80363
37,36,217.375,0
37,40,78,0
37,42,193.959,3.90386
37,43,196.367,0
37,48,227.982,0
37,56,168.428,0
37,59,178.281,0
37,62,152.013,0
37,66,170.968,13.7726
37,68,248.719,3.1048
37,72,116.827,9.20636
37,74,134.923,9.91668
37,76,143.989,11.0518
37,78,77.1443,3.19228
37,80,92.8571,7.95918
37,85,52.0384,0
37,86,151.209,11.3407
37,87,151.169,0
37,88,170.928,14.6346
38,1,201.94,16.5888
38,2,181.675,14.6738
38,10,76.2775,6.14171
38,14,205.445,15.5584
38,15,170.486,11.7532
38,25,130.036,10.564
38,27,158.761,13.023
38,28,150.091,8.19103
38,29,162.653,6.58825
38,30,105.402,8.93785
38,31,165.239,11.3278
38,34,204.376,16.5632
38,39,83.2767,6.60926
38,41,66.9628,1.79727
38,44,130.404,7.84011
38,46,179,15.3398
38,53,137.628,11.7895
38,60,99.7275,8.51651
38,61,137.512,11.3065
38,67,107.238,8.35619
38,73,143.872,10.905
38,77,95.3918,6.92454
38,90,22.0907,0
38,98,75.7351,6.21825
39,2,138.71,11.1444
39,8,145.407,9.92363
39,10,46.123,2.20099
39,14,185.929,15.95
39,16,114.783,2.94984
39,19,127.644,3.48781
39,24,102.622,2.99314
39,25,97.4226,8.33608
39,28,218.174,15.5027
39,29,231.795,13.9934
39,30,144.199,11.0679
39,31,92.9455,3.31523
39,34,168.19,0
39,38,83.2767,6.60926
39,41,49.5765,3.76169
39,44,216.527,12.7242
39,46,128.52,8.08865
39,53,167.365,11.9931
39,60,54.0914,2.73105
39,61,100.94,6.98078
39,67,25.6778,1.47432
39,69,189.663,0
39,73,75.2861,0
39,77,54.8562,2.88032
39,84,129.385,2.92656
39,90,59.5909,5.02941
39,91,226.109,7.10727
39,98,44.1537,2.27303
40,6,226.945,3.11795
40,11,76.9415,0
40,17,93.8741,7.132
40,22,254.243,3.02301
40,26,106.213,4.16038
40,32,245.008,1.46376
40,33,75.7398,4.85831
40,37,78,0
40,42,186.008,11.7459
40,43,241.106,0
40,56,243.647,0
40,59,253.18,0
40,62,229.225,0
40,66,105.006,4.47393
40,70,111.367,5.17185
40,72,83.4336,4.90647
40,74,56.2586,4.2687
40,76,109.086,4.99131
40,78,111.319,0
40,80,107.016,8.91801
40,85,127.122,0
40,87,228.98,0
40,88,124.613,4.35981
41,1,135.033,0
41,2,109.749,8.78798
41,8,138.884,6.66245
41,10,72.4194,3.99477
41,14,147.616,12.5671
41,15,112.403,2.84037
41,16,143.782,9.41114
41,24,140.435,10.7566
41,25,64.622,0
41,27,160.179,13.6951
41,28,142.933,12.124
41,29,152.822,12.2345
41,30,75,0
41,31,124.828,6.9014
41,34,208.027,13.1318
41,38,66.9628,1.79727
41,39,49.5765,3.76169
41,44,121.866,10.1237
41,46,108.225,6.3034
41,47,180.691,15.4742
41,50,174.923,14.9992
41,52,136.528,0
41,53,101.048,1.91844
41,60,33.5261,0
41,61,69.0652,0
41,67,50.1597,0
41,69,209.744,16.0033
41,73,99.2198,8.17811
41,77,82.4924,0
41,84,140.35,3.81044
41,90,63.6776,2.15529
41,98,70.6323,1.8466
42,3,112.161,0
42,6,84.2912,4.5156
42,8,131.848,0
42,11,184.855,4.73454
42,22,43.9659,0
42,23,250.346,7.04733
42,26,120.872,2.48767
42,33,86.2804,1.19633
42,36,124.083,10.2508
42,37,193.959,3.90386
42,40,186.008,11.7459
42,43,57.1524,4.89109
42,48,261.582,2.94696
42,52,122.589,0
42,54,111.79,0
42,55,78.7464,0
42,57,98.6712,0
42,58,148.385,12.1242
42,62,219.844,2.70389
42,68,88.7694,0
42,72,72.3464,0
42,76,68,0
42,78,112.174,2.78795
42,82,113.534,0
42,83,166.662,14.297
42,84,130.035,0
42,85,221.558,2.80773
42,87,251.911,2.87249
42,88,38.0132,0
42,94,103.6,0
42,95,115.935,0
43,3,141.319,2.63319
43,6,19.799,0
43,8,132.458,1.95857
43,11,190.672,0
43,22,14.0698,1.20599
43,23,169.995,6.31415
43,26,126.127,0
43,33,178.32,14.1524
43,36,64,5.04878
43,37,196.367,0
43,40,241.106,0
43,42,57.1524,4.89109
43,48,191.269,0
43,52,110.419,1.94886
43,54,79.4122,2.68786
43,55,61.9316,1.88805
43,56,241.23,0
43,57,119.226,1.83982
43,59,249.303,0
43,62,162.641,0
43,68,56.4451,3.2082
43,72,159.289,13.1675
43,76,161.926,13.3498
43,78,130,0
43,82,142.734,2.63509
43,84,136.738,2.02186
43,85,202,0
43,87,199.81,0
43,88,90.1153,4.74024
43,94,86.8459,1.96437
43,95,100.178,1.97668
43,96,223.753,15.5888
44,0,90.5539,0
44,1,75.0588,4.17896
44,2,212.513,16.9156
44,10,208.243,13.5642
44,14,203.712,14.9827
44,15,48.75,3.41797
44,27,82.7333,5.77056
44,28,13.4536,0
44,29,19.105,0
44,30,60.8682,5.17132
44,38,130.404,7.84011
44,39,216.527,12.7242
44,41,121.866,10.1237
44,47,205.093,16.5187
44,53,59.1647,4.61024
44,60,139.145,8.84573
44,90,152.491,8.24495
44,98,216.024,15.6033
45,3,150.4,11.1674
45,9,91.0055,0
45,18,129.808,0
45,19,146.258,4.19661
45,57,178.573,14.9995
45,58,134.076,7.92957
45,65,108.631,4.55289
45,76,218.328,14.8591
45,81,31.7805,0
45,82,148.968,11.1354
45,83,90.0173,4.58912
45,88,229.835,10.6943
46,2,35.1924,1.47899
46,8,57.9396,0
46,14,102.851,1.43936
46,16,76.1643,0
46,19,116.017,0
46,24,79.511,0
46,25,44.5982,0
46,27,236.383,10.2534
46,30,193.003,12.8668
46,31,108.611,5.06449
46,38,179,15.3398
46,39,128.52,8.08865
46,41,108.225,6.3034
46,47,139.011,7.74435
46,50,53.1644,2.84809
46,52,46.6154,0
46,53,222.221,12.4263
46,54,113.508,0
46,55,94.3716,0
46,57,120.354,0
46,60,63.0635,0
46,61,25.632,0
46,67,126.419,8.48281
46,68,129.387,0
46,73,148.145,10.8653
46,75,161.771,10.1814
46,84,75.9605,0
46,90,168.629,13.9339
46,92,166.403,12.9094
46,94,69.4262,0
46,95,56.0892,0
47,1,159.776,13.3601
47,2,113.359,6.0728
47,7,157.393,13.5015
47,8,156.062,8.62136
47,14,43.0659,3.6576
47,15,160.049,12.7175
47,25,187.462,13.2549
47,27,140.306,6.3822
47,28,192.225,15.3728
47,29,185.528,14.7395
47,30,140.997,11.56
47,41,180.691,15.4742
47,44,205.093,16.5187
47,46,139.011,7.74435
47,50,43.4166,0
47,52,107.424,0
47,53,147.111,10.3252
47,54,122.577,0
47,60,176.887,13.9299
47,61,162.158,8.28603
47,75,118.232,9.54947
47,92,82.1341,7.0305
47,94,116.606,0
47,95,106.85,0
47,96,149.689,7.11054
48,5,164.786,14.1042
48,6,173.297,0
48,11,228.114,0
48,13,73.8585,5.58561
48,22,170.721,9.80214
48,23,50.3587,0
48,26,216.342,0
48,32,158.619,0
48,36,118.811,0
48,37,227.982,0
48,42,261.582,2.94696
48,43,191.269,0
48,49,72.2127,6.17203
48,51,131.317,9.84878
48,54,121.015,9.53926
48,55,183.214,15.1509
48,56,116.103,0
48,59,116.619,0
48,62,76.0263,0
48,63,134.355,10.9812
48,68,130.283,3.92951
48,75,250.178,9.5473
48,78,233.418,0
48,79,164.758,12.6559
48,80,224.39,14.7818
48,85,188.223,0
48,87,92.2822,0
48,89,141.905,11.6694
48,94,185.878,15.9108
48,96,105.474,8.66544
48,97,108.948,9.33844
49,5,88.677,6.75444
49,7,216.054,10.053
49,13,50.3587,0
49,23,84.8268,7.11436
49,32,159.042,10.6028
49,36,184.618,10.8195
49,48,72.2127,6.17203
49,51,112.285,0
49,54,147.544,12.4034
49,56,131.987,9.85288
49,59,124.335,9.71735
49,62,146.324,8.5065
49,63,171.104,0.494487
49,68,184.598,12.8274
49,75,219.615,10.8931
49,79,123.244,10.07
49,85,244.446,10.3963
49,87,140.873,8.84429
49,89,75.3682,6.22337
49,96,71.4064,5.5225
49,97,81.8822,1.04828
50,2,60.0372,5.05222
50,7,176.649,14.9778
50,8,96.0052,0
50,14,49.5424,3.88257
50,15,202.628,16.8856
50,16,118.95,0
50,24,124.427,0
50,25,112.996,8.68339
50,27,213.828,6.84381
50,30,193.292,12.9656
50,36,145.432,5.64846
50,41,174.923,14.9992
50,46,53.1644,2.84809
50,47,43.4166,0
50,52,64.2573,0
50,53,183.914,15.0077
50,54,91.0824,0
50,55,97.6217,0
50,60,145.132,12.36
50,61,99.0548,8.39052
50,68,113.6,0
50,75,109.886,7.63578
50,84,115.004,0
50,92,107.906,8.26502
50,94,73.7564,0
50,95,63.5138,0
50,96,145.549,8.50789
51,5,67.7932,4.56783
51,13,162.012,0
51,21,198.28,6.47196
51,23,170.878,10.3983
51,32,115.938,5.9685
51,48,131.317,9.84878
51,49,112.285,0
51,56,108.108,7.96319
51,59,99.0515,7.46356
51,62,156.046,10.8872
51,63,60.5848,0.496316
51,80,202.364,16.4152
51,85,227.116,9.3888
51,86,187.253,12.95
51,87,131.007,9.71484
51,89,44.9049,3.85149
51,96,183.728,13.0472
51,97,186.03,1.93602
52,2,82.7196,6.65258
52,3,116.619,0
52,6,121.481,4.15486
52,8,42.19,0
52,14,112.887,8.95928
52,16,69.3397,0
52,19,107.838,0
52,22,96.3379,0
52,23,154.01,7.33972
52,24,80.1561,0
52,25,76.9415,0
52,31,103.276,0
52,36,120.017,5.45134
52,41,136.528,0
52,42,122.589,0
52,43,110.419,1.94886
52,46,46.6154,0
52,47,107.424,0
52,50,64.2573,0
52,54,81.2712,0
52,55,48.5077,0
52,57,89.1067,0
52,60,104.019,0
52,61,67.6018,0
52,67,174.823,13.6226
52,68,90.4434,0
52,82,117.516,0
52,84,59.2368,0
52,94,25.318,0
52,95,13.8924,0
53,0,92.4175,0
53,1,38.4708,0
53,2,187.527,10.9437
53,14,136.838,11.0624
53,15,15,0
53,25,153.651,8.46865
53,27,28.8382,2.10026
53,28,43.4366,3.11704
53,29,37.0821,2.68929
53,30,22.2036,0
53,38,137.628,11.7895
53,39,167.365,11.9931
53,41,101.048,1.91844
53,44,59.1647,4.61024
53,46,222.221,12.4263
53,47,147.111,10.3252
53,50,183.914,15.0077
53,60,137.798,10.1962
53,61,174.932,14.8812
53,90,149.99,12.812
53,92,203.421,16.1445
54,2,137.672,6.9762
54,6,78.2544,2.92079
54,7,201.851,16.7311
54,8,121.017,0
54,13,123.586,9.7854
54,14,139.713,7.44032
54,22,68.0294,0
54,23,72.4371,5.79302
54,26,221.33,11.9537
54,36,57.775,4.74363
54,42,111.79,0
54,43,79.4122,2.68786
54,46,113.508,0
54,47,122.577,0
54,48,121.015,9.53926
54,49,147.544,12.4034
54,50,91.0824,0
54,52,81.2712,0
54,55,56.3028,0
54,56,233.539,11.0575
54,59,235.7,11.4209
54,62,162.224,9.88735
54,68,26.1725,0
54,75,127.183,9.06907
54,78,227.136,13.1451
54,79,160.039,9.88476
54,84,134.618,0
54,87,198.07,10.5347
54,92,144.103,8.80344
54,94,59.397,0
54,95,67.424,0
54,96,102.083,8.65162
54,97,147.874,12.677
55,2,128.254,7.63415
55,3,114.791,0
55,6,74.0813,4.22338
55,8,75.7694,0
55,14,148.381,8.8894
55,16,99.985,0
55,19,130.115,0
55,22,47.8539,0
55,23,136.884,10.9608
55,24,113.649,0
55,25,124.101,0
55,26,186.366,14.9953
55,31,137.058,0
55,36,77.4061,5.05256
55,42,78.7464,0
55,43,61.9316,1.88805
55,46,94.3716,0
55,48,183.214,15.1509
55,50,97.6217,0
55,52,48.5077,0
55,54,56.3028,0
55,57,87.8465,0
55,61,116.108,0
55,62,195.305,15.0762
55,68,51.6624,0
55,78,186.838,15.2107
55,82,116.056,0
55,84,84.8764,0
55,88,107.898,0
55,94,25.4951,0
55,95,38.6264,0
55,96,157.493,10.4995
56,5,172.99,14.837
56,6,221.504,0
56,11,172.105,0
56,13,137.545,11.5629
56,17,167.02,13.0891
56,22,246.831,4.08436
56,23,166.373,0
56,26,197.96,0
56,32,44.7214,0
56,36,198.323,0
56,37,168.428,0
56,40,243.647,0
56,43,241.23,0
56,48,116.103,0
56,49,131.987,9.85288
56,51,108.108,7.96319
56,54,233.539,11.0575
56,59,10.198,0
56,62,80.6226,0
56,63,111.845,7.95086
56,68,224.3,3.42113
56,78,215.713,0
56,80,113.947,9.77404
56,85,116.842,0
56,86,154.009,10.8517
56,87,41.6173,0
56,89,145.588,11.8312
56,96,160.244,12.9827
56,97,179.395,15.1825
57,3,28.0713,0
57,6,138.033,5.73831
57,8,63.2456,0
57,9,132.484,0
57,16,60.0333,0
57,18,127.781,0
57,19,59.8415,0
57,22,108.374,0
57,24,71.3092,0
57,25,117.796,0
57,31,85.9884,0
57,42,98.6712,0
57,43,119.226,1.83982
57,45,178.573,14.9995
57,46,120.354,0
57,52,89.1067,0
57,55,87.8465,0
57,58,167.869,13.6808
57,61,126.372,0
57,68,136.528,0
57,69,141.699,2.47051
57,76,153.165,9.66358
57,82,29.1548,0
57,83,92.4325,7.49101
57,84,48.8365,0
57,88,95.3362,0
57,94,92.6553,0
57,95,95.0211,0
58,3,162.678,10.6726
58,12,147.33,8.04503
58,33,116.352,9.46647
58,42,148.385,12.1242
58,45,134.076,7.92957
58,57,167.869,13.6808
58,64,149.502,8.50409
58,65,94.8152,6.95641
58,66,137.005,8.59946
58,72,107.912,9.11698
58,76,84.0842,6.60939
58,78,196.522,16.2217
58,81,139.631,11.4739
58,82,164.993,10.4689
58,83,122.016,0
58,88,109.997,3.84846
59,5,163.176,13.98
59,6,229.539,0
59,11,182.044,0
59,13,131.395,10.795
59,17,170.284,13.2689
59,22,254.362,4.16967
59,23,166.973,0
59,26,208.087,0
59,32,42.0476,0
59,36,204.088,0
59,37,178.281,0
59,40,253.18,0
59,43,249.303,0
59,48,116.619,0
59,49,124.335,9.71735
59,51,99.0515,7.46356
59,54,235.7,11.4209
59,56,10.198,0
59,62,87.6584,0
59,63,101.811,7.63581
59,68,229.15,3.46497
59,78,225.858,0
59,80,118.102,10.1256
59,85,126.57,0
59,86,156.324,10.1824
59,87,49.5177,0
59,89,136.904,11.2691
59,96,146.006,9.73374
59,97,178.997,14.9164
60,2,84.2959,7.23045
60,8,105.807,6.3979
60,10,92.7874,3.44163
60,14,136.25,10.1746
60,15,143.184,8.42557
60,16,89.1964,0
60,19,130.041,6.13049
60,24,81.6884,0
60,25,31.305,0
60,27,167.915,14.1213
60,28,158.193,12.9629
60,29,154.853,12.2899
60,30,102.578,5.11631
60,31,105.533,8.05379
60,34,193.193,13.6404
60,38,99.7275,8.51651
60,39,54.0914,2.73105
60,41,33.5261,0
60,44,139.145,8.84573
60,46,63.0635,0
60,47,176.887,13.9299
60,50,145.132,12.36
60,52,104.019,0
60,53,137.798,10.1962
60,61,37.6563,0
60,67,53.7088,2.19718
60,69,187.424,15.1565
60,73,103.953,8.77934
60,77,108.861,5.60415
60,84,99.8649,0
60,90,93.2665,8.00013
60,94,129.016,0
60,95,116.108,0
60,98,95.7322,4.51309
61,2,49.5933,2.56983
61,8,63.6396,0
61,10,130.821,3.92898
61,14,120.042,2.35475
61,15,180.761,15.2185
61,16,84.993,5.00916
61,19,115.364,2.89101
61,24,78.748,3.22151
61,25,22.8473,0
61,27,228.372,10.373
61,29,179.182,14.5699
61,30,126.836,8.87512
61,31,84.0952,0
61,38,137.512,11.3065
61,39,100.94,6.98078
61,41,69.0652,0
61,46,25.632,0
61,47,162.158,8.28603
61,50,99.0548,8.39052
61,52,67.6018,0
61,53,174.932,14.8812
61,55,116.108,0
61,57,126.372,0
61,60,37.6563,0
61,67,101.191,7.74594
61,73,131.12,11.1125
61,77,160.664,11.6745
61,84,85.5715,3.32354
61,90,131.025,10.1961
61,94,92.1358,0
61,95,79.0253,0
61,98,138.172,7.06693
62,6,142.843,0
62,11,152.315,0
62,13,141.99,11.9929
62,22,165.428,4.62463
62,23,116.017,0
62,26,148.216,0
62,32,123.693,0
62,36,118.962,0
62,37,152.013,0
62,40,229.225,0
62,42,219.844,2.70389
62,43,162.641,0
62,48,76.0263,0
62,49,146.324,8.5065
62,51,156.046,10.8872
62,54,162.224,9.88735
62,55,195.305,15.0762
62,56,80.6226,0
62,59,87.6584,0
62,63,156.18,13.1162
62,68,147.106,3.22378
62,78,166.108,0
62,80,162.723,12.2408
62,85,113.278,0
62,86,206.201,15.867
62,87,39.3954,0
62,89,192.18,13.0448
62,96,184.463,10.5912
62,97,178.374,14.3211
63,5,101.45,8.4182
63,13,221.323,0.496219
63,21,127.66,10.8269
63,23,176.633,15.144
63,32,92.739,6.68791
63,48,134.355,10.9812
63,49,171.104,0.494487
63,51,60.5848,0.496316
63,56,111.845,7.95086
63,59,101.811,7.63581
63,62,156.18,13.1162
63,80,162.27,13.9205
63,85,220.157,8.8384
63,86,132.936,10.7109
63,87,146.097,9.73983
63,89,88.8643,7.22153
63,97,247.474,1.96304
64,12,28.178,0
64,33,102.421,0
64,58,149.502,8.50409
64,65,88.3233,0
64,66,44.4072,0
64,70,71.5891,0
64,71,61.4003,0
64,72,110.675,0
64,74,101.435,0
64,76,115.278,0
64,99,98.4073,0
65,12,72.0069,0
65,33,121.116,0
65,45,108.631,4.55289
65,58,94.8152,6.95641
65,64,88.3233,0
65,66,104.235,0
65,71,134.629,0
65,72,119.641,0
65,76,104.019,0
65,81,84.8528,0
65,83,178.922,14.9101
65,88,174.445,14.6918
66,11,163.401,12.3852
66,12,69.3542,0
66,26,161.694,11.6771
66,33,62.3699,0
66,37,170.968,13.7726
66,40,105.006,4.47393
66,58,137.005,8.59946
66,64,44.4072,0
66,65,104.235,0
66,70,53.9351,0
66,71,97.9081,0
66,72,72.9178,0
66,74,60.5392,0
66,76,85,0
66,78,147.738,9.74553
66,88,122.589,0
66,99,133.686,0
67,2,152.422,13.0508
67,8,110.018,0
67,10,63.7704,4.64434
67,14,192.042,16.4451
67,16,96.1041,0
67,19,111.757,2.86235
67,24,83.2406,0
67,25,78.2793,6.05404
67,30,125.064,0
67,31,74.853,1.66809
67,34,145.489,0.494814
67,38,107.238,8.35619
67,39,25.6778,1.47432
67,41,50.1597,0
67,46,126.419,8.48281
67,52,174.823,13.6226
67,60,53.7088,2.19718
67,61,101.191,7.74594
67,69,163.06,0.500147
67,73,49.0392,0.480384
67,77,62.6588,4.60024
67,84,111.306,0
67,90,85.0752,7.27138
67,91,226.034,0.525636
67,93,225.78,13.7863
67,98,59.0134,4.4691
68,6,60.5835,4.97422
68,8,125.539,0
68,11,244.819,3.13424
68,13,138.086,11.414
68,22,44.911,0
68,23,101.053,3.90013
68,26,193.661,3.48967
68,36,32.7015,2.09763
68,37,248.719,3.1048
68,42,88.7694,0
68,43,56.4451,3.2082
68,46,129.387,0
68,48,130.283,3.92951
68,49,184.598,12.8274
68,50,113.6,0
68,52,90.4434,0
68,54,26.1725,0
68,55,51.6624,0
68,56,224.3,3.42113
68,57,136.528,0
68,59,229.15,3.46497
68,62,147.106,3.22378
68,75,154.126,10.2208
68,78,200.413,4.80315
68,84,136.209,0
68,85,235.105,2.91066
68,87,185.462,3.31921
68,88,126.115,0
68,94,65.5515,0
68,95,76.922,0
68,96,121.03,10.1636
68,97,160.413,13.7151
69,3,136.036,2.40521
69,4,116.258,4.19576
69,8,140.825,5.90219
69,9,114.633,2.45479
69,10,176.134,13.0783
69,16,111.415,4.51286
69,18,66.706,2.23542
69,19,82.1195,2.42313
69,20,69.4787,2.7686
69,24,101.844,5.62617
69,25,140.105,9.72977
69,31,78.681,5.36975
69,34,41.2311,0
69,35,116.279,3.74208
69,39,189.663,0
69,41,209.744,16.0033
69,57,141.699,2.47051
69,60,187.424,15.1565
69,67,163.06,0.500147
69,73,114.543,0
69,77,148.663,7.52663
69,82,135.016,2.40413
69,84,125.795,4.39697
69,90,213.604,16.6445
69,91,114.49,0
69,93,68.522,4.7675
69,98,166.25,11.1797
70,12,99.2018,0
70,17,112.45,0
70,33,101.02,0
70,40,111.367,5.17185
70,64,71.5891,0
70,66,53.9351,0
70,71,91.022,0
70,72,113.886,0
70,74,54.9181,0
70,76,132.575,0
70,99,118.14,0
71,12,63.1506,0
71,64,61.4003,0
71,65,134.629,0
71,66,97.9081,0
71,70,91.022,0
71,99,37.0135,0
72,6,166.843,13.357
72,11,112.381,8.78665
72,12,127.016,0
72,22,149.759,12.5141
72,26,112.097,8.8966
72,33,13.1529,0
72,37,116.827,9.20636
72,40,83.4336,4.90647
72,42,72.3464,0
72,43,159.289,13.1675
72,58,107.912,9.11698
72,64,110.675,0
72,65,119.641,0
72,66,72.9178,0
72,70,113.886,0
72,74,77.3175,0
72,76,26.4197,0
72,78,94.0474,7.87698
72,83,217.439,15.21
72,85,161.515,13.8409
72,88,54.7449,0
73,2,187.685,15.466
73,8,125.687,5.89779
73,10,79.3529,6.32045
73,16,119.172,9.37912
73,18,159.464,13.5354
73,19,122,9.99926
73,20,183.995,15.0384
73,24,108.035,9.18016
73,25,103.646,8.85203
73,31,89.7427,7.61454
73,34,97.0155,0
73,38,143.872,10.905
73,39,75.2861,0
73,41,99.2198,8.17811
73,46,148.145,10.8653
73,60,103.953,8.77934
73,61,131.12,11.1125
73,67,49.0392,0.480384
73,69,114.543,0
73,77,72.2603,5.87222
73,84,135.363,9.92571
73,90,119.052,10.0082
73,91,181.604,0
73,93,177.103,12.3291
73,98,71.5542,5.96285
74,11,133.413,9.96576
74,12,128.55,0
74,17,80.8022,0
74,26,131.769,11.0167
74,33,64.6297,0
74,37,134.923,9.91668
74,40,56.2586,4.2687
74,64,101.435,0
74,66,60.5392,0
74,70,54.9181,0
74,72,77.3175,0
74,76,101.98,0
74,78,117.312,8.8525
74,80,109.659,0
74,85,182.599,11.1944
74,88,131.015,0
75,2,179.42,15.3554
75,7,70.5666,3.35206
75,13,169.255,10.0747
75,14,138.094,11.7234
75,23,206.872,8.42339
75,46,161.771,10.1814
75,47,118.232,9.54947
75,48,250.178,9.5473
75,49,219.615,10.8931
75,50,109.886,7.63578
75,54,127.183,9.06907
75,68,154.126,10.2208
75,79,111.758,6.65225
75,92,45.7118,3.39211
75,94,154.068,8.16655
75,95,151.351,8.15146
75,96,104.797,8.77479
75,97,121.075,10.3829
76,3,185.023,15.8105
76,6,173.554,13.7741
76,11,136.856,9.99391
76,12,126.194,0
76,22,122.415,4.92919
76,26,136.991,11.0356
76,33,37.6431,0
76,37,143.989,11.0518
76,40,109.086,4.99131
76,42,68,0
76,43,161.926,13.3498
76,45,218.328,14.8591
76,57,153.165,9.66358
76,58,84.0842,6.60939
76,64,115.278,0
76,65,104.019,0
76,66,85,0
76,70,132.575,0
76,72,26.4197,0
76,74,101.98,0
76,78,118.957,9.99386
76,82,186.006,15.9075
76,83,191.309,8.50261
76,85,219.466,16.38
76,88,38.0132,0
77,10,42.6197,3.63912
77,24,169.021,14.1645
77,25,140.935,10.6651
77,31,162.79,13.5225
77,34,112.285,6.73275
77,38,95.3918,6.92454
77,39,54.8562,2.88032
77,41,82.4924,0
77,60,108.861,5.60415
77,61,160.664,11.6745
77,67,62.6588,4.60024
77,69,148.663,7.52663
77,73,72.2603,5.87222
77,90,72.527,2.74723
77,91,168.725,1.91521
77,93,211.804,8.59609
77,98,26.0325,2.10262
78,6,123.822,0
78,11,70.0383,3.11281
78,17,175.468,15.0483
78,22,142.945,2.92595
78,23,254.472,0
78,26,18.1108,0
78,32,239.708,0
78,33,92.2939,7.9109
78,36,178.393,0
78,37,77.1443,3.19228
78,40,111.319,0
78,42,112.174,2.78795
78,43,130,0
78,48,233.418,0
78,54,227.136,13.1451
78,55,186.838,15.2107
78,56,215.713,0
78,58,196.522,16.2217
78,59,225.858,0
78,62,166.108,0
78,66,147.738,9.74553
78,68,200.413,4.80315
78,72,94.0474,7.87698
78,74,117.312,8.8525
78,76,118.957,9.99386
78,80,172.565,12.8202
78,85,119.097,0
78,87,184.456,0
78,88,104.189,8.71964
79,5,114,0
79,7,58.8461,4.00037
79,13,91.0723,6.64779
79,23,172.489,14.4983
79,48,164.758,12.6559
79,49,123.244,10.07
79,54,160.039,9.88476
79,75,111.758,6.65225
79,89,116.181,0
79,92,117.09,9.93493
79,96,87.259,7.14174
79,97,53.8145,0
80,11,99.9936,8.51345
80,17,51.8652,0
80,26,168.563,11.728
80,32,87.7913,7.01431
80,37,92.8571,7.95918
80,40,107.016,8.91801
80,48,224.39,14.7818
80,51,202.364,16.4152
80,56,113.947,9.77404
80,59,118.102,10.1256
80,62,162.723,12.2408
80,63,162.27,13.9205
80,74,109.659,0
80,78,172.565,12.8202
80,85,72.5808,5.9201
80,86,59.3633,0
80,87,132.711,11.011
81,3,181.509,15.4946
81,9,108.24,0
81,45,31.7805,0
81,58,139.631,11.4739
81,65,84.8528,0
81,82,181.118,15.4437
81,83,117.763,10.0505
82,3,1.41421,0
82,8,87.4643,0
82,9,106.254,0
82,16,76.6942,0
82,18,108.784,0
82,19,59.1354,0
82,20,133.36,0
82,22,131.366,0
82,24,84.2912,0
82,25,136.36,0
82,31,92.1303,0
82,42,113.534,0
82,43,142.734,2.63509
82,45,148.968,11.1354
82,52,117.516,0
82,55,116.056,0
82,57,29.1548,0
82,58,164.993,10.4689
82,69,135.016,2.40413
82,76,186.006,15.9075
82,81,181.118,15.4437
82,83,68.6101,5.8377
82,84,70.2353,0
82,88,100.225,0
82,94,121.807,0
82,95,124.004,0
83,3,68.3182,5.83484
83,8,154.76,9.00356
83,9,129.267,9.79356
83,16,144.309,8.5898
83,18,153.26,10.9286
83,19,125.739,9.15749
83,24,151.916,8.84816
83,31,158.336,9.25533
83,42,166.662,14.297
83,45,90.0173,4.58912
83,57,92.4325,7.49101
83,58,122.016,0
83,65,178.922,14.9101
83,72,217.439,15.21
83,76,191.309,8.50261
83,81,117.763,10.0505
83,82,68.6101,5.8377
83,84,138.05,8.68848
83,88,167.214,5.58516
84,2,109.455,6.26858
84,3,69.8355,0
84,8,19,0
84,14,177.21,15.1082
84,16,16.2788,0
84,18,130.648,0
84,19,48.7647,0
84,22,123.329,0
84,24,30.5941,0
84,25,69.029,0
84,31,52.9245,0
84,34,161.012,12.0759
84,39,129.385,2.92656
84,41,140.35,3.81044
84,42,130.035,0
84,43,136.738,2.02186
84,46,75.9605,0
84,50,115.004,0
84,52,59.2368,0
84,54,134.618,0
84,55,84.8764,0
84,57,48.8365,0
84,60,99.8649,0
84,61,85.5715,3.32354
84,67,111.306,0
84,68,136.209,0
84,69,125.795,4.39697
84,73,135.363,9.92571
84,82,70.2353,0
84,83,138.05,8.68848
84,88,137.266,0
84,94,75.4321,0
84,95,70.7107,0
85,6,185.828,0
85,11,56.5685,0
85,17,115.325,8.83326
85,22,215.197,2.87761
85,23,228.954,0
85,26,104.69,0
85,32,127.577,0
85,33,159.943,13.7194
85,36,202.406,0
85,37,52.0384,0
85,40,127.122,0
85,42,221.558,2.80773
85,43,202,0
85,48,188.223,0
85,49,244.446,10.3963
85,51,227.116,9.3888
85,56,116.842,0
85,59,126.57,0
85,62,113.278,0
85,63,220.157,8.8384
85,68,235.105,2.91066
85,72,161.515,13.8409
85,74,182.599,11.1944
85,76,219.466,16.38
85,78,119.097,0
85,80,72.5808,5.9201
85,86,124.333,8.17621
85,87,103.769,0
85,88,225.908,15.6793
86,11,158.733,12.4057
86,17,93.0484,0
86,21,194.007,14.7546
86,32,114.275,8.77107
86,37,151.209,11.3407
86,51,187.253,12.95
86,56,154.009,10.8517
86,59,156.324,10.1824
86,62,206.201,15.867
86,63,132.936,10.7109
86,80,59.3633,0
86,85,124.333,8.17621
86,87,173.847,13.7517
87,5,195.088,16.5564
87,6,180.056,0
87,11,153.31,0
87,13,140.913,12.0846
87,17,185.825,15.811
87,22,205.197,4.04322
87,23,140.014,0
87,26,166.373,0
87,32,84.309,0
87,36,158.114,0
87,37,151.169,0
87,40,228.98,0
87,42,251.911,2.87249
87,43,199.81,0
87,48,92.2822,0
87,49,140.873,8.84429
87,51,131.007,9.71484
87,54,198.07,10.5347
87,56,41.6173,0
87,59,49.5177,0
87,62,39.3954,0
87,63,146.097,9.73983
87,68,185.462,3.31921
87,78,184.456,0
87,80,132.711,11.011
87,85,103.769,0
87,86,173.847,13.7517
87,89,168.067,12.8731
87,96,177.5,14.2663
87,97,177.634,14.8544
88,3,99.0404,0
88,6,129.078,10.7565
88,11,164.887,14.1332
88,22,81.2158,0
88,26,124.067,10.553
88,33,67.897,0
88,36,161.089,13.5033
88,37,170.928,14.6346
88,40,124.613,4.35981
88,42,38.0132,0
88,43,90.1153,4.74024
88,45,229.835,10.6943
88,55,107.898,0
88,57,95.3362,0
88,58,109.997,3.84846
88,65,174.445,14.6918
88,66,122.589,0
88,68,126.115,0
88,72,54.7449,0
88,74,131.015,0
88,76,38.0132,0
88,78,104.189,8.71964
88,82,100.225,0
88,83,167.214,5.58516
88,84,137.266,0
88,85,225.908,15.6793
88,94,130.599,0
89,5,27.0185,0
89,13,103.694,8.7236
89,21,171.017,14.0072
89,23,160.118,13.0916
89,32,159.401,11.1054
89,48,141.905,11.6694
89,49,75.3682,6.22337
89,51,44.9049,3.85149
89,56,145.588,11.8312
89,59,136.904,11.2691
89,62,192.18,13.0448
89,63,88.8643,7.22153
89,79,116.181,0
89,87,168.067,12.8731
89,96,154.536,12.7312
89,97,78.0897,0
90,2,177.624,14.8832
90,10,48.7567,3.60949
90,14,216.929,15.4443
90,15,187.584,12.9655
90,24,154.658,7.98132
90,25,122.427,9.59444
90,27,182.814,15.6753
90,28,175.037,7.6408
90,29,182.445,7.39806
90,30,123.868,10.6212
90,31,145.43,7.33183
90,34,183.393,15.2828
90,38,22.0907,0
90,39,59.5909,5.02941
90,41,63.6776,2.15529
90,44,152.491,8.24495
90,46,168.629,13.9339
90,53,149.99,12.812
90,60,93.2665,8.00013
90,61,131.025,10.1961
90,67,85.0752,7.27138
90,69,213.604,16.6445
90,73,119.052,10.0082
90,77,72.527,2.74723
90,98,52.9859,2.65816
91,4,89.8528,2.50494
91,9,152.664,8.12998
91,10,219.388,5.40814
91,18,98.9326,4.19586
91,19,180.551,15.2304
91,20,92.9351,7.16196
91,31,197.181,14.1895
91,34,93.3809,0
91,35,93.6851,2.55529
91,39,226.109,7.10727
91,67,226.034,0.525636
91,69,114.49,0
91,73,181.604,0
91,77,168.725,1.91521
91,93,54.5137,4.59328
91,98,193.694,7.82522
92,1,132.034,0
92,2,184.868,14.829
92,7,75.4307,6.46549
92,13,213.921,13.7745
92,14,124.811,10.6926
92,27,177.327,13.4723
92,46,166.403,12.9094
92,47,82.1341,7.0305
92,50,107.906,8.26502
92,53,203.421,16.1445
92,54,144.103,8.80344
92,75,45.7118,3.39211
92,79,117.09,9.93493
92,96,150.332,12.2776
92,97,167.026,14.0996
93,4,54.0833,0
93,9,120.315,8.35758
93,18,59,0
93,19,121.606,0
93,20,38.6005,0
93,31,119.202,0
93,34,80.2868,6.78695
93,35,56.5685,0
93,67,225.78,13.7863
93,69,68.522,4.7675
93,73,177.103,12.3291
93,77,211.804,8.59609
93,91,54.5137,4.59328
93,98,219.859,16.0311
94,2,102.689,7.13569
94,3,120.702,0
94,6,97.235,4.08639
94,8,61.7171,0
94,14,124.446,8.70783
94,16,88.3912,0
94,19,123.709,0
94,22,72.8011,0
94,23,132.466,7.52906
94,24,100.767,0
94,25,102.259,0
94,31,124.326,0
94,36,94.8314,5.25696
94,42,103.6,0
94,43,86.8459,1.96437
94,46,69.4262,0
94,47,116.606,0
94,48,185.878,15.9108
94,50,73.7564,0
94,52,25.318,0
94,54,59.397,0
94,55,25.4951,0
94,57,92.6553,0
94,60,129.016,0
94,61,92.1358,0
94,68,65.5515,0
94,75,154.068,8.16655
94,82,121.807,0
94,84,75.4321,0
94,88,130.599,0
94,95,13.3417,0
94,96,154.243,9.78677
95,2,89.6767,6.81825
95,3,123,0
95,6,109.549,3.7328
95,8,54.8179,0
95,14,112.803,8.39861
95,16,82.0061,0
95,19,119.474,0
95,22,86.1278,0
95,23,140.198,7.2478
95,24,93.3809,0
95,25,90.0278,0
95,31,116.675,0
95,36,107.756,5.68405
95,42,115.935,0
95,43,100.178,1.97668
95,46,56.0892,0
95,47,106.85,0
95,50,63.5138,0
95,52,13.8924,0
95,54,67.424,0
95,55,38.6264,0
95,57,95.0211,0
95,60,116.108,0
95,61,79.0253,0
95,68,76.922,0
95,75,151.351,8.15146
95,82,124.004,0
95,84,70.7107,0
95,94,13.3417,0
95,96,158.764,9.93571
96,5,151.433,12.3941
96,6,239.095,8.9303
96,7,115.143,9.77434
96,13,52.0646,3.82926
96,22,186.254,15.9321
96,23,83.8362,5.76665
96,36,168.693,8.56221
96,43,223.753,15.5888
96,47,149.689,7.11054
96,48,105.474,8.66544
96,49,71.4064,5.5225
96,50,145.549,8.50789
96,51,183.728,13.0472
96,54,102.083,8.65162
96,55,157.493,10.4995
96,56,160.244,12.9827
96,59,146.006,9.73374
96,62,184.463,10.5912
96,68,121.03,10.1636
96,75,104.797,8.77479
96,79,87.259,7.14174
96,87,177.5,14.2663
96,89,154.536,12.7312
96,92,150.332,12.2776
96,94,154.243,9.78677
96,95,158.764,9.93571
96,97,53.75,2.47396
97,5,87.6584,0
97,7,134.158,8.19848
97,13,37.0523,1.14686
97,23,106.952,8.22245
97,32,231.128,14.6175
97,36,210.008,10.136
97,48,108.948,9.33844
97,49,81.8822,1.04828
97,51,186.03,1.93602
97,54,147.874,12.677
97,56,179.395,15.1825
97,59,178.997,14.9164
97,62,178.374,14.3211
97,63,247.474,1.96304
97,68,160.413,13.7151
97,75,121.075,10.3829
97,79,53.8145,0
97,87,177.634,14.8544
97,89,78.0897,0
97,92,167.026,14.0996
97,96,53.75,2.47396
98,10,9.84886,0
98,24,152.234,9.55758
98,25,140.595,11.5925
98,30,170.117,13.3546
98,31,150.735,12.4685
98,34,131.188,10.0692
98,38,75.7351,6.21825
98,39,44.1537,2.27303
98,41,70.6323,1.8466
98,44,216.024,15.6033
98,60,95.7322,4.51309
98,61,138.172,7.06693
98,67,59.0134,4.4691
98,69,166.25,11.1797
98,73,71.5542,5.96285
98,77,26.0325,2.10262
98,90,52.9859,2.65816
98,91,193.694,7.82522
98,93,219.859,16.0311
99,12,97.4987,0
99,64,98.4073,0
99,66,133.686,0
99,70,118.14,0
99,71,37.0135,0
