0,7,133.015,0
0,28,365.141,28.791
0,35,364.27,29.0114
0,38,270.512,3.84195
0,45,354.709,27.9959
0,74,282.007,17.8465
0,86,243.304,0
0,94,304.061,24.804
0,96,68.0661,0
1,3,327.109,27.9806
1,9,36.5676,1.7239
1,11,278.623,23.6255
1,15,198.866,13.1722
1,17,362.862,17.2254
1,19,88.459,5.89727
1,20,297.866,2.78694
1,23,185.712,2.77466
1,24,264.082,21.0924
1,26,432.784,26.7924
1,27,214.067,10.6119
1,29,362.296,30.2953
1,31,146.135,11.0484
1,32,329.496,23.7067
1,34,150.623,2.42382
1,43,394.041,30.0738
1,44,455.993,27.5117
1,46,173.181,8.24737
1,48,107.591,8.11422
1,50,355.748,25.9744
1,52,271.502,2.04552
1,53,418.107,33.6652
1,54,47.9272,2.17691
1,56,307.872,15.7379
1,57,403.998,33.9166
1,59,194.734,5.31143
1,60,54.3931,1.25863
1,66,183.774,5.22593
1,68,385.618,31.4499
1,69,223.956,1.56914
1,82,448.647,36.3189
1,85,436.448,35.9915
1,90,131.823,5.0616
1,91,282.952,2.00118
2,10,350.201,23.8535
2,36,218.234,18.6341
2,39,232.215,19.7071
2,47,304.736,9.88552
2,65,277.89,4.89604
2,77,328.808,27.9801
2,88,216.646,18.5133
3,1,327.109,27.9806
3,9,397.277,31.819
3,15,382.463,28.4881
3,19,288.222,22.7678
3,21,389.695,31.0261
3,22,213.359,15.6994
3,24,268.143,22.9787
3,26,371.93,30.2116
3,29,359.137,22.2612
3,32,216.058,18.4795
3,37,306.952,25.7377
3,44,208.744,14.663
3,46,145.986,0
3,48,216.37,17.5683
3,49,296.892,24.1813
3,50,263.99,18.3499
3,53,190.13,9.87714
3,54,411.301,33.2588
3,55,453.357,26.3178
3,57,332.246,28.3637
3,60,435.603,32.3659
3,66,359.271,18.0237
3,68,331.227,26.7973
3,70,326.807,27.8863
3,71,348.732,26.298
3,75,311.419,26.3272
3,81,483.8,23.6182
3,84,223.216,16.3692
3,85,266.83,22.6781
4,12,281.37,0
4,17,312.994,18.4571
4,18,236.216,1.71926
4,20,158.146,0
4,23,214.119,7.1586
4,27,166.271,6.46956
4,31,223.517,0
4,33,92.1792,0
4,34,254.464,8.42114
4,41,262.311,12.4078
4,43,268.397,11.9803
4,47,301.879,9.40137
4,51,183.309,5.15695
4,52,232.246,0
4,56,75.591,0
4,58,220.067,8.40518
4,64,212.743,9.37828
4,73,117.388,0
4,78,350.151,25.3873
4,80,276.436,15.825
4,83,77.6209,0
4,91,226.927,0
4,95,50.2195,0
5,8,183.068,0
5,10,259.7,0
5,12,54.0833,0
5,18,69.7782,0
5,25,263.384,2.77567
5,33,292.022,0
5,47,232.019,0
5,51,216.239,7.22265
5,58,369.471,30.7612
5,62,68.593,0
5,63,68.4251,0
5,72,91.9348,0
5,77,271.061,0
5,78,251.467,9.60027
5,87,53.1413,0
5,92,150.479,0
5,93,153.209,0
5,99,283.551,0
6,13,146.617,3.83313
6,30,436.72,19.8157
6,41,346.254,29.2306
6,42,448.298,11.3892
6,64,295.005,22.4546
6,65,219.164,18.8012
7,0,133.015,0
7,26,461.892,35.504
7,28,329.309,28.0331
7,35,255.056,19.7963
7,38,187.349,12.4294
7,45,321.257,27.0438
7,74,204.649,13.8323
7,79,269.078,22.6925
7,86,157.011,9.22678
7,89,334.878,28.4857
7,94,335.885,28.7969
7,96,145.794,0
7,97,354.945,21.6334
8,5,183.068,0
8,10,138.051,0
8,12,230.671,0
8,18,147.787,0
8,47,65.7951,0
8,51,138.382,1.49184
8,62,216.566,0
8,63,251.436,0
8,72,103.392,0
8,73,302.221,7.33039
8,77,107.703,0
8,87,224.361,0
8,93,177.102,0
9,1,36.5676,1.7239
9,3,397.277,31.819
9,11,287.151,24.615
9,15,142.922,10.7191
9,17,364.131,19.247
9,19,130.448,10.6695
9,20,260.284,0
9,23,148.03,0
9,24,235.367,19.2938
9,26,386.768,31.3899
9,27,162.373,0
9,29,331.761,27.4396
9,31,109.815,4.53259
9,32,305.247,26.1669
9,33,289.384,2.10368
9,34,113.004,0
9,43,337.91,28.6711
9,46,228.606,16.7092
9,48,159.299,13.554
9,50,390.727,31.0652
9,52,234.776,0
9,54,10.7703,0
9,56,259.556,7.05405
9,59,153.629,0
9,60,20.1246,0
9,66,157.124,12.9335
9,68,419.342,35.2029
9,69,193.313,0
9,83,303.217,7.67822
9,90,98.1275,0
9,91,246.272,0
9,95,297.902,7.12264
10,2,350.201,23.8535
10,5,259.7,0
10,8,138.051,0
10,18,257.163,0
10,47,181.177,0
10,51,276.283,1.50117
10,62,256.462,0
10,72,169.446,0
10,77,67.9559,0
10,87,278.632,0
10,93,153.769,0
11,1,278.623,23.6255
11,9,287.151,24.615
11,14,246.269,19.4971
11,16,286.854,20.256
11,17,46.3249,0
11,19,257.333,21.869
11,23,310.307,16.2125
11,25,362.53,26.9424
11,27,267.286,14.9002
11,31,187.237,13.2153
11,33,262.133,12.4738
11,34,325.395,23.6181
11,43,96.0833,0
11,44,287.122,6.19424
11,46,360.4,30.8061
11,48,316.7,27.1219
11,49,237.043,5.19797
11,50,243.304,16.8986
11,54,304.946,25.3243
11,56,327.124,18.3323
11,57,206.588,5.15998
11,58,283.393,23.6709
11,60,316.606,26.9106
11,61,205.256,17.4325
11,66,447.549,34.8985
11,68,204.029,8.53567
11,70,302.846,5.26179
11,71,247.174,9.10887
11,80,271.337,23.1148
11,82,225.825,12.263
11,85,282.025,15.511
11,98,145.424,6.87169
12,4,281.37,0
12,5,54.0833,0
12,8,230.671,0
12,16,276.519,10.5454
12,18,94.2019,0
12,25,205.052,0.557173
12,33,282.255,8.57254
12,47,273.309,0
12,51,241.413,8.70182
12,58,300.713,24.0916
12,62,95.7079,0
12,63,34.0147,0
12,72,145.454,0
12,78,192.161,6.98229
12,80,293.661,16.8759
12,87,66.0984,0
12,92,124.455,0
12,93,201.613,0
13,6,146.617,3.83313
13,20,326.711,21.7807
13,30,421.8,22.7524
13,39,332.469,22.6805
13,41,279.133,23.2931
13,42,481.021,18.0336
13,64,224.755,14.2697
13,65,119.17,8.93777
13,73,279.055,18.4078
13,91,376.479,31.4371
14,11,246.269,19.4971
14,16,48.2597,0
14,17,223.24,18.774
14,25,107.201,0
14,31,399.787,34.2071
14,33,277.634,22.1528
14,43,184.21,15.4812
14,58,146.336,12.3877
14,61,150.443,0
14,78,132.104,2.85939
14,80,95.3428,8.15872
14,82,208.06,0
14,98,83.1505,0
15,1,198.866,13.1722
15,3,382.463,28.4881
15,9,142.922,10.7191
15,19,224.735,18.5472
15,23,207.078,0.500165
15,24,83,0
15,26,244.879,11.997
15,27,247.293,0
15,29,210.693,18.0407
15,31,219.953,4.91978
15,32,135.484,0
15,34,166.347,0.501009
15,35,516.02,17.2682
15,38,508.096,16.6781
15,46,224.594,16.1239
15,48,228.752,14.578
15,52,252.699,0
15,54,139.176,8.66086
15,59,144.101,0
15,60,120.963,5.77235
15,66,38.4838,0
15,69,157.115,0
15,74,518.881,23.7277
15,90,68.7314,0
15,91,266.002,0
15,97,477.892,18.0366
16,11,286.854,20.256
16,12,276.519,10.5454
16,14,48.2597,0
16,17,273.685,22.9433
16,25,59.0339,0
16,33,284.382,23.8056
16,43,222.18,19.0564
16,58,146.496,12.1649
16,61,197.231,0
16,63,272.124,6.28568
16,78,78.6384,0
16,80,100.001,8.13148
16,82,256,0
16,92,281.833,2.96385
16,98,131.381,0
17,1,362.862,17.2254
17,4,312.994,18.4571
17,9,364.131,19.247
17,11,46.3249,0
17,14,223.24,18.774
17,16,273.685,22.9433
17,19,278.144,23.7671
17,23,261.384,4.37793
17,25,369.42,31.6346
17,27,223.238,8.59778
17,31,177.376,14.0188
17,33,213.906,11.0684
17,34,288.113,16.1183
17,43,53.1601,0
17,48,356.678,30.5586
17,49,292.358,9.47598
17,50,286.045,16.7961
17,54,370.24,17.0566
17,56,296.424,19.8194
17,57,260.803,8.91987
17,58,242.382,20.7609
17,60,367.465,24.2397
17,61,190.768,13.5829
17,68,245.884,6.88743
17,71,343.114,26.5722
17,78,389.738,32.9527
17,80,224.655,19.2724
17,82,236.098,20.1031
17,85,323.057,13.918
17,95,341.308,25.0524
17,98,137.406,6.72122
18,4,236.216,1.71926
18,5,69.7782,0
18,8,147.787,0
18,10,257.163,0
18,12,94.2019,0
18,25,275.735,2.68793
18,33,253.014,2.9615
18,47,181.604,0
18,51,148.376,7.17093
18,58,338.331,27.5564
18,62,136.242,0
18,63,124.004,0
18,72,96.0052,0
18,73,296.06,10.0133
18,77,250.521,0
18,78,248.115,3.3119
18,80,367.525,28.4598
18,87,122.772,0
18,92,213.759,0
18,93,191.086,0
18,95,289.117,4.70915
19,1,88.459,5.89727
19,3,288.222,22.7678
19,9,130.448,10.6695
19,11,257.333,21.869
19,15,224.735,18.5472
19,17,278.144,23.7671
19,23,306.453,25.3992
19,24,235.281,19.671
19,26,429.088,33.5488
19,27,333.729,28.6131
19,29,325.236,26.9934
19,31,267.327,13.2122
19,32,242.041,18.0356
19,34,251.501,19.5081
19,43,381.713,31.365
19,44,370.358,21.0207
19,46,145.144,11.65
19,48,81.8821,5.76953
19,49,338.683,28.9895
19,50,267.896,20.1731
19,53,344.546,26.8217
19,54,144.055,11.9461
19,57,303.203,25.7013
19,59,285.429,19.77
19,60,141.083,11.8603
19,66,193.686,12.992
19,68,284.081,24.3398
19,69,322.932,21.1668
19,71,333.086,21.9632
19,82,392.003,32.3914
19,84,442.071,35.2869
19,85,342.292,29.2087
19,90,227.044,19.1777
20,1,297.866,2.78694
20,4,158.146,0
20,9,260.284,0
20,13,326.711,21.7807
20,23,112.254,0
20,27,160.128,12.0615
20,30,213.36,17.8637
20,31,234.13,7.95722
20,33,220.792,0
20,34,149.94,0
20,41,100.796,5.57275
20,42,360.575,28.2731
20,51,288.025,3.28179
20,52,78.8162,0
20,54,249.56,0
20,56,102.703,0
20,59,172.54,0
20,60,244.395,0
20,64,93.5125,4.59932
20,69,195.576,0
20,73,184.781,15.809
20,76,347.393,27.5257
20,83,82.0061,0
20,90,237.842,0
20,91,70.7248,0
20,95,108.24,0
21,3,389.695,31.0261
21,22,381.743,30.9659
21,37,183.521,0
21,44,217.525,0
21,49,284.424,0
21,50,298.433,3.92085
21,53,201.921,0
21,67,110.725,0
21,70,232.125,0
21,75,360.286,29.2406
21,84,131.867,0
21,85,252.873,0
22,3,213.359,15.6994
22,21,381.743,30.9659
22,24,220.565,0
22,26,448.046,33.6034
22,28,357.807,22.4566
22,29,310.209,24.3174
22,32,165.922,0
22,44,402.475,25.7531
22,45,366.749,23.939
22,46,349.389,14.5665
22,48,408.715,29.2732
22,50,474.994,33.0003
22,53,376.173,19.4185
22,55,226.93,15.0337
22,66,287.554,6.78765
22,74,481.418,18.5483
22,75,96.2951,6.78194
22,81,251.344,15.0524
22,84,344.289,19.7943
22,94,452.333,23.5374
23,1,185.712,2.77466
23,4,214.119,7.1586
23,9,148.03,0
23,11,310.307,16.2125
23,15,207.078,0.500165
23,17,261.384,4.37793
23,19,306.453,25.3992
23,20,112.254,0
23,24,288.765,0
23,27,63.5295,0
23,30,270.364,23.1104
23,31,119.971,0
23,33,236.602,9.81734
23,34,41,0
23,41,195.069,8.07206
23,42,344.973,26.7847
23,43,325.668,23.2553
23,48,315.709,20.7883
23,52,103.465,0
23,54,137.306,0
23,56,138.448,6.73012
23,59,102.552,0
23,60,132.401,0
23,64,193.892,0
23,66,256.513,14.758
23,69,145.908,0
23,73,246.168,9.15456
23,76,285.675,0
23,83,161.7,5.11882
23,90,140.464,0
23,91,111.36,0
23,95,167.045,4.87214
24,1,264.082,21.0924
24,3,268.143,22.9787
24,9,235.367,19.2938
24,15,83,0
24,19,235.281,19.671
24,22,220.565,0
24,23,288.765,0
24,26,180.126,11.6062
24,28,536.888,19.0546
24,29,94.746,7.77914
24,31,333.389,21.9581
24,32,54.7814,0
24,34,247.891,0
24,35,432.216,23.387
24,38,389.875,24.2788
24,46,233.428,19.2221
24,48,174.663,13.146
24,50,351.167,23.5506
24,53,441.982,35.4411
24,54,238.718,18.8804
24,55,517.212,16.432
24,59,263.525,16.4656
24,60,235.721,19.3422
24,66,75.591,0
24,69,289.841,22.6001
24,74,387.392,23.2711
24,75,486.238,23.4512
24,79,472.895,28.4596
24,81,520.438,16.1355
24,86,411.071,28.8567
24,90,151.331,0
24,97,427,24.413
25,5,263.384,2.77567
25,11,362.53,26.9424
25,12,205.052,0.557173
25,14,107.201,0
25,16,59.0339,0
25,17,369.42,31.6346
25,18,275.735,2.68793
25,33,227.899,0
25,43,314.895,25.8287
25,58,153.174,12.1778
25,61,254.238,0
25,62,306.455,9.60296
25,63,223.077,8.13002
25,78,29,0
25,80,134.948,10.9794
25,87,274.122,8.6914
25,92,223.875,3.41464
25,98,190.163,0
26,1,432.784,26.7924
26,3,371.93,30.2116
26,7,461.892,35.504
26,9,386.768,31.3899
26,15,244.879,11.997
26,19,429.088,33.5488
26,22,448.046,33.6034
26,24,180.126,11.6062
26,28,533.004,0.498131
26,29,137.214,9.14762
26,32,178.069,14.6089
26,34,380.536,32.0747
26,35,286.399,0.532325
26,38,269.879,0.645613
26,40,477.716,30.7657
26,45,549.058,0.498235
26,46,404.505,32.1632
26,48,386.917,29.5035
26,54,376.183,31.8561
26,55,572.615,0.52341
26,59,305.738,25.6656
26,60,353.952,30.2381
26,66,215.781,18.2704
26,69,282.207,23.7686
26,74,310.552,5.47675
26,79,287.848,17.8573
26,81,565.193,0.516626
26,86,304.868,4.27791
26,89,354.933,11.0673
26,90,285.481,22.5128
26,97,242.099,13.8485
27,1,214.067,10.6119
27,4,166.271,6.46956
27,9,162.373,0
27,11,267.286,14.9002
27,15,247.293,0
27,17,223.238,8.59778
27,19,333.729,28.6131
27,20,160.128,12.0615
27,23,63.5295,0
27,30,325.849,27.1541
27,31,92.0054,0
27,33,156.924,2.00898
27,34,90.4268,0
27,41,276.334,22.6592
27,43,243.47,14.262
27,48,305.941,13.5974
27,52,153.118,0
27,54,152.161,0
27,56,96.1783,5.81566
27,58,265.506,8.15566
27,59,164.624,0
27,60,153.16,0
27,64,268.496,21.3092
27,66,315.324,23.1461
27,69,209.153,0
27,73,222.946,6.06452
27,80,338.427,25.2434
27,83,140.911,6.14058
27,90,188.303,0
27,91,157.153,0
27,95,134.562,6.20926
28,0,365.141,28.791
28,7,329.309,28.0331
28,22,357.807,22.4566
28,24,536.888,19.0546
28,26,533.004,0.498131
28,29,445.601,0
28,32,492.073,7.04795
28,35,499.475,3.99821
28,38,416.773,0
28,45,18.868,0
28,55,134.318,10.8303
28,74,262.975,0
28,75,279.05,14.7196
28,81,108.354,9.21935
28,86,381.434,13.593
28,94,112.161,0
28,96,305.386,12.0795
29,1,362.296,30.2953
29,3,359.137,22.2612
29,9,331.761,27.4396
29,15,210.693,18.0407
29,19,325.236,26.9934
29,22,310.209,24.3174
29,24,94.746,7.77914
29,26,137.214,9.14762
29,28,445.601,0
29,32,107.469,7.08562
29,35,388.005,2.90867
29,38,340.852,0
29,45,463.78,0
29,46,320.407,24.2411
29,48,255.396,19.2055
29,54,340.142,28.1069
29,55,442.832,0
29,59,375.202,31.9022
29,60,317.008,24.6096
29,66,175.484,11.4745
29,69,386.239,33.0251
29,74,311.724,0
29,75,464.457,0
29,79,429.241,17.1262
29,81,440.654,0
29,86,363.302,7.53888
29,89,455.811,27.0898
29,90,326.274,26.1015
29,94,554.707,0
29,97,389.502,13.6409
30,6,436.72,19.8157
30,13,421.8,22.7524
30,20,213.36,17.8637
30,23,270.364,23.1104
30,27,325.849,27.1541
30,34,257.975,18.3437
30,40,202.004,5.81715
30,41,119.198,8.69326
30,42,147.221,9.3882
30,52,172.098,5.32685
30,56,313.329,24.7266
30,59,208.812,14.9769
30,64,190.242,16.3196
30,69,206.48,17.2666
30,73,359.177,29.4732
30,76,146.314,5.15851
30,83,306.898,26.2202
30,90,295.739,19.2273
30,91,168.543,2.80213
30,95,328.005,26.7881
31,1,146.135,11.0484
31,4,223.517,0
31,9,109.815,4.53259
31,11,187.237,13.2153
31,14,399.787,34.2071
31,15,219.953,4.91978
31,17,177.376,14.0188
31,19,267.327,13.2122
31,20,234.13,7.95722
31,23,119.971,0
31,24,333.389,21.9581
31,27,92.0054,0
31,33,186.304,0
31,34,112.018,0
31,43,218.051,18.0779
31,46,409.187,32.4146
31,48,283.015,24.2297
31,50,414.789,35.3151
31,52,223.432,0
31,54,92.9624,0
31,56,166.571,0
31,58,397.335,28.4806
31,59,188.096,0
31,60,101.828,0
31,61,357.788,25.8628
31,66,256.847,19.7429
31,69,253.689,8.42421
31,80,375.302,31.757
31,82,406.88,34.7653
31,83,228.792,5.81685
31,90,171.129,0
31,91,231.102,0
31,95,204.299,0
31,98,294.851,15.2643
32,1,329.496,23.7067
32,3,216.058,18.4795
32,9,305.247,26.1669
32,15,135.484,0
32,19,242.041,18.0356
32,22,165.922,0
32,24,54.7814,0
32,26,178.069,14.6089
32,28,492.073,7.04795
32,29,107.469,7.08562
32,35,470.086,20.8237
32,38,448.578,9.27013
32,44,401.539,33.7657
32,45,510.916,7.06907
32,46,218.818,16.5533
32,48,167.494,8.19664
32,50,441.362,33.8216
32,53,399.56,31.3664
32,54,297.137,24.3398
32,55,446.503,5.76539
32,59,277.764,0
32,60,286.377,22.9025
32,66,118.95,0
32,69,362.808,28.773
32,74,410.369,6.91078
32,75,365.15,24.4997
32,81,453.549,4.90363
32,84,475.892,31.9742
32,86,468.342,16.452
32,90,204.216,0
32,97,448.973,30.8512
33,4,92.1792,0
33,5,292.022,0
33,9,289.384,2.10368
33,11,262.133,12.4738
33,12,282.255,8.57254
33,14,277.634,22.1528
33,16,284.382,23.8056
33,17,213.906,11.0684
33,18,253.014,2.9615
33,20,220.792,0
33,23,236.602,9.81734
33,25,227.899,0
33,27,156.924,2.00898
33,31,186.304,0
33,34,242.621,0
33,43,187.186,13.1753
33,51,248.493,6.62879
33,52,281.952,0
33,54,277.245,0
33,56,118.258,0
33,58,135.046,8.26368
33,60,283.704,0
33,63,314.885,10.5248
33,64,314.654,17.5019
33,73,209.335,0
33,78,232.839,9.0675
33,80,173.234,9.83972
33,83,153.734,0
33,91,289.964,4.56831
33,95,122.919,0
33,98,349.595,29.9902
34,1,150.623,2.42382
34,4,254.464,8.42114
34,9,113.004,0
34,11,325.395,23.6181
34,15,166.347,0.501009
34,17,288.113,16.1183
34,19,251.501,19.5081
34,20,149.94,0
34,23,41,0
34,24,247.891,0
34,26,380.536,32.0747
34,27,90.4268,0
34,30,257.975,18.3437
34,31,112.018,0
34,33,242.621,0
34,41,224.209,8.58378
34,42,323.348,18.6735
34,43,330.646,23.1891
34,48,285.651,21.6693
34,52,123.847,0
34,54,102.616,0
34,56,179.196,7.96425
34,59,79.8499,0
34,60,95.5249,0
34,64,229.436,0
34,66,203.613,10.0608
34,69,134.554,3.49187
34,73,279.953,6.20344
34,76,298.007,7.10265
34,83,202.542,5.19715
34,90,100.881,0
34,91,134.536,0
34,95,211.64,7.10021
35,0,364.27,29.0114
35,7,255.056,19.7963
35,15,516.02,17.2682
35,24,432.216,23.387
35,26,286.399,0.532325
35,28,499.475,3.99821
35,29,388.005,2.90867
35,32,470.086,20.8237
35,38,92.1954,0
35,40,428.393,32.4452
35,45,502.362,6.57137
35,74,246.812,0
35,79,87.3372,5.82248
35,86,95.3144,1.89938
35,89,179.194,11.1872
35,94,469.002,32.0826
35,96,330.472,24.6077
35,97,112.641,0
36,2,218.234,18.6341
36,39,93.145,0
36,65,378.525,29.6329
36,88,14.1421,0
37,3,306.952,25.7377
37,21,183.521,0
37,44,111.234,0
37,46,324.672,25.0624
37,49,110.82,0
37,50,161.764,3.77205
37,53,122,0
37,57,140.688,0
37,67,244.315,13.0883
37,68,149.94,0
37,70,49.4975,0
37,71,136.312,0
37,82,263.093,0
37,84,115.953,0
37,85,90.824,0
38,0,270.512,3.84195
38,7,187.349,12.4294
38,15,508.096,16.6781
38,24,389.875,24.2788
38,26,269.879,0.645613
38,28,416.773,0
38,29,340.852,0
38,32,448.578,9.27013
38,35,92.1954,0
38,45,425.883,0
38,55,534.64,0
38,66,528.88,22.5935
38,74,154.842,0
38,79,179.684,7.13162
38,81,516.283,0
38,86,33.9897,2.59181
38,89,274.967,11.2097
38,94,438.503,17.3833
38,96,243.74,3.97004
38,97,195.724,0
39,2,232.215,19.7071
39,13,332.469,22.6805
39,36,93.145,0
39,65,281.644,24.0928
39,88,107.201,0
40,26,477.716,30.7657
40,30,202.004,5.81715
40,35,428.393,32.4452
40,41,320.751,22.4886
40,42,130.927,4.95937
40,52,285.136,15.078
40,59,307.258,23.3864
40,69,285.015,24.3876
40,76,55.9735,0.635358
40,79,300.311,25.0536
40,89,233.064,19.7656
40,90,414.675,35.5713
40,91,299.227,18.6423
40,97,318.915,26.6185
41,4,262.311,12.4078
41,6,346.254,29.2306
41,13,279.133,23.2931
41,20,100.796,5.57275
41,23,195.069,8.07206
41,27,276.334,22.6592
41,30,119.198,8.69326
41,34,224.209,8.58378
41,40,320.751,22.4886
41,42,224.854,19.206
41,52,121.945,10.4546
41,56,207.003,8.14297
41,59,259.707,21.8325
41,64,74.6154,5.13607
41,65,357.681,27.4005
41,69,254.087,20.6165
41,73,239.755,20.2757
41,76,265.651,20.7189
41,83,182.733,10.7824
41,90,331.088,23.609
41,91,97.3491,8.14396
41,95,209.604,9.89492
42,6,448.298,11.3892
42,13,481.021,18.0336
42,20,360.575,28.2731
42,23,344.973,26.7847
42,30,147.221,9.3882
42,34,323.348,18.6735
42,40,130.927,4.95937
42,41,224.854,19.206
42,52,273.223,21.1155
42,59,260.451,16.4959
42,64,293.717,25.0854
42,69,220.897,13.8154
42,76,77.3764,3.59333
42,89,326.936,18.0788
42,90,323.867,14.58
42,91,293.007,17.5585
43,1,394.041,30.0738
43,4,268.397,11.9803
43,9,337.91,28.6711
43,11,96.0833,0
43,14,184.21,15.4812
43,16,222.18,19.0564
43,17,53.1601,0
43,19,381.713,31.365
43,23,325.668,23.2553
43,25,314.895,25.8287
43,27,243.47,14.262
43,31,218.051,18.0779
43,33,187.186,13.1753
43,34,330.646,23.1891
43,54,307.112,23.1389
43,56,249.456,7.15771
43,57,354.491,26.2636
43,58,187.01,13.8445
43,60,305.07,19.4199
43,61,182.85,8.88853
43,68,331.866,22.0767
43,78,294.826,25.2256
43,80,174.431,12.2906
43,82,265.674,22.7909
43,83,293.114,4.38257
43,95,257.078,0
43,98,153.942,13.164
44,1,455.993,27.5117
44,3,208.744,14.663
44,11,287.122,6.19424
44,19,370.358,21.0207
44,21,217.525,0
44,22,402.475,25.7531
44,32,401.539,33.7657
44,37,111.234,0
44,46,212.98,18.0674
44,48,245.364,18.6646
44,49,120.804,6.13157
44,50,78.0285,1.89258
44,53,26.2488,0
44,57,118.6,0
44,66,395.239,33.7016
44,67,336.888,19.7357
44,68,111.826,0
44,70,119.241,4.14018
44,71,171.179,6.19119
44,82,269.203,10.1594
44,84,89.0505,0
44,85,84.0417,5.31672
45,0,354.709,27.9959
45,7,321.257,27.0438
45,22,366.749,23.939
45,26,549.058,0.498235
45,28,18.868,0
45,29,463.78,0
45,32,510.916,7.06907
45,35,502.362,6.57137
45,38,425.883,0
45,55,166.039,7.24084
45,74,273.13,0
45,75,290.652,14.6304
45,81,140.045,6.95159
45,86,383.728,15.3422
45,94,93.2952,0
45,96,292.733,11.5318
46,1,173.181,8.24737
46,3,145.986,0
46,9,228.606,16.7092
46,11,360.4,30.8061
46,15,224.594,16.1239
46,19,145.144,11.65
46,22,349.389,14.5665
46,24,233.428,19.2221
46,26,404.505,32.1632
46,29,320.407,24.2411
46,31,409.187,32.4146
46,32,218.818,16.5533
46,37,324.672,25.0624
46,44,212.98,18.0674
46,48,68.6222,0
46,49,276.024,20.7018
46,50,208.555,17.6315
46,53,232.178,14.923
46,54,239.394,17.0003
46,57,282.958,23.4616
46,60,273.671,23.2649
46,66,192.717,16.0251
46,68,270.335,23.0828
46,70,353.775,30.3489
46,71,341.614,26.5778
46,75,434.883,32.1517
46,84,299.346,23.5859
46,85,301.388,24.5798
46,90,328.825,28.1983
47,2,304.736,9.88552
47,4,301.879,9.40137
47,5,232.019,0
47,8,65.7951,0
47,10,181.177,0
47,12,273.309,0
47,18,181.604,0
47,51,114.788,1.53495
47,62,275.002,0
47,65,277.724,2.55079
47,72,163.991,0
47,73,262.162,9.8954
47,77,128.565,0
47,87,278.62,0
47,93,242.87,0
48,1,107.591,8.11422
48,3,216.37,17.5683
48,9,159.299,13.554
48,11,316.7,27.1219
48,15,228.752,14.578
48,17,356.678,30.5586
48,19,81.8821,5.76953
48,22,408.715,29.2732
48,23,315.709,20.7883
48,24,174.663,13.146
48,26,386.917,29.5035
48,27,305.941,13.5974
48,29,255.396,19.2055
48,31,283.015,24.2297
48,32,167.494,8.19664
48,34,285.651,21.6693
48,44,245.364,18.6646
48,46,68.6222,0
48,49,305.372,22.4444
48,50,216.073,17.5364
48,53,245.253,18.7428
48,54,170.072,14.2304
48,57,310.948,26.1667
48,59,328.586,26.964
48,60,186.079,15.962
48,66,186.55,4.15723
48,68,296.651,25.435
48,69,354.754,27.6923
48,70,341.799,21.5367
48,71,371.992,29.7867
48,82,366.379,28.1574
48,84,370.203,31.5904
48,85,283.28,20.1026
48,90,248.918,21.3426
49,3,296.892,24.1813
49,11,237.043,5.19797
49,17,292.358,9.47598
49,19,338.683,28.9895
49,21,284.424,0
49,37,110.82,0
49,44,120.804,6.13157
49,46,276.024,20.7018
49,48,305.372,22.4444
49,50,88.328,3.20945
49,53,147.128,6.48823
49,57,30.4631,0
49,61,219.538,0
49,68,44.5533,0
49,70,65.7951,0
49,71,51.4782,0
49,82,156.349,0
49,84,178.135,0
49,85,37.0135,0
49,98,335.621,22.4214
50,1,355.748,25.9744
50,3,263.99,18.3499
50,9,390.727,31.0652
50,11,243.304,16.8986
50,17,286.045,16.7961
50,19,267.896,20.1731
50,21,298.433,3.92085
50,22,474.994,33.0003
50,24,351.167,23.5506
50,31,414.789,35.3151
50,32,441.362,33.8216
50,37,161.764,3.77205
50,44,78.0285,1.89258
50,46,208.555,17.6315
50,48,216.073,17.5364
50,49,88.328,3.20945
50,53,97.9414,0.998516
50,54,390.902,32.5752
50,57,80.4872,3.69638
50,60,414.328,33.8172
50,61,297.574,20.7932
50,66,402.884,32.8207
50,68,64.846,3.75659
50,70,135.332,3.85184
50,71,135.36,3.78406
50,82,225.84,16.545
50,84,167.079,1.95184
50,85,76.503,3.62222
50,98,402.849,34.4962
51,4,183.309,5.15695
51,5,216.239,7.22265
51,8,138.382,1.49184
51,10,276.283,1.50117
51,12,241.413,8.70182
51,18,148.376,7.17093
51,20,288.025,3.28179
51,33,248.493,6.62879
51,47,114.788,1.53495
51,56,249.353,4.35417
51,62,272.626,4.74221
51,63,272.539,8.40715
51,64,301.225,17.0231
51,72,180.998,1.37054
51,73,165.959,3.04147
51,77,236.489,1.48375
51,83,218.717,4.01936
51,87,269.376,7.37389
51,93,282.613,1.31424
51,95,212.483,4.34933
52,1,271.502,2.04552
52,4,232.246,0
52,9,234.776,0
52,15,252.699,0
52,20,78.8162,0
52,23,103.465,0
52,27,153.118,0
52,30,172.098,5.32685
52,31,223.432,0
52,33,281.952,0
52,34,123.847,0
52,40,285.136,15.078
52,41,121.945,10.4546
52,42,273.223,21.1155
52,54,224.864,0
52,56,176.49,4.75102
52,59,109.444,0
52,60,215.863,0
52,64,127.252,0
52,66,281.036,0.542524
52,69,121.202,0
52,73,304.468,25.4164
52,76,219.96,8.76501
52,83,159.113,0
52,90,185.162,0
52,91,13.3417,0
52,95,182.099,0
53,1,418.107,33.6652
53,3,190.13,9.87714
53,19,344.546,26.8217
53,21,201.921,0
53,22,376.173,19.4185
53,24,441.982,35.4411
53,32,399.56,31.3664
53,37,122,0
53,44,26.2488,0
53,46,232.178,14.923
53,48,245.253,18.7428
53,49,147.128,6.48823
53,50,97.9414,0.998516
53,57,144.807,0
53,66,416.476,35.2099
53,67,315.836,14.954
53,68,137.557,0
53,70,138.017,3.8318
53,71,195.854,5.88216
53,75,473.469,32.3529
53,82,307.456,15.2668
53,84,70.406,0
53,85,108.92,5.4468
54,1,47.9272,2.17691
54,3,411.301,33.2588
54,9,10.7703,0
54,11,304.946,25.3243
54,15,139.176,8.66086
54,17,370.24,17.0566
54,19,144.055,11.9461
54,20,249.56,0
54,23,137.306,0
54,24,238.718,18.8804
54,26,376.183,31.8561
54,27,152.161,0
54,29,340.142,28.1069
54,31,92.9624,0
54,32,297.137,24.3398
54,33,277.245,0
54,34,102.616,0
54,43,307.112,23.1389
54,46,239.394,17.0003
54,48,170.072,14.2304
54,50,390.902,32.5752
54,52,224.864,0
54,56,248.326,6.58984
54,59,146.185,0
54,60,14.0357,0
54,66,161.789,13.7388
54,68,413.368,35.44
54,69,187.11,0
54,83,293.652,8.09702
54,90,95.1893,0
54,91,236.241,0
54,95,287.628,7.1019
55,3,453.357,26.3178
55,22,226.93,15.0337
55,24,517.212,16.432
55,26,572.615,0.52341
55,28,134.318,10.8303
55,29,442.832,0
55,32,446.503,5.76539
55,38,534.64,0
55,45,166.039,7.24084
55,74,383.343,0
55,75,117.911,8.50316
55,81,26,0
55,86,520.555,10.1367
55,94,192.499,15.1965
55,96,469.964,13.7585
56,1,307.872,15.7379
56,4,75.591,0
56,9,259.556,7.05405
56,11,327.124,18.3323
56,17,296.424,19.8194
56,20,102.703,0
56,23,138.448,6.73012
56,27,96.1783,5.81566
56,30,313.329,24.7266
56,31,166.571,0
56,33,118.258,0
56,34,179.196,7.96425
56,41,207.003,8.14297
56,43,249.456,7.15771
56,51,249.353,4.35417
56,52,176.49,4.75102
56,54,248.326,6.58984
56,58,251.939,9.16837
56,59,234.938,6.26025
56,60,251.009,7.45559
56,64,200.948,14.2807
56,69,273.987,6.90254
56,73,134.529,0
56,80,288.002,10.9092
56,83,53.0377,0
56,90,279,7.88142
56,91,163.615,0
56,95,38.4708,0
57,1,403.998,33.9166
57,3,332.246,28.3637
57,11,206.588,5.15998
57,17,260.803,8.91987
57,19,303.203,25.7013
57,37,140.688,0
57,43,354.491,26.2636
57,44,118.6,0
57,46,282.958,23.4616
57,48,310.948,26.1667
57,49,30.4631,0
57,50,80.4872,3.69638
57,53,144.807,0
57,61,212.586,7.695
57,68,19.4165,0
57,70,96.2549,0
57,71,57.0789,0
57,82,150.74,8.07537
57,84,216.646,8.3152
57,85,58.0517,0
57,98,307.029,21.3322
58,4,220.067,8.40518
58,5,369.471,30.7612
58,11,283.393,23.6709
58,12,300.713,24.0916
58,14,146.336,12.3877
58,16,146.496,12.1649
58,17,242.382,20.7609
58,18,338.331,27.5564
58,25,153.174,12.1778
58,27,265.506,8.15566
58,31,397.335,28.4806
58,33,135.046,8.26368
58,43,187.01,13.8445
58,56,251.939,9.16837
58,61,307.949,24.9814
58,63,298.3,19.354
58,78,136.051,9.53037
58,80,50.9683,4.13062
58,82,381.4,32.2434
58,83,288.649,9.27458
58,95,257.74,9.18249
58,98,234.765,20.1147
59,1,194.734,5.31143
59,9,153.629,0
59,15,144.101,0
59,19,285.429,19.77
59,20,172.54,0
59,23,102.552,0
59,24,263.525,16.4656
59,26,305.738,25.6656
59,27,164.624,0
59,29,375.202,31.9022
59,30,208.812,14.9769
59,31,188.096,0
59,32,277.764,0
59,34,79.8499,0
59,40,307.258,23.3864
59,41,259.707,21.8325
59,42,260.451,16.4959
59,48,328.586,26.964
59,52,109.444,0
59,54,146.185,0
59,56,234.938,6.26025
59,60,133.54,0
59,64,236.044,0
59,66,173.908,0
59,69,60.9745,4.8191
59,76,231.669,9.14845
59,83,237.876,0
59,90,78.7718,0
59,91,122.784,0
59,95,262.36,5.42182
59,97,422.529,36.0437
60,1,54.3931,1.25863
60,3,435.603,32.3659
60,9,20.1246,0
60,11,316.606,26.9106
60,15,120.963,5.77235
60,17,367.465,24.2397
60,19,141.083,11.8603
60,20,244.395,0
60,23,132.401,0
60,24,235.721,19.3422
60,26,353.952,30.2381
60,27,153.16,0
60,29,317.008,24.6096
60,31,101.828,0
60,32,286.377,22.9025
60,33,283.704,0
60,34,95.5249,0
60,43,305.07,19.4199
60,46,273.671,23.2649
60,48,186.079,15.962
60,50,414.328,33.8172
60,52,215.863,0
60,54,14.0357,0
60,56,251.009,7.45559
60,59,133.54,0
60,66,163.527,12.7423
60,69,173.669,0
60,83,294.39,8.91117
60,90,81.2158,0
60,91,227.563,0
60,95,286.031,6.19114
61,11,205.256,17.4325
61,14,150.443,0
61,16,197.231,0
61,17,190.768,13.5829
61,25,254.238,0
61,31,357.788,25.8628
61,43,182.85,8.88853
61,49,219.538,0
61,50,297.574,20.7932
61,57,212.586,7.695
61,58,307.949,24.9814
61,68,216.284,7.9705
61,70,274.882,0
61,71,189.042,0
61,78,275.862,0
61,80,251.922,18.7474
61,82,63.9062,0
61,85,263.872,5.00026
61,98,72.45,0
62,5,68.593,0
62,8,216.566,0
62,10,256.462,0
62,12,95.7079,0
62,18,136.242,0
62,25,306.455,9.60296
62,47,275.002,0
62,51,272.626,4.74221
62,63,81.0494,0
62,72,113.283,0
62,77,284.431,0
62,78,275.726,6.75751
62,87,31.0644,0
62,92,121.179,1.14234
62,93,126.069,3.70759
62,99,224.955,3.83075
63,5,68.4251,0
63,8,251.436,0
63,12,34.0147,0
63,16,272.124,6.28568
63,18,124.004,0
63,25,223.077,8.13002
63,33,314.885,10.5248
63,51,272.539,8.40715
63,58,298.3,19.354
63,62,81.0494,0
63,72,158.221,0
63,78,192.794,5.73348
63,80,301.413,14.8556
63,87,50.2195,0
63,92,91.0055,0
63,93,196.512,0
63,99,310.843,11.5246
64,4,212.743,9.37828
64,6,295.005,22.4546
64,13,224.755,14.2697
64,20,93.5125,4.59932
64,23,193.892,0
64,27,268.496,21.3092
64,30,190.242,16.3196
64,33,314.654,17.5019
64,34,229.436,0
64,41,74.6154,5.13607
64,42,293.717,25.0854
64,51,301.225,17.0231
64,52,127.252,0
64,56,200.948,14.2807
64,59,236.044,0
64,65,248.956,0.563226
64,69,273.507,12.0406
64,73,167.258,12.2714
64,76,315.886,19.2835
64,83,160.952,13.5169
64,91,114.11,0
64,95,192.72,15.1767
65,2,277.89,4.89604
65,6,219.164,18.8012
65,13,119.17,8.93777
65,36,378.525,29.6329
65,39,281.644,24.0928
65,41,357.681,27.4005
65,47,277.724,2.55079
65,64,248.956,0.563226
65,73,290.415,15.7778
65,88,390.354,30.394
66,1,183.774,5.22593
66,3,359.271,18.0237
66,9,157.124,12.9335
66,11,447.549,34.8985
66,15,38.4838,0
66,19,193.686,12.992
66,22,287.554,6.78765
66,23,256.513,14.758
66,24,75.591,0
66,26,215.781,18.2704
66,27,315.324,23.1461
66,29,175.484,11.4745
66,31,256.847,19.7429
66,32,118.95,0
66,34,203.613,10.0608
66,38,528.88,22.5935
66,44,395.239,33.7016
66,46,192.717,16.0251
66,48,186.55,4.15723
66,50,402.884,32.8207
66,52,281.036,0.542524
66,53,416.476,35.2099
66,54,161.789,13.7388
66,59,173.908,0
66,60,163.527,12.7423
66,69,193.748,0.691884
66,90,95.2943,0
66,97,487.195,31.4912
67,21,110.725,0
67,37,244.315,13.0883
67,44,336.888,19.7357
67,53,315.836,14.954
67,70,315.53,21.5434
67,84,236.279,8.03025
68,1,385.618,31.4499
68,3,331.227,26.7973
68,9,419.342,35.2029
68,11,204.029,8.53567
68,17,245.884,6.88743
68,19,284.081,24.3398
68,37,149.94,0
68,43,331.866,22.0767
68,44,111.826,0
68,46,270.335,23.0828
68,48,296.651,25.435
68,49,44.5533,0
68,50,64.846,3.75659
68,53,137.557,0
68,54,413.368,35.44
68,57,19.4165,0
68,61,216.284,7.9705
68,70,108.757,0
68,71,76.3217,0
68,82,156.123,8.88073
68,84,220.886,10.9069
68,85,61.5224,0
68,98,314.781,23.653
69,1,223.956,1.56914
69,9,193.313,0
69,15,157.115,0
69,19,322.932,21.1668
69,20,195.576,0
69,23,145.908,0
69,24,289.841,22.6001
69,26,282.207,23.7686
69,27,209.153,0
69,29,386.239,33.0251
69,30,206.48,17.2666
69,31,253.689,8.42421
69,32,362.808,28.773
69,34,134.554,3.49187
69,40,285.015,24.3876
69,41,254.087,20.6165
69,42,220.897,13.8154
69,48,354.754,27.6923
69,52,121.202,0
69,54,187.11,0
69,56,273.987,6.90254
69,59,60.9745,4.8191
69,60,173.669,0
69,64,273.507,12.0406
69,66,193.748,0.691884
69,76,222.695,18.3393
69,79,419.492,35.4185
69,83,268.784,0
69,89,450.917,23.9541
69,90,104.101,0
69,91,133.507,0
69,95,295.309,4.73311
69,97,381.113,31.5985
70,3,326.807,27.8863
70,11,302.846,5.26179
70,21,232.125,0
70,37,49.4975,0
70,44,119.241,4.14018
70,46,353.775,30.3489
70,48,341.799,21.5367
70,49,65.7951,0
70,50,135.332,3.85184
70,53,138.017,3.8318
70,57,96.2549,0
70,61,274.882,0
70,67,315.53,21.5434
70,68,108.757,0
70,71,86.885,0
70,82,214,0
70,84,148.273,0
70,85,58.8303,0
71,3,348.732,26.298
71,11,247.174,9.10887
71,17,343.114,26.5722
71,19,333.086,21.9632
71,37,136.312,0
71,44,171.179,6.19119
71,46,341.614,26.5778
71,48,371.992,29.7867
71,49,51.4782,0
71,50,135.36,3.78406
71,53,195.854,5.88216
71,57,57.0789,0
71,61,189.042,0
71,68,76.3217,0
71,70,86.885,0
71,82,130.25,0
71,84,223.432,0
71,85,86.8332,0
71,98,255.539,0
72,5,91.9348,0
72,8,103.392,0
72,10,169.446,0
72,12,145.454,0
72,18,96.0052,0
72,47,163.991,0
72,51,180.998,1.37054
72,62,113.283,0
72,63,158.221,0
72,77,179.805,0
72,87,123.693,0
72,92,243.737,7.42313
72,93,103.465,0
72,99,276.588,0
73,4,117.388,0
73,8,302.221,7.33039
73,13,279.055,18.4078
73,18,296.06,10.0133
73,20,184.781,15.809
73,23,246.168,9.15456
73,27,222.946,6.06452
73,30,359.177,29.4732
73,33,209.335,0
73,34,279.953,6.20344
73,41,239.755,20.2757
73,47,262.162,9.8954
73,51,165.959,3.04147
73,52,304.468,25.4164
73,56,134.529,0
73,64,167.258,12.2714
73,65,290.415,15.7778
73,83,83.1925,0
73,91,278.92,23.812
73,95,100.568,0
74,0,282.007,17.8465
74,7,204.649,13.8323
74,15,518.881,23.7277
74,22,481.418,18.5483
74,24,387.392,23.2711
74,26,310.552,5.47675
74,28,262.975,0
74,29,311.724,0
74,32,410.369,6.91078
74,35,246.812,0
74,38,154.842,0
74,45,273.13,0
74,55,383.343,0
74,75,493.789,0
74,79,333.437,8.05978
74,81,363.786,0
74,86,137.459,7.92555
74,89,430.611,11.6991
74,94,324.581,5.22315
74,96,252.165,20.3949
74,97,348.006,0
75,3,311.419,26.3272
75,21,360.286,29.2406
75,22,96.2951,6.78194
75,24,486.238,23.4512
75,28,279.05,14.7196
75,29,464.457,0
75,32,365.15,24.4997
75,45,290.652,14.6304
75,46,434.883,32.1517
75,53,473.469,32.3529
75,55,117.911,8.50316
75,74,493.789,0
75,81,145.811,8.87285
75,84,420.472,30.8038
75,94,281.831,24.0738
76,20,347.393,27.5257
76,23,285.675,0
76,30,146.314,5.15851
76,34,298.007,7.10265
76,40,55.9735,0.635358
76,41,265.651,20.7189
76,42,77.3764,3.59333
76,52,219.96,8.76501
76,59,231.669,9.14845
76,64,315.886,19.2835
76,69,222.695,18.3393
76,79,345.478,27.8072
76,89,248.592,14.0906
76,90,350.857,28.2609
76,91,237.457,14.2855
76,97,375.68,31.1769
77,2,328.808,27.9801
77,5,271.061,0
77,8,107.703,0
77,10,67.9559,0
77,18,250.521,0
77,47,128.565,0
77,51,236.489,1.48375
77,62,284.431,0
77,72,179.805,0
77,93,200.212,0
78,4,350.151,25.3873
78,5,251.467,9.60027
78,12,192.161,6.98229
78,14,132.104,2.85939
78,16,78.6384,0
78,17,389.738,32.9527
78,18,248.115,3.3119
78,25,29,0
78,33,232.839,9.0675
78,43,294.826,25.2256
78,58,136.051,9.53037
78,61,275.862,0
78,62,275.726,6.75751
78,63,192.794,5.73348
78,80,112.793,3.25843
78,87,243.012,5.82409
78,92,206.218,2.51162
78,98,219,4.76077
79,7,269.078,22.6925
79,24,472.895,28.4596
79,26,287.848,17.8573
79,29,429.241,17.1262
79,35,87.3372,5.82248
79,38,179.684,7.13162
79,40,300.311,25.0536
79,69,419.492,35.4185
79,74,333.437,8.05978
79,76,345.478,27.8072
79,86,175.884,8.79551
79,89,89.2655,6.65776
79,97,47.5253,4.07703
80,4,276.436,15.825
80,11,271.337,23.1148
80,12,293.661,16.8759
80,14,95.3428,8.15872
80,16,100.001,8.13148
80,17,224.655,19.2724
80,18,367.525,28.4598
80,25,134.948,10.9794
80,27,338.427,25.2434
80,31,375.302,31.757
80,33,173.234,9.83972
80,43,174.431,12.2906
80,56,288.002,10.9092
80,58,50.9683,4.13062
80,61,251.922,18.7474
80,63,301.413,14.8556
80,78,112.793,3.25843
80,82,339.185,28.5761
80,95,295.03,10.2086
80,98,181.457,15.5501
81,3,483.8,23.6182
81,22,251.344,15.0524
81,24,520.438,16.1355
81,26,565.193,0.516626
81,28,108.354,9.21935
81,29,440.654,0
81,32,453.549,4.90363
81,38,516.283,0
81,45,140.045,6.95159
81,55,26,0
81,74,363.786,0
81,75,145.811,8.87285
81,86,500.183,10.3541
81,94,176.03,13.5255
81,96,446.351,12.9157
82,1,448.647,36.3189
82,11,225.825,12.263
82,14,208.06,0
82,16,256,0
82,17,236.098,20.1031
82,19,392.003,32.3914
82,31,406.88,34.7653
82,37,263.093,0
82,43,265.674,22.7909
82,44,269.203,10.1594
82,48,366.379,28.1574
82,49,156.349,0
82,50,225.84,16.545
82,53,307.456,15.2668
82,57,150.74,8.07537
82,58,381.4,32.2434
82,61,63.9062,0
82,68,156.123,8.88073
82,70,214,0
82,71,130.25,0
82,80,339.185,28.5761
82,85,204.221,6.70143
82,98,125.399,0
83,4,77.6209,0
83,9,303.217,7.67822
83,20,82.0061,0
83,23,161.7,5.11882
83,27,140.911,6.14058
83,30,306.898,26.2202
83,31,228.792,5.81685
83,33,153.734,0
83,34,202.542,5.19715
83,41,182.733,10.7824
83,43,293.114,4.38257
83,51,218.717,4.01936
83,52,159.113,0
83,54,293.652,8.09702
83,56,53.0377,0
83,58,288.649,9.27458
83,59,237.876,0
83,60,294.39,8.91117
83,64,160.952,13.5169
83,69,268.784,0
83,73,83.1925,0
83,90,300.629,4.88474
83,91,152.306,0
83,95,31,0
84,3,223.216,16.3692
84,19,442.071,35.2869
84,21,131.867,0
84,22,344.289,19.7943
84,32,475.892,31.9742
84,37,115.953,0
84,44,89.0505,0
84,46,299.346,23.5859
84,48,370.203,31.5904
84,49,178.135,0
84,50,167.079,1.95184
84,53,70.406,0
84,57,216.646,8.3152
84,67,236.279,8.03025
84,68,220.886,10.9069
84,70,148.273,0
84,71,223.432,0
84,75,420.472,30.8038
84,85,142.884,0.553745
85,1,436.448,35.9915
85,3,266.83,22.6781
85,11,282.025,15.511
85,17,323.057,13.918
85,19,342.292,29.2087
85,21,252.873,0
85,37,90.824,0
85,44,84.0417,5.31672
85,46,301.388,24.5798
85,48,283.28,20.1026
85,49,37.0135,0
85,50,76.503,3.62222
85,53,108.92,5.4468
85,57,58.0517,0
85,61,263.872,5.00026
85,68,61.5224,0
85,70,58.8303,0
85,71,86.8332,0
85,82,204.221,6.70143
85,84,142.884,0.553745
86,0,243.304,0
86,7,157.011,9.22678
86,24,411.071,28.8567
86,26,304.868,4.27791
86,28,381.434,13.593
86,29,363.302,7.53888
86,32,468.342,16.452
86,35,95.3144,1.89938
86,38,33.9897,2.59181
86,45,383.728,15.3422
86,55,520.555,10.1367
86,74,137.459,7.92555
86,79,175.884,8.79551
86,81,500.183,10.3541
86,89,269.016,14.7423
86,94,366.087,28.8197
86,96,219.317,0
86,97,207.376,1.95491
87,5,53.1413,0
87,8,224.361,0
87,10,278.632,0
87,12,66.0984,0
87,18,122.772,0
87,25,274.122,8.6914
87,47,278.62,0
87,51,269.376,7.37389
87,62,31.0644,0
87,63,50.2195,0
87,72,123.693,0
87,78,243.012,5.82409
87,92,117.975,5.90399
87,93,146.932,0
87,99,280.15,15.4328
88,2,216.646,18.5133
88,36,14.1421,0
88,39,107.201,0
88,65,390.354,30.394
89,7,334.878,28.4857
89,26,354.933,11.0673
89,29,455.811,27.0898
89,35,179.194,11.1872
89,38,274.967,11.2097
89,40,233.064,19.7656
89,42,326.936,18.0788
89,69,450.917,23.9541
89,74,430.611,11.6991
89,76,248.592,14.0906
89,79,89.2655,6.65776
89,86,269.016,14.7423
89,97,116.825,0
90,1,131.823,5.0616
90,9,98.1275,0
90,15,68.7314,0
90,19,227.044,19.1777
90,20,237.842,0
90,23,140.464,0
90,24,151.331,0
90,26,285.481,22.5128
90,27,188.303,0
90,29,326.274,26.1015
90,30,295.739,19.2273
90,31,171.129,0
90,32,204.216,0
90,34,100.881,0
90,40,414.675,35.5713
90,41,331.088,23.609
90,42,323.867,14.58
90,46,328.825,28.1983
90,48,248.918,21.3426
90,52,185.162,0
90,54,95.1893,0
90,56,279,7.88142
90,59,78.7718,0
90,60,81.2158,0
90,66,95.2943,0
90,69,104.101,0
90,76,350.857,28.2609
90,83,300.629,4.88474
90,91,198.386,0
90,97,379.431,31.9745
91,1,282.952,2.00118
91,4,226.927,0
91,9,246.272,0
91,13,376.479,31.4371
91,15,266.002,0
91,20,70.7248,0
91,23,111.36,0
91,27,157.153,0
91,30,168.543,2.80213
91,31,231.102,0
91,33,289.964,4.56831
91,34,134.536,0
91,40,299.227,18.6423
91,41,97.3491,8.14396
91,42,293.007,17.5585
91,52,13.3417,0
91,54,236.241,0
91,56,163.615,0
91,59,122.784,0
91,60,227.563,0
91,64,114.11,0
91,69,133.507,0
91,73,278.92,23.812
91,76,237.457,14.2855
91,83,152.306,0
91,90,198.386,0
91,95,176.709,0
92,5,150.479,0
92,12,124.455,0
92,16,281.833,2.96385
92,18,213.759,0
92,25,223.875,3.41464
92,62,121.179,1.14234
92,63,91.0055,0
92,72,243.737,7.42313
92,78,206.218,2.51162
92,87,117.975,5.90399
92,93,251.986,10.5561
92,99,252.002,0
93,5,153.209,0
93,8,177.102,0
93,10,153.769,0
93,12,201.613,0
93,18,191.086,0
93,47,242.87,0
93,51,282.613,1.31424
93,62,126.069,3.70759
93,63,196.512,0
93,72,103.465,0
93,77,200.212,0
93,87,146.932,0
93,92,251.986,10.5561
93,99,181.246,0
94,0,304.061,24.804
94,7,335.885,28.7969
94,22,452.333,23.5374
94,28,112.161,0
94,29,554.707,0
94,35,469.002,32.0826
94,38,438.503,17.3833
94,45,93.2952,0
94,55,192.499,15.1965
94,74,324.581,5.22315
94,75,281.831,24.0738
94,81,176.03,13.5255
94,86,366.087,28.8197
94,96,236.007,10.4202
95,4,50.2195,0
95,9,297.902,7.12264
95,17,341.308,25.0524
95,18,289.117,4.70915
95,20,108.24,0
95,23,167.045,4.87214
95,27,134.562,6.20926
95,30,328.005,26.7881
95,31,204.299,0
95,33,122.919,0
95,34,211.64,7.10021
95,41,209.604,9.89492
95,43,257.078,0
95,51,212.483,4.34933
95,52,182.099,0
95,54,287.628,7.1019
95,56,38.4708,0
95,58,257.74,9.18249
95,59,262.36,5.42182
95,60,286.031,6.19114
95,64,192.72,15.1767
95,69,295.309,4.73311
95,73,100.568,0
95,80,295.03,10.2086
95,83,31,0
95,91,176.709,0
96,0,68.0661,0
96,7,145.794,0
96,28,305.386,12.0795
96,35,330.472,24.6077
96,38,243.74,3.97004
96,45,292.733,11.5318
96,55,469.964,13.7585
96,74,252.165,20.3949
96,81,446.351,12.9157
96,86,219.317,0
96,94,236.007,10.4202
97,7,354.945,21.6334
97,15,477.892,18.0366
97,24,427,24.413
97,26,242.099,13.8485
97,29,389.502,13.6409
97,32,448.973,30.8512
97,35,112.641,0
97,38,195.724,0
97,40,318.915,26.6185
97,59,422.529,36.0437
97,66,487.195,31.4912
97,69,381.113,31.5985
97,74,348.006,0
97,76,375.68,31.1769
97,79,47.5253,4.07703
97,86,207.376,1.95491
97,89,116.825,0
97,90,379.431,31.9745
98,11,145.424,6.87169
98,14,83.1505,0
98,16,131.381,0
98,17,137.406,6.72122
98,25,190.163,0
98,31,294.851,15.2643
98,33,349.595,29.9902
98,43,153.942,13.164
98,49,335.621,22.4214
98,50,402.849,34.4962
98,57,307.029,21.3322
98,58,234.765,20.1147
98,61,72.45,0
98,68,314.781,23.653
98,71,255.539,0
98,78,219,4.76077
98,80,181.457,15.5501
98,82,125.399,0
99,5,283.551,0
99,62,224.955,3.83075
99,63,310.843,11.5246
99,72,276.588,0
99,87,280.15,15.4328
99,92,252.002,0
99,93,181.246,0
