0,39,175.317,0
0,41,143.628,0
0,89,116.966,0
1,4,114.965,0
1,5,271.205,0
1,9,299.532,25.0329
1,11,68.884,0
1,12,161.719,0
1,14,91.0494,0
1,33,184.741,6.95473
1,35,192.023,0
1,36,150.036,4.25323
1,37,291.247,0
1,42,355.002,28.0182
1,44,284.856,10.2201
1,46,193.132,0
1,47,265.526,20.6449
1,48,31.0161,0
1,56,308.185,0
1,64,170.848,0
1,68,230.098,0
1,70,359.834,23.3153
1,71,272.153,1.97126
1,73,265.031,22.3459
1,91,280.063,9.07544
1,93,151.819,0
1,95,193.023,0
2,10,256.89,15.9163
2,18,175.773,14.0683
2,19,251.376,14.9065
2,20,256.827,7.40525
2,23,291.286,10.5388
2,28,148.109,9.4623
2,32,223.102,11.9017
2,40,361.017,20.9817
2,49,257.16,10.4762
2,52,239.415,11.7754
2,53,196.52,7.96465
2,54,162.529,8.51504
2,58,309.885,12.8826
2,61,36.3655,2.16461
2,77,285.536,9.38117
2,82,207.206,15.1799
2,97,307.166,13.5174
3,30,292.298,20.6166
3,31,153.101,0
3,37,405.029,34.5095
3,38,134.494,1.73663
3,55,345.197,26.7336
3,64,276.297,19.3957
3,71,463.011,35.1692
3,81,165.063,11.7428
3,83,374.755,31.4151
3,84,336.118,26.191
3,88,396.49,33.8713
3,95,393.169,33.2781
4,1,114.965,0
4,5,177.451,0
4,11,69.9714,0
4,12,84.8528,0
4,14,200.801,0
4,27,362.816,23.2727
4,29,262.053,0
4,33,324.379,17.7879
4,35,293.084,0
4,36,247.769,8.73543
4,42,341.294,28.9047
4,44,169.005,9.1512
4,46,296.319,0
4,47,313.153,25.5057
4,48,138.957,0
4,56,198.98,0
4,64,211.234,8.96281
4,68,115.663,0
4,70,258.085,21.3301
4,73,214.727,18.3802
4,80,228.963,0
4,81,303.046,6.93974
4,93,38.2099,0
4,95,262.231,0
5,1,271.205,0
5,4,177.451,0
5,11,246.465,0
5,12,109.877,0
5,13,291.168,11.7313
5,27,303.634,23.9346
5,29,89.0898,0
5,42,230.288,18.7836
5,44,155.053,12.0821
5,45,281.827,20.5824
5,47,337.013,27.616
5,48,301.081,0
5,56,75.4321,0
5,68,110.386,0
5,70,301.283,25.7019
5,73,186.112,15.1406
5,74,362.756,28.1822
5,80,51.9711,0
5,85,262.246,0
5,92,204.629,0
5,93,144.586,0
6,7,305.5,0
6,13,246.757,0
6,15,186.601,0
6,16,232.938,0
6,22,311.448,0
6,25,112.294,0
6,27,311.387,0
6,65,220.102,0
6,66,141.496,0
6,72,192.263,0
6,74,297.356,7.96468
6,75,201.01,0
6,76,217.037,0
6,85,234.137,0
6,86,188.096,0
6,94,32.6497,0
6,96,211.549,0
6,98,69.0072,0
7,6,305.5,0
7,15,283.425,0
7,16,127.004,0
7,19,282.45,0
7,20,217.083,0
7,21,131.085,8.20352
7,22,294.718,15.2263
7,23,278.772,0
7,24,263.395,14.2455
7,26,152.977,0
7,32,279.26,0
7,34,370.322,30.4978
7,49,293.212,0
7,52,259.763,0
7,53,275.572,0
7,57,354.472,28.3807
7,58,224.664,0
7,60,436.107,37.3313
7,62,327.887,14.6569
7,63,270.876,18.6454
7,65,241.075,0
7,66,165.858,0
7,69,260.5,0
7,72,130.74,0
7,75,217.332,0
7,76,209.01,0
7,77,202.832,0
7,78,379.604,31.4573
7,79,345.389,29.4977
7,86,123.491,0
7,87,444.806,37.8543
7,96,120.071,0
7,97,234.096,0
7,98,261.335,0
8,21,377.73,22.5722
8,22,344.222,28.6171
8,24,262.777,22.5214
8,30,428.138,17.9041
8,34,383.86,19.6074
8,43,255.043,11.3778
8,51,115.018,6.29792
8,57,277.979,10.3375
8,59,130.531,9.51617
8,60,60.1664,0
8,62,349.827,29.9983
8,63,285.429,24.4083
8,67,215.224,11.7848
8,78,255.292,15.6614
8,79,436.625,36.4748
8,83,359.548,10.9828
8,84,373.661,24.4329
8,87,238.146,20.416
8,88,402.628,23.8453
8,90,280.585,23.6623
9,1,299.532,25.0329
9,11,349.344,27.4519
9,14,221.155,15.705
9,33,80.3417,6.85194
9,35,114.122,9.74679
9,36,218.68,0
9,37,234.748,9.74913
9,46,104.2,8.63846
9,48,283.32,24.2551
9,64,323.058,22.9113
9,71,226.931,11.4366
9,95,213.24,14.1189
10,2,256.89,15.9163
10,17,117.958,0
10,18,83.2406,0
10,19,122.287,0
10,20,193.724,0
10,26,248.455,0
10,28,275.879,0
10,32,137.644,0
10,40,132.639,0
10,52,152.043,0
10,53,268.269,0
10,54,266.728,0
10,58,177.341,0
10,61,223.117,6.78736
10,69,197.464,0
10,77,200.262,0
10,82,56,0
10,97,168.074,0
11,1,68.884,0
11,4,69.9714,0
11,5,246.465,0
11,9,349.344,27.4519
11,12,145.986,0
11,14,138.654,0
11,33,288.131,23.2324
11,35,224.878,0
11,36,225.588,8.3623
11,37,319.285,12.6863
11,42,338.311,18.0792
11,44,234.351,10.6077
11,46,228.712,0
11,47,304.639,20.0683
11,48,81.0247,0
11,56,268.002,0
11,64,150.09,7.17052
11,68,181.157,0
11,70,289.883,20.4256
11,71,290.209,10.0655
11,73,215.959,10.3303
11,80,297.523,0
11,81,324.919,17.3576
11,93,107.201,0
11,95,193.259,0
12,1,161.719,0
12,4,84.8528,0
12,5,109.877,0
12,11,145.986,0
12,14,252.62,0
12,27,383.689,30.0723
12,29,184.954,0
12,36,358.655,27.3585
12,42,270.225,20.9274
12,44,167.036,9.71057
12,45,363.724,22.6808
12,47,278.798,23.7253
12,48,191.971,0
12,56,158.496,0
12,64,295.018,9.27328
12,68,111.005,0
12,70,265.597,16.538
12,73,132.833,8.3601
12,80,157.099,0
12,91,391.804,32.7325
12,93,70.4557,0
13,5,291.168,11.7313
13,6,246.757,0
13,22,224.207,0
13,25,138.033,0
13,27,67.1193,0
13,29,286.295,0
13,44,257.955,17.5015
13,55,327.024,26.6439
13,56,250.339,20.267
13,62,231.815,0
13,66,309.128,0
13,68,312,23.9474
13,70,314.657,26.0527
13,74,81.5843,6.79869
13,76,205.572,0
13,80,261.964,0
13,85,152.882,0
13,86,300.002,0
13,90,288.74,3.37968
13,92,205.682,0
13,94,255.314,0
13,96,290.878,0
13,98,209.468,0
14,1,91.0494,0
14,4,200.801,0
14,9,221.155,15.705
14,11,138.654,0
14,12,252.62,0
14,33,150.085,6.59467
14,35,103.465,0
14,36,153.405,0
14,37,224.555,0
14,46,103.315,0
14,47,289.462,12.5936
14,48,62.2896,0
14,64,183.217,7.0144
14,71,204.822,1.01881
14,73,338.913,27.1934
14,91,289.634,5.57259
14,93,238.824,0
14,95,135.956,0
15,6,186.601,0
15,7,283.425,0
15,16,158.619,0
15,25,298.077,0
15,26,262.732,0
15,58,283.648,0
15,65,58.7282,0
15,66,164.794,0
15,69,213.378,0
15,72,159.314,0
15,75,68.7095,0
15,77,309.239,0
15,86,226.451,0
15,94,193.83,0
15,96,262.185,0
15,97,287.341,0
15,98,220.204,0
16,6,232.938,0
16,7,127.004,0
16,15,158.619,0
16,19,263.097,0
16,20,221.054,0
16,21,257.02,8.74229
16,26,138.578,0
16,32,272.998,0
16,52,253.6,0
16,58,192.375,0
16,65,114.11,0
16,66,104.043,0
16,69,178.466,0
16,72,48.2597,0
16,75,90.934,0
16,76,244.387,0
16,77,197.122,0
16,86,122.801,0
16,94,259.002,0
16,96,151.344,0
16,97,200.122,0
16,98,216.227,0
17,10,117.958,0
17,18,191.638,0
17,19,223.016,0
17,20,291.776,0
17,32,245.153,0
17,40,62.6498,0
17,52,255.157,0
17,58,255.977,0
17,69,230.586,0
17,77,290.801,0
17,82,173.649,0
17,97,246.806,0
18,2,175.773,14.0683
18,10,83.2406,0
18,17,191.638,0
18,19,135.059,0
18,20,195.059,0
18,26,268.464,0
18,28,211.301,0
18,32,132.91,0
18,40,184.743,0
18,49,305.002,0
18,52,152.611,0
18,53,222.407,0
18,54,209.335,0
18,58,205.156,0
18,61,149.647,8.86131
18,69,255.157,0
18,77,211.092,0
18,82,43.4626,0
18,97,197.428,0
19,2,251.376,14.9065
19,7,282.45,0
19,10,122.287,0
19,16,263.097,0
19,17,223.016,0
19,18,135.059,0
19,20,71.5052,0
19,23,281.78,0
19,26,134.164,0
19,28,211.028,0
19,32,28.6356,0
19,40,252.604,0
19,49,261.49,0
19,52,32.2025,0
19,53,175.026,0
19,54,190.394,0
19,58,71.0211,0
19,61,199.651,1.26319
19,65,291.707,0
19,69,142.836,0
19,72,310.582,0
19,75,297.693,0
19,77,79.7057,0
19,79,331.924,12.4661
19,82,97.2934,0
19,97,64.2884,0
20,2,256.827,7.40525
20,7,217.083,0
20,10,193.724,0
20,16,221.054,0
20,17,291.776,0
20,18,195.059,0
20,19,71.5052,0
20,21,281.256,7.82097
20,23,230.106,0
20,24,392.559,29.8297
20,26,82.5651,0
20,28,195.898,0
20,32,62.2977,0
20,49,216.19,0
20,52,43.382,0
20,53,138.798,0
20,54,168.443,0
20,58,62.3618,0
20,61,220.168,0
20,63,383.69,31.3811
20,65,276.065,0
20,69,156.541,0
20,72,265.59,0
20,75,274.824,0
20,77,25.6125,0
20,79,274.264,12.9566
20,82,163.294,0
20,97,65.6201,0
21,7,131.085,8.20352
21,8,377.73,22.5722
21,16,257.02,8.74229
21,20,281.256,7.82097
21,22,398.299,29.5498
21,23,396.783,18.8293
21,24,207.314,14.1661
21,26,245.376,7.79937
21,34,299.508,20.8903
21,49,376.857,30.8745
21,51,440.641,37.2336
21,52,323.292,7.71276
21,53,296.228,13.8166
21,54,342.548,16.3221
21,57,234.494,20.1122
21,58,311.56,7.98598
21,59,434.749,21.675
21,60,317.485,23.8865
21,62,469.456,27.1863
21,63,216.862,11.906
21,66,291.039,12.2579
21,67,419.103,28.3056
21,72,262.061,10.6102
21,76,313.567,25.34
21,77,275.621,7.23991
21,78,257.478,21.9327
21,79,326.931,13.1215
21,86,235.249,12.1902
21,87,398.295,30.4122
21,90,418.208,34.5752
21,96,212.099,11.2485
21,97,320.681,8.06196
22,6,311.448,0
22,7,294.718,15.2263
22,8,344.222,28.6171
22,13,224.207,0
22,21,398.299,29.5498
22,25,266.101,0
22,27,222.266,0
22,30,285.962,18.7573
22,31,456.048,37.2808
22,55,244.629,20.1769
22,59,227.568,11.9124
22,60,408.098,33.2387
22,62,40.6079,0
22,66,288.839,12.1965
22,67,160.854,0
22,70,372.14,29.052
22,72,317.994,12.8622
22,74,192.941,7.02715
22,76,116.056,7.05243
22,83,445.439,37.0776
22,84,255.439,18.0365
22,86,237.651,12.6152
22,87,108.665,0
22,88,218.509,13.8045
22,90,91.444,0
22,96,205.225,12.1523
22,98,242.739,0
23,2,291.286,10.5388
23,7,278.772,0
23,19,281.78,0
23,20,230.106,0
23,21,396.783,18.8293
23,24,268.364,17.39
23,26,268.164,0
23,28,143.391,0
23,32,255.351,0
23,34,241.955,9.4774
23,39,203.939,9.19584
23,41,259.629,19.6387
23,43,349.72,29.6522
23,49,34.4819,0
23,52,251.048,0
23,53,114.061,0
23,54,130.115,0
23,57,329.237,20.425
23,58,290.991,0
23,60,461.5,38.9323
23,61,253.032,0
23,63,256.331,9.12773
23,77,247.477,0
23,78,346.195,19.2519
23,79,80.8892,6.23564
23,89,288.161,7.83145
23,97,295.434,0
24,7,263.395,14.2455
24,8,262.777,22.5214
24,20,392.559,29.8297
24,21,207.314,14.1661
24,23,268.364,17.39
24,26,334.031,12.1658
24,28,418.792,35.8825
24,34,80.657,6.68554
24,39,415.466,33.3387
24,41,447.956,38.0121
24,43,268.91,23.0658
24,49,309.877,23.2036
24,51,286.936,22.867
24,53,349.174,29.8873
24,54,391.299,33.5076
24,57,59.9618,3.52085
24,59,374.565,30.677
24,60,205.268,17.1057
24,63,23.4371,0.582502
24,67,431.108,33.3525
24,78,83.413,6.92154
24,79,193.277,9.43364
24,87,437.211,36.9056
24,96,388.334,29.3376
25,6,112.294,0
25,13,138.033,0
25,15,298.077,0
25,22,266.101,0
25,27,204.607,0
25,56,326.632,9.52676
25,62,292.33,0
25,66,212.078,0
25,72,268.628,0
25,74,200.128,8.50603
25,75,304.304,0
25,76,193.662,0
25,85,142.302,0
25,86,230.326,0
25,92,228.74,0
25,94,117.388,0
25,96,237.994,0
25,98,99.2975,0
26,7,152.977,0
26,10,248.455,0
26,15,262.732,0
26,16,138.578,0
26,18,268.464,0
26,19,134.164,0
26,20,82.5651,0
26,21,245.376,7.79937
26,23,268.164,0
26,24,334.031,12.1658
26,28,268.888,0
26,32,138.058,0
26,49,263.865,0
26,52,118.106,0
26,53,202.549,0
26,54,239.27,0
26,58,71.6938,0
26,61,302.65,0
26,63,366.224,27.8573
26,65,204.619,0
26,66,239.493,0
26,69,128.787,0
26,72,183.12,0
26,75,198.728,0
26,77,59.5399,0
26,79,303.765,15.6976
26,82,231.417,0
26,86,236.415,0
26,96,251.621,0
26,97,81.1234,0
27,4,362.816,23.2727
27,5,303.634,23.9346
27,6,311.387,0
27,12,383.689,30.0723
27,13,67.1193,0
27,22,222.266,0
27,25,204.607,0
27,29,303.665,11.462
27,44,210.775,17.2442
27,55,282.827,24.2443
27,56,228.441,19.597
27,62,225.311,3.62569
27,68,269.447,23.015
27,70,238.487,15.3667
27,74,55.183,2.64141
27,76,253.084,9.14466
27,80,270.729,10.7482
27,81,373.577,27.651
27,85,211.064,3.84353
27,87,305.39,4.74039
27,88,430.512,35.83
27,90,271.292,5.90035
27,92,247.236,5.66171
27,93,326.098,21.981
27,98,268.604,0
28,2,148.109,9.4623
28,10,275.879,0
28,18,211.301,0
28,19,211.028,0
28,20,195.898,0
28,23,143.391,0
28,24,418.792,35.8825
28,26,268.888,0
28,32,182.727,0
28,34,384.402,32.9235
28,39,296.011,21.3163
28,41,287.299,18.6293
28,49,109.041,0
28,52,190.079,0
28,53,73.6817,0
28,54,30.8707,0
28,58,254.065,0
28,61,110.39,0
28,63,387.451,33.1796
28,77,221.07,0
28,79,222.608,12.8831
28,82,220.102,0
28,97,253.87,0
29,4,262.053,0
29,5,89.0898,0
29,12,184.954,0
29,13,286.295,0
29,27,303.665,11.462
29,42,241.572,20.3885
29,44,240.09,15.3335
29,45,217.122,17.3682
29,47,339.818,24.3035
29,50,336.918,20.7927
29,56,132.639,0
29,68,197.307,0
29,70,386.344,31.4281
29,73,238.716,19.1278
29,80,40.4969,0
29,85,232.228,0
29,92,154.434,0
29,93,231.698,0
30,3,292.298,20.6166
30,8,428.138,17.9041
30,22,285.962,18.7573
30,31,163.911,7.00072
30,38,220.418,18.2812
30,51,446.769,34.3475
30,55,260.495,10.2832
30,59,273.641,17.9194
30,60,480.994,19.677
30,62,249.329,18.4632
30,67,236.278,15.9241
30,70,493.825,31.2408
30,81,292.554,21.1473
30,83,160.699,10.5078
30,84,30.4138,0
30,87,184.833,12.4481
30,88,77.5785,6.53999
30,90,194.167,15.5999
31,3,153.101,0
31,22,456.048,37.2808
31,30,163.911,7.00072
31,38,63.7489,0.539918
31,55,274.188,6.79227
31,59,433.484,26.3142
31,62,417.709,30.5466
31,67,384.48,25.632
31,70,386.407,31.9013
31,81,136.708,11.6337
31,83,277.069,15.936
31,84,190.299,11.7822
31,87,384.617,26.3691
31,88,242.421,0
31,90,370.312,23.2256
32,2,223.102,11.9017
32,7,279.26,0
32,10,137.644,0
32,16,272.998,0
32,17,245.153,0
32,18,132.91,0
32,19,28.6356,0
32,20,62.2977,0
32,23,255.351,0
32,26,138.058,0
32,28,182.727,0
32,40,270.046,0
32,49,234.036,0
32,52,20.025,0
32,53,147.031,0
32,54,161.771,0
32,58,85.8836,0
32,61,175.866,0
32,65,311.006,0
32,69,167.601,0
32,77,79.1012,0
32,79,308.138,12.5671
32,82,101.597,0
32,97,81.5414,0
33,1,184.741,6.95473
33,4,324.379,17.7879
33,9,80.3417,6.85194
33,11,288.131,23.2324
33,14,150.085,6.59467
33,35,122.007,8.64899
33,36,211.289,15.0991
33,37,268.42,18.3853
33,46,116.352,6.31828
33,47,373.782,28.6724
33,48,189.684,15.63
33,64,301.898,24.5717
33,71,250.038,17.6214
33,91,300.412,9.09346
33,95,198.911,14.2536
34,7,370.322,30.4978
34,8,383.86,19.6074
34,21,299.508,20.8903
34,23,241.955,9.4774
34,24,80.657,6.68554
34,28,384.402,32.9235
34,39,335.443,25.1583
34,41,377.852,30.7615
34,43,214.171,18.3613
34,49,276.016,18.7796
34,51,335.524,28.5864
34,53,358.16,30.001
34,54,374.878,32.1235
34,57,112.178,7.06018
34,59,483.404,31.752
34,60,339.006,14.7838
34,63,84.0158,7.17238
34,78,119.168,6.70153
34,79,178.404,0
34,89,369.569,30.9614
35,1,192.023,0
35,4,293.084,0
35,9,114.122,9.74679
35,11,224.878,0
35,14,103.465,0
35,33,122.007,8.64899
35,36,335.885,28.8134
35,37,147.275,0
35,46,9.84886,0
35,48,161.385,0
35,64,220.075,12.7264
35,71,130.599,0
35,95,99.2018,0
36,1,150.036,4.25323
36,4,247.769,8.73543
36,9,218.68,0
36,11,225.588,8.3623
36,12,358.655,27.3585
36,14,153.405,0
36,33,211.289,15.0991
36,35,335.885,28.8134
36,42,253.8,4.99157
36,46,337.52,28.7659
36,47,125.419,0
36,48,158.771,4.87703
36,64,309.636,3.37686
36,73,238.781,18.7547
36,91,125.801,0
36,93,279.136,10.4719
36,95,289.36,0
37,1,291.247,0
37,3,405.029,34.5095
37,9,234.748,9.74913
37,11,319.285,12.6863
37,14,224.555,0
37,33,268.42,18.3853
37,35,147.275,0
37,46,155.657,0
37,48,262.002,0
37,64,249.921,21.1937
37,71,23.1948,0
37,95,112.293,5.70341
38,3,134.494,1.73663
38,30,220.418,18.2812
38,31,63.7489,0.539918
38,44,411.956,35.0219
38,55,209.951,17.6351
38,59,454.391,38.3085
38,62,426.817,34.729
38,64,317.771,22.8092
38,67,462.102,31.2754
38,68,394.069,30.3234
38,70,292.747,25.037
38,81,74.4312,0
38,83,352.307,27.169
38,84,234.47,19.9721
38,87,380.16,32.5985
38,88,248.39,19.8514
38,90,365.532,31.0304
39,0,175.317,0
39,23,203.939,9.19584
39,24,415.466,33.3387
39,28,296.011,21.3163
39,34,335.443,25.1583
39,41,39.0512,0
39,43,213.846,0
39,49,234.956,17.9801
39,53,291.677,11.8594
39,54,309,22.0536
39,57,423.268,32.5967
39,63,401.865,31.9791
39,78,412.062,32.548
39,79,305.24,25.5471
39,89,89.493,0
40,2,361.017,20.9817
40,10,132.639,0
40,17,62.6498,0
40,18,184.743,0
40,19,252.604,0
40,32,270.046,0
40,52,283.535,0
40,58,297.478,0
40,61,332.566,11.0838
40,69,285.631,0
40,82,181.177,0
40,97,288.062,0
41,0,143.628,0
41,23,259.629,19.6387
41,24,447.956,38.0121
41,28,287.299,18.6293
41,34,377.852,30.7615
41,39,39.0512,0
41,43,250.282,0
41,49,245.459,16.4705
41,53,337.861,23.9612
41,54,309.586,20.9195
41,57,472.097,38.0071
41,63,432.001,36.6354
41,78,452.247,37.8498
41,79,343.651,29.1583
41,89,83.7257,0
42,1,355.002,28.0182
42,4,341.294,28.9047
42,5,230.288,18.7836
42,11,338.311,18.0792
42,12,270.225,20.9274
42,29,241.572,20.3885
42,36,253.8,4.99157
42,44,343.116,23.0983
42,45,263.081,20.9512
42,47,126.574,0
42,48,382.204,28.5773
42,50,176.963,0
42,56,311.22,22.8661
42,68,299.56,16.4916
42,73,125.654,8.61403
42,80,232.378,19.2485
42,91,226.02,0
42,93,343.623,29.473
42,99,277.8,0
43,8,255.043,11.3778
43,23,349.72,29.6522
43,24,268.91,23.0658
43,34,214.171,18.3613
43,39,213.846,0
43,41,250.282,0
43,49,377.437,31.1455
43,51,174.103,0
43,57,213.403,18.2869
43,59,376.68,26.2495
43,60,224.482,6.61101
43,63,276.154,23.5505
43,78,187.409,15.8746
43,79,367.851,27.3303
43,89,229.314,0
44,1,284.856,10.2201
44,4,169.005,9.1512
44,5,155.053,12.0821
44,11,234.351,10.6077
44,12,167.036,9.71057
44,13,257.955,17.5015
44,27,210.775,17.2442
44,29,240.09,15.3335
44,38,411.956,35.0219
44,42,343.116,23.0983
44,48,308.157,10.1939
44,55,376.175,31.6836
44,56,127.04,9.69678
44,64,329.655,15.5106
44,68,56.6023,3.92411
44,70,144.959,12.133
44,73,302.865,25.9568
44,74,255.669,18.3297
44,80,199.712,14.4836
44,81,358.391,29.4819
44,85,371.842,30.6673
44,92,365,31.304
44,93,132.833,8.70244
45,5,281.827,20.5824
45,12,363.724,22.6808
45,29,217.122,17.3682
45,42,263.081,20.9512
45,50,223.647,0
45,56,354.026,29.0969
45,73,501.849,22.8132
45,80,258.961,22.1816
45,85,320.659,17.853
45,92,240.364,17.8841
46,1,193.132,0
46,4,296.319,0
46,9,104.2,8.63846
46,11,228.712,0
46,14,103.315,0
46,33,116.352,6.31828
46,35,9.84886,0
46,36,337.52,28.7659
46,37,155.657,0
46,48,162.807,0
46,64,228.411,12.7948
46,71,139.517,0
46,95,108.931,0
47,1,265.526,20.6449
47,4,313.153,25.5057
47,5,337.013,27.616
47,11,304.639,20.0683
47,12,278.798,23.7253
47,14,289.462,12.5936
47,29,339.818,24.3035
47,33,373.782,28.6724
47,36,125.419,0
47,42,126.574,0
47,48,276.04,18.0497
47,50,235.213,0
47,68,389.56,31.1322
47,73,136.59,7.66019
47,80,314.091,16.2312
47,91,109.836,0
47,93,317.259,24.5828
47,99,288.028,0
48,1,31.0161,0
48,4,138.957,0
48,5,301.081,0
48,9,283.32,24.2551
48,11,81.0247,0
48,12,191.971,0
48,14,62.2896,0
48,33,189.684,15.63
48,35,161.385,0
48,36,158.771,4.87703
48,37,262.002,0
48,42,382.204,28.5773
48,44,308.157,10.1939
48,46,162.807,0
48,47,276.04,18.0497
48,64,154.935,0
48,68,254.608,0
48,71,243.009,1.9666
48,73,296.926,25.4712
48,91,272.31,0
48,93,176.819,0
48,95,164.596,0
49,2,257.16,10.4762
49,7,293.212,0
49,18,305.002,0
49,19,261.49,0
49,20,216.19,0
49,21,376.857,30.8745
49,23,34.4819,0
49,24,309.877,23.2036
49,26,263.865,0
49,28,109.041,0
49,32,234.036,0
49,34,276.016,18.7796
49,39,234.956,17.9801
49,41,245.459,16.4705
49,43,377.437,31.1455
49,52,232.009,0
49,53,88.0738,0
49,54,97.4526,0
49,57,363.758,27.5573
49,58,278.289,0
49,61,218.961,0
49,63,290.484,18.6056
49,77,235.987,0
49,78,382.293,27.0308
49,79,115.483,9.79358
49,82,303.059,0
49,89,327.528,21.0256
49,97,281.78,0
50,29,336.918,20.7927
50,42,176.963,0
50,45,223.647,0
50,47,235.213,0
50,73,296.472,8.91964
50,91,273.183,0
50,99,123.794,0
51,8,115.018,6.29792
51,21,440.641,37.2336
51,24,286.936,22.867
51,30,446.769,34.3475
51,34,335.524,28.5864
51,43,174.103,0
51,57,242.179,20.7217
51,59,212.35,17.2142
51,60,124.088,7.47702
51,63,315.834,25.3714
51,67,261.098,19.7583
51,78,231.819,19.8561
51,83,296.776,25.4337
51,84,424.349,34.8502
51,87,329.749,25.481
51,88,493.85,33.9577
51,90,346.963,21.0764
52,2,239.415,11.7754
52,7,259.763,0
52,10,152.043,0
52,16,253.6,0
52,17,255.157,0
52,18,152.611,0
52,19,32.2025,0
52,20,43.382,0
52,21,323.292,7.71276
52,23,251.048,0
52,26,118.106,0
52,28,190.079,0
52,32,20.025,0
52,40,283.535,0
52,49,232.009,0
52,53,146.986,0
52,54,166.784,0
52,58,69.4046,0
52,61,192.51,0
52,65,294.853,0
52,69,156.426,0
52,72,299.867,0
52,75,297.607,0
52,77,59.0762,0
52,79,299.887,12.2681
52,82,119.921,0
52,97,66.4831,0
53,2,196.52,7.96465
53,7,275.572,0
53,10,268.269,0
53,18,222.407,0
53,19,175.026,0
53,20,138.798,0
53,21,296.228,13.8166
53,23,114.061,0
53,24,349.174,29.8873
53,26,202.549,0
53,28,73.6817,0
53,32,147.031,0
53,34,358.16,30.001
53,39,291.677,11.8594
53,41,337.861,23.9612
53,49,88.0738,0
53,52,146.986,0
53,54,43.1741,0
53,57,387.708,31.8546
53,58,200.744,0
53,61,159.703,0
53,63,325.799,27.9384
53,69,294.944,0
53,77,161.941,0
53,78,410.519,34.7641
53,79,178.8,11.3449
53,82,216.518,0
53,97,202.704,0
54,2,162.529,8.51504
54,10,266.728,0
54,18,209.335,0
54,19,190.394,0
54,20,168.443,0
54,21,342.548,16.3221
54,23,130.115,0
54,24,391.299,33.5076
54,26,239.27,0
54,28,30.8707,0
54,32,161.771,0
54,34,374.878,32.1235
54,39,309,22.0536
54,41,309.586,20.9195
54,49,97.4526,0
54,52,166.784,0
54,53,43.1741,0
54,58,228.11,0
54,61,125.399,0
54,63,361.793,31.0039
54,77,193.217,0
54,79,205.028,12.3731
54,82,211.981,0
54,97,228.589,0
55,3,345.197,26.7336
55,13,327.024,26.6439
55,22,244.629,20.1769
55,27,282.827,24.2443
55,30,260.495,10.2832
55,31,274.188,6.79227
55,38,209.951,17.6351
55,44,376.175,31.6836
55,56,436.792,37.4703
55,59,351.218,30.0921
55,62,200.006,16.8596
55,67,298.151,25.3257
55,68,444.371,33.4533
55,70,244.964,19.7301
55,74,292.327,23.6475
55,76,335.044,24.8172
55,81,224.107,18.4953
55,83,392.985,26.8292
55,84,227.403,11.0543
55,87,219.632,17.313
55,88,191.418,4.87783
55,90,191.18,16.3379
56,1,308.185,0
56,4,198.98,0
56,5,75.4321,0
56,11,268.002,0
56,12,158.496,0
56,13,250.339,20.267
56,25,326.632,9.52676
56,27,228.441,19.597
56,29,132.639,0
56,42,311.22,22.8661
56,44,127.04,9.69678
56,45,354.026,29.0969
56,55,436.792,37.4703
56,68,92.3093,0
56,70,260.036,20.1693
56,73,255.149,17.4692
56,74,286.228,24.2763
56,80,94.1754,0
56,85,217.138,0
56,92,182.584,0
56,93,160.963,0
57,7,354.472,28.3807
57,8,277.979,10.3375
57,21,234.494,20.1122
57,23,329.237,20.425
57,24,59.9618,3.52085
57,34,112.178,7.06018
57,39,423.268,32.5967
57,41,472.097,38.0071
57,43,213.403,18.2869
57,49,363.758,27.5573
57,51,242.179,20.7217
57,53,387.708,31.8546
57,59,398.324,18.8494
57,60,226.846,7.07552
57,63,91.2396,7.28445
57,67,395.452,31.9219
57,78,24.0832,0
57,79,239.912,16.6325
57,87,425.131,35.9084
58,2,309.885,12.8826
58,7,224.664,0
58,10,177.341,0
58,15,283.648,0
58,16,192.375,0
58,17,255.977,0
58,18,205.156,0
58,19,71.0211,0
58,20,62.3618,0
58,21,311.56,7.98598
58,23,290.991,0
58,26,71.6938,0
58,28,254.065,0
58,32,85.8836,0
58,40,297.478,0
58,49,278.289,0
58,52,69.4046,0
58,53,200.744,0
58,54,228.11,0
58,61,261.536,0
58,65,225.488,0
58,66,296.38,0
58,69,94.2444,0
58,72,240.102,0
58,75,228.974,0
58,77,44.1022,0
58,79,333.236,13.9554
58,82,165.245,0
58,86,302.166,0
58,97,9.43398,0
59,8,130.531,9.51617
59,21,434.749,21.675
59,22,227.568,11.9124
59,24,374.565,30.677
59,30,273.641,17.9194
59,31,433.484,26.3142
59,34,483.404,31.752
59,38,454.391,38.3085
59,43,376.68,26.2495
59,51,212.35,17.2142
59,55,351.218,30.0921
59,57,398.324,18.8494
59,60,189.2,8.4784
59,62,203.738,9.713
59,63,401.497,33.3238
59,67,45.2769,0
59,76,403.925,34.628
59,78,392.035,21.0019
59,83,217.98,18.2201
59,84,218.184,18.262
59,87,118.404,8.17076
59,88,257.106,17.3733
59,90,133.124,0
60,7,436.107,37.3313
60,8,60.1664,0
60,21,317.485,23.8865
60,22,408.098,33.2387
60,23,461.5,38.9323
60,24,205.268,17.1057
60,30,480.994,19.677
60,34,339.006,14.7838
60,43,224.482,6.61101
60,51,124.088,7.47702
60,57,226.846,7.07552
60,59,189.2,8.4784
60,62,345.154,28.4439
60,63,227.772,18.2705
60,67,254.788,13.2421
60,78,200.164,13.5748
60,79,377.261,32.2687
60,83,419.722,11.1747
60,84,410.328,28.823
60,87,299.711,22.2706
60,88,446.31,26.4469
60,90,336.414,28.0823
61,2,36.3655,2.16461
61,10,223.117,6.78736
61,18,149.647,8.86131
61,19,199.651,1.26319
61,20,220.168,0
61,23,253.032,0
61,26,302.65,0
61,28,110.39,0
61,32,175.866,0
61,40,332.566,11.0838
61,49,218.961,0
61,52,192.51,0
61,53,159.703,0
61,54,125.399,0
61,58,261.536,0
61,77,244.561,0
61,79,331.303,13.9819
61,82,166.425,5.02817
61,97,257.402,0
62,7,327.887,14.6569
62,8,349.827,29.9983
62,13,231.815,0
62,21,469.456,27.1863
62,22,40.6079,0
62,25,292.33,0
62,27,225.311,3.62569
62,30,249.329,18.4632
62,31,417.709,30.5466
62,38,426.817,34.729
62,55,200.006,16.8596
62,59,203.738,9.713
62,60,345.154,28.4439
62,66,329.509,12.4814
62,67,138.654,0
62,70,369.484,31.5236
62,74,193.631,7.04876
62,76,138.224,0
62,81,420.004,35.9808
62,83,389.101,32.826
62,84,217.796,17.0975
62,86,277.941,12.8551
62,87,84.5281,0
62,88,183.443,14.126
62,90,57.1402,0
62,96,245.886,12.7413
62,98,278.289,0
63,7,270.876,18.6454
63,8,285.429,24.4083
63,20,383.69,31.3811
63,21,216.862,11.906
63,23,256.331,9.12773
63,24,23.4371,0.582502
63,26,366.224,27.8573
63,28,387.451,33.1796
63,34,84.0158,7.17238
63,39,401.865,31.9791
63,41,432.001,36.6354
63,43,276.154,23.5505
63,49,290.484,18.6056
63,51,315.834,25.3714
63,53,325.799,27.9384
63,54,361.793,31.0039
63,57,91.2396,7.28445
63,59,401.497,33.3238
63,60,227.772,18.2705
63,67,468.393,35.1295
63,77,395.682,32.6881
63,78,120.442,10.1207
63,79,175.602,0
63,96,433.729,37.1646
64,1,170.848,0
64,3,276.297,19.3957
64,4,211.234,8.96281
64,9,323.058,22.9113
64,11,150.09,7.17052
64,12,295.018,9.27328
64,14,183.217,7.0144
64,33,301.898,24.5717
64,35,220.075,12.7264
64,36,309.636,3.37686
64,37,249.921,21.1937
64,38,317.771,22.8092
64,44,329.655,15.5106
64,46,228.411,12.7948
64,48,154.935,0
64,68,300.153,11.3329
64,70,307.19,13.8079
64,71,217.836,18.153
64,81,251.002,11.1174
64,93,239.406,8.7933
64,95,146.352,12.5274
65,6,220.102,0
65,7,241.075,0
65,15,58.7282,0
65,16,114.11,0
65,19,291.707,0
65,20,276.065,0
65,26,204.619,0
65,32,311.006,0
65,52,294.853,0
65,58,225.488,0
65,66,155.57,0
65,69,160.328,0
65,72,130.269,0
65,75,30,0
65,77,250.511,0
65,86,208.079,0
65,94,234.105,0
65,96,242.866,0
65,97,229.491,0
65,98,238.078,0
66,6,141.496,0
66,7,165.858,0
66,13,309.128,0
66,15,164.794,0
66,16,104.043,0
66,21,291.039,12.2579
66,22,288.839,12.1965
66,25,212.078,0
66,26,239.493,0
66,58,296.38,0
66,62,329.509,12.4814
66,65,155.57,0
66,69,275.138,0
66,72,56.5685,0
66,75,125.897,0
66,76,166.193,0
66,77,298.881,0
66,86,65.0308,0
66,94,171.898,0
66,96,99.8499,0
66,97,304.164,0
66,98,112.787,0
67,8,215.224,11.7848
67,21,419.103,28.3056
67,22,160.854,0
67,24,431.108,33.3525
67,30,236.278,15.9241
67,31,384.48,25.632
67,38,462.102,31.2754
67,51,261.098,19.7583
67,55,298.151,25.3257
67,57,395.452,31.9219
67,59,45.2769,0
67,60,254.788,13.2421
67,62,138.654,0
67,63,468.393,35.1295
67,76,340.003,28.8002
67,78,453.921,24.2405
67,81,492.395,36.7517
67,83,277.121,11.6953
67,84,185.195,14.6662
67,87,54.1295,0
67,88,173.294,14.821
67,90,88.0909,0
67,96,314.836,9.77483
68,1,230.098,0
68,4,115.663,0
68,5,110.386,0
68,11,181.157,0
68,12,111.005,0
68,13,312,23.9474
68,27,269.447,23.015
68,29,197.307,0
68,38,394.069,30.3234
68,42,299.56,16.4916
68,44,56.6023,3.92411
68,47,389.56,31.1322
68,48,254.608,0
68,55,444.371,33.4533
68,56,92.3093,0
68,64,300.153,11.3329
68,70,202.048,12.6683
68,73,249.794,20.9818
68,74,312.269,24.8413
68,80,157.334,0
68,81,327.608,19.7515
68,85,416.211,35.3149
68,92,274.838,0
68,93,78.2943,0
69,7,260.5,0
69,10,197.464,0
69,15,213.378,0
69,16,178.466,0
69,17,230.586,0
69,18,255.157,0
69,19,142.836,0
69,20,156.541,0
69,26,128.787,0
69,32,167.601,0
69,40,285.631,0
69,52,156.426,0
69,53,294.944,0
69,58,94.2444,0
69,65,160.328,0
69,66,275.138,0
69,72,224.511,0
69,75,174.485,0
69,77,135.915,0
69,82,211.698,0
69,86,301.015,0
69,97,92.6121,0
70,1,359.834,23.3153
70,4,258.085,21.3301
70,5,301.283,25.7019
70,11,289.883,20.4256
70,12,265.597,16.538
70,13,314.657,26.0527
70,22,372.14,29.052
70,27,238.487,15.3667
70,29,386.344,31.4281
70,30,493.825,31.2408
70,31,386.407,31.9013
70,38,292.747,25.037
70,44,144.959,12.133
70,55,244.964,19.7301
70,56,260.036,20.1693
70,62,369.484,31.5236
70,64,307.19,13.8079
70,68,202.048,12.6683
70,73,407.411,34.2374
70,74,266.84,21.8886
70,80,345.062,29.0709
70,81,266.867,22.8627
70,84,508.773,23.1553
70,88,454.54,24.0636
70,90,404.961,34.6967
70,93,232.912,19.824
71,1,272.153,1.97126
71,3,463.011,35.1692
71,9,226.931,11.4366
71,11,290.209,10.0655
71,14,204.822,1.01881
71,33,250.038,17.6214
71,35,130.599,0
71,37,23.1948,0
71,46,139.517,0
71,48,243.009,1.9666
71,64,217.836,18.153
71,95,86.0811,4.38845
72,6,192.263,0
72,7,130.74,0
72,15,159.314,0
72,16,48.2597,0
72,19,310.582,0
72,20,265.59,0
72,21,262.061,10.6102
72,22,317.994,12.8622
72,25,268.628,0
72,26,183.12,0
72,52,299.867,0
72,58,240.102,0
72,65,130.269,0
72,66,56.5685,0
72,69,224.511,0
72,75,101.242,0
72,76,201.604,0
72,77,242.425,0
72,86,81.3204,0
72,94,220.538,0
72,96,114.202,0
72,97,248.008,0
72,98,169.331,0
73,1,265.031,22.3459
73,4,214.727,18.3802
73,5,186.112,15.1406
73,11,215.959,10.3303
73,12,132.833,8.3601
73,14,338.913,27.1934
73,29,238.716,19.1278
73,36,238.781,18.7547
73,42,125.654,8.61403
73,44,302.865,25.9568
73,45,501.849,22.8132
73,47,136.59,7.66019
73,48,296.926,25.4712
73,50,296.472,8.91964
73,56,255.149,17.4692
73,68,249.794,20.9818
73,70,407.411,34.2374
73,80,228.645,18.952
73,91,245.194,8.70822
73,93,207.729,17.8187
74,5,362.756,28.1822
74,6,297.356,7.96468
74,13,81.5843,6.79869
74,22,192.941,7.02715
74,25,200.128,8.50603
74,27,55.183,2.64141
74,44,255.669,18.3297
74,55,292.327,23.6475
74,56,286.228,24.2763
74,62,193.631,7.04876
74,68,312.269,24.8413
74,70,266.84,21.8886
74,76,198.012,6.46777
74,80,327.81,15.4393
74,81,431.167,36.8258
74,84,459.633,36.9506
74,85,234.597,9.33615
74,86,308.7,6.80747
74,87,282.746,10.4936
74,88,405.187,33.3387
74,90,246.698,9.91626
74,92,273.45,5.65101
74,94,312.66,8.49727
74,96,292.379,6.67771
74,98,245.186,6.66134
75,6,201.01,0
75,7,217.332,0
75,15,68.7095,0
75,16,90.934,0
75,19,297.693,0
75,20,274.824,0
75,25,304.304,0
75,26,198.728,0
75,52,297.607,0
75,58,228.974,0
75,65,30,0
75,66,125.897,0
75,69,174.485,0
75,72,101.242,0
75,76,291.606,0
75,77,249.239,0
75,86,178.194,0
75,94,218.213,0
75,96,213.101,0
75,97,234.047,0
75,98,212.822,0
76,6,217.037,0
76,7,209.01,0
76,13,205.572,0
76,16,244.387,0
76,21,313.567,25.34
76,22,116.056,7.05243
76,25,193.662,0
76,27,253.084,9.14466
76,55,335.044,24.8172
76,59,403.925,34.628
76,62,138.224,0
76,66,166.193,0
76,67,340.003,28.8002
76,72,201.604,0
76,74,198.012,6.46777
76,75,291.606,0
76,84,370.34,24.8389
76,86,121.594,0
76,87,251.493,18.638
76,88,320.682,16.2556
76,90,212.067,9.70332
76,94,246.733,0
76,96,97.4166,0
76,98,148.084,0
77,2,285.536,9.38117
77,7,202.832,0
77,10,200.262,0
77,15,309.239,0
77,16,197.122,0
77,17,290.801,0
77,18,211.092,0
77,19,79.7057,0
77,20,25.6125,0
77,21,275.621,7.23991
77,23,247.477,0
77,26,59.5399,0
77,28,221.07,0
77,32,79.1012,0
77,49,235.987,0
77,52,59.0762,0
77,53,161.941,0
77,54,193.217,0
77,58,44.1022,0
77,61,244.561,0
77,63,395.682,32.6881
77,65,250.511,0
77,66,298.881,0
77,69,135.915,0
77,72,242.425,0
77,75,249.239,0
77,79,289.151,13.6848
77,82,176.162,0
77,86,295.061,0
77,96,308.603,0
77,97,50.2195,0
78,7,379.604,31.4573
78,8,255.292,15.6614
78,21,257.478,21.9327
78,23,346.195,19.2519
78,24,83.413,6.92154
78,34,119.168,6.70153
78,39,412.062,32.548
78,41,452.247,37.8498
78,43,187.409,15.8746
78,49,382.293,27.0308
78,51,231.819,19.8561
78,53,410.519,34.7641
78,57,24.0832,0
78,59,392.035,21.0019
78,60,200.164,13.5748
78,63,120.442,10.1207
78,67,453.921,24.2405
78,79,265.563,14.4209
78,87,422.419,36.0863
79,7,345.389,29.4977
79,8,436.625,36.4748
79,19,331.924,12.4661
79,20,274.264,12.9566
79,21,326.931,13.1215
79,23,80.8892,6.23564
79,24,193.277,9.43364
79,26,303.765,15.6976
79,28,222.608,12.8831
79,32,308.138,12.5671
79,34,178.404,0
79,39,305.24,25.5471
79,41,343.651,29.1583
79,43,367.851,27.3303
79,49,115.483,9.79358
79,52,299.887,12.2681
79,53,178.8,11.3449
79,54,205.028,12.3731
79,57,239.912,16.6325
79,58,333.236,13.9554
79,60,377.261,32.2687
79,61,331.303,13.9819
79,63,175.602,0
79,77,289.151,13.6848
79,78,265.563,14.4209
79,89,390.371,33.0045
79,97,339.074,14.0155
80,4,228.963,0
80,5,51.9711,0
80,11,297.523,0
80,12,157.099,0
80,13,261.964,0
80,27,270.729,10.7482
80,29,40.4969,0
80,42,232.378,19.2485
80,44,199.712,14.4836
80,45,258.961,22.1816
80,47,314.091,16.2312
80,56,94.1754,0
80,68,157.334,0
80,70,345.062,29.0709
80,73,228.645,18.952
80,74,327.81,15.4393
80,85,230.083,0
80,92,162.265,0
80,93,196.54,0
81,3,165.063,11.7428
81,4,303.046,6.93974
81,11,324.919,17.3576
81,27,373.577,27.651
81,30,292.554,21.1473
81,31,136.708,11.6337
81,38,74.4312,0
81,44,358.391,29.4819
81,55,224.107,18.4953
81,62,420.004,35.9808
81,64,251.002,11.1174
81,67,492.395,36.7517
81,68,327.608,19.7515
81,70,266.867,22.8627
81,74,431.167,36.8258
81,83,425.12,30.0794
81,84,297.004,23.7894
81,87,425.087,36.3424
81,88,317.834,19.7628
81,90,415.065,33.5344
81,93,300.302,6.33626
82,2,207.206,15.1799
82,10,56,0
82,17,173.649,0
82,18,43.4626,0
82,19,97.2934,0
82,20,163.294,0
82,26,231.417,0
82,28,220.102,0
82,32,101.597,0
82,40,181.177,0
82,49,303.059,0
82,52,119.921,0
82,53,216.518,0
82,54,211.981,0
82,58,165.245,0
82,61,166.425,5.02817
82,69,211.698,0
82,77,176.162,0
82,97,157.051,0
83,3,374.755,31.4151
83,8,359.548,10.9828
83,22,445.439,37.0776
83,30,160.699,10.5078
83,31,277.069,15.936
83,38,352.307,27.169
83,51,296.776,25.4337
83,55,392.985,26.8292
83,59,217.98,18.2201
83,60,419.722,11.1747
83,62,389.101,32.826
83,67,277.121,11.6953
83,81,425.12,30.0794
83,84,157.725,13.5305
83,87,310.907,22.5961
83,88,206.591,17.5868
83,90,333.392,24.3806
84,3,336.118,26.191
84,8,373.661,24.4329
84,22,255.439,18.0365
84,30,30.4138,0
84,31,190.299,11.7822
84,38,234.47,19.9721
84,51,424.349,34.8502
84,55,227.403,11.0543
84,59,218.184,18.262
84,60,410.328,28.823
84,62,217.796,17.0975
84,67,185.195,14.6662
84,70,508.773,23.1553
84,74,459.633,36.9506
84,76,370.34,24.8389
84,81,297.004,23.7894
84,83,157.725,13.5305
84,87,165.977,13.8314
84,88,53.3968,3.01213
84,90,163.85,13.9467
85,5,262.246,0
85,6,234.137,0
85,13,152.882,0
85,25,142.302,0
85,27,211.064,3.84353
85,29,232.228,0
85,44,371.842,30.6673
85,45,320.659,17.853
85,56,217.138,0
85,68,416.211,35.3149
85,74,234.597,9.33615
85,80,230.083,0
85,92,87.1321,0
85,94,222.104,0
85,98,240.853,0
86,6,188.096,0
86,7,123.491,0
86,13,300.002,0
86,15,226.451,0
86,16,122.801,0
86,21,235.249,12.1902
86,22,237.651,12.6152
86,25,230.326,0
86,26,236.415,0
86,58,302.166,0
86,62,277.941,12.8551
86,65,208.079,0
86,66,65.0308,0
86,69,301.015,0
86,72,81.3204,0
86,74,308.7,6.80747
86,75,178.194,0
86,76,121.594,0
86,77,295.061,0
86,87,316.904,11.1729
86,90,369.56,28.4652
86,94,220.495,0
86,96,35.7351,0
86,97,310.904,0
86,98,138.224,0
87,7,444.806,37.8543
87,8,238.146,20.416
87,21,398.295,30.4122
87,22,108.665,0
87,24,437.211,36.9056
87,27,305.39,4.74039
87,30,184.833,12.4481
87,31,384.617,26.3691
87,38,380.16,32.5985
87,51,329.749,25.481
87,55,219.632,17.313
87,57,425.131,35.9084
87,59,118.404,8.17076
87,60,299.711,22.2706
87,62,84.5281,0
87,67,54.1295,0
87,74,282.746,10.4936
87,76,251.493,18.638
87,78,422.419,36.0863
87,81,425.087,36.3424
87,83,310.907,22.5961
87,84,165.977,13.8314
87,86,316.904,11.1729
87,88,146.645,11.9635
87,90,38.0789,0
87,96,281.745,11.122
88,3,396.49,33.8713
88,8,402.628,23.8453
88,22,218.509,13.8045
88,27,430.512,35.83
88,30,77.5785,6.53999
88,31,242.421,0
88,38,248.39,19.8514
88,51,493.85,33.9577
88,55,191.418,4.87783
88,59,257.106,17.3733
88,60,446.31,26.4469
88,62,183.443,14.126
88,67,173.294,14.821
88,70,454.54,24.0636
88,74,405.187,33.3387
88,76,320.682,16.2556
88,81,317.834,19.7628
88,83,206.591,17.5868
88,84,53.3968,3.01213
88,87,146.645,11.9635
88,90,131.46,10.955
89,0,116.966,0
89,23,288.161,7.83145
89,34,369.569,30.9614
89,39,89.493,0
89,41,83.7257,0
89,43,229.314,0
89,49,327.528,21.0256
89,79,390.371,33.0045
90,8,280.585,23.6623
90,13,288.74,3.37968
90,21,418.208,34.5752
90,22,91.444,0
90,27,271.292,5.90035
90,30,194.167,15.5999
90,31,370.312,23.2256
90,38,365.532,31.0304
90,51,346.963,21.0764
90,55,191.18,16.3379
90,59,133.124,0
90,60,336.414,28.0823
90,62,57.1402,0
90,67,88.0909,0
90,70,404.961,34.6967
90,74,246.698,9.91626
90,76,212.067,9.70332
90,81,415.065,33.5344
90,83,333.392,24.3806
90,84,163.85,13.9467
90,86,369.56,28.4652
90,87,38.0789,0
90,88,131.46,10.955
90,96,335.905,27.2313
91,1,280.063,9.07544
91,12,391.804,32.7325
91,14,289.634,5.57259
91,33,300.412,9.09346
91,36,125.801,0
91,42,226.02,0
91,47,109.836,0
91,48,272.31,0
91,50,273.183,0
91,73,245.194,8.70822
91,99,277.042,0
92,5,204.629,0
92,13,205.682,0
92,25,228.74,0
92,27,247.236,5.66171
92,29,154.434,0
92,44,365,31.304
92,45,240.364,17.8841
92,56,182.584,0
92,68,274.838,0
92,74,273.45,5.65101
92,80,162.265,0
92,85,87.1321,0
92,94,305.866,0
93,1,151.819,0
93,4,38.2099,0
93,5,144.586,0
93,11,107.201,0
93,12,70.4557,0
93,14,238.824,0
93,27,326.098,21.981
93,29,231.698,0
93,36,279.136,10.4719
93,42,343.623,29.473
93,44,132.833,8.70244
93,47,317.259,24.5828
93,48,176.819,0
93,56,160.963,0
93,64,239.406,8.7933
93,68,78.2943,0
93,70,232.912,19.824
93,73,207.729,17.8187
93,80,196.54,0
93,81,300.302,6.33626
93,95,297.431,0
94,6,32.6497,0
94,13,255.314,0
94,15,193.83,0
94,16,259.002,0
94,25,117.388,0
94,65,234.105,0
94,66,171.898,0
94,72,220.538,0
94,74,312.66,8.49727
94,75,218.213,0
94,76,246.733,0
94,85,222.104,0
94,86,220.495,0
94,92,305.866,0
94,96,244.199,0
94,98,98.9949,0
95,1,193.023,0
95,3,393.169,33.2781
95,4,262.231,0
95,9,213.24,14.1189
95,11,193.259,0
95,14,135.956,0
95,33,198.911,14.2536
95,35,99.2018,0
95,36,289.36,0
95,37,112.293,5.70341
95,46,108.931,0
95,48,164.596,0
95,64,146.352,12.5274
95,71,86.0811,4.38845
95,93,297.431,0
96,6,211.549,0
96,7,120.071,0
96,13,290.878,0
96,15,262.185,0
96,16,151.344,0
96,21,212.099,11.2485
96,22,205.225,12.1523
96,24,388.334,29.3376
96,25,237.994,0
96,26,251.621,0
96,62,245.886,12.7413
96,63,433.729,37.1646
96,65,242.866,0
96,66,99.8499,0
96,67,314.836,9.77483
96,72,114.202,0
96,74,292.379,6.67771
96,75,213.101,0
96,76,97.4166,0
96,77,308.603,0
96,86,35.7351,0
96,87,281.745,11.122
96,90,335.905,27.2313
96,94,244.199,0
96,98,154.159,0
97,2,307.166,13.5174
97,7,234.096,0
97,10,168.074,0
97,15,287.341,0
97,16,200.122,0
97,17,246.806,0
97,18,197.428,0
97,19,64.2884,0
97,20,65.6201,0
97,21,320.681,8.06196
97,23,295.434,0
97,26,81.1234,0
97,28,253.87,0
97,32,81.5414,0
97,40,288.062,0
97,49,281.78,0
97,52,66.4831,0
97,53,202.704,0
97,54,228.589,0
97,58,9.43398,0
97,61,257.402,0
97,65,229.491,0
97,66,304.164,0
97,69,92.6121,0
97,72,248.008,0
97,75,234.047,0
97,77,50.2195,0
97,79,339.074,14.0155
97,82,157.051,0
97,86,310.904,0
98,6,69.0072,0
98,7,261.335,0
98,13,209.468,0
98,15,220.204,0
98,16,216.227,0
98,22,242.739,0
98,25,99.2975,0
98,27,268.604,0
98,62,278.289,0
98,65,238.078,0
98,66,112.787,0
98,72,169.331,0
98,74,245.186,6.66134
98,75,212.822,0
98,76,148.084,0
98,85,240.853,0
98,86,138.224,0
98,94,98.9949,0
98,96,154.159,0
99,42,277.8,0
99,47,288.028,0
99,50,123.794,0
99,91,277.042,0
