0,5,290.9,20.4277
0,20,118.848,9.21757
0,22,220.62,18.9247
0,47,167.939,11.5642
0,67,202.816,10.5396
0,77,302.451,22.3654
1,3,184.652,15.0921
1,5,204.954,14.593
1,15,217.594,17.5488
1,21,293.705,22.577
1,22,311.671,23.1279
1,27,240.285,16.4761
1,30,84.7725,7.00625
1,40,227.099,18.887
1,42,347.488,28.7532
1,46,236.523,18.7915
1,52,326.176,26.2778
1,53,130.362,6.25365
1,60,111.174,6.31885
1,67,294.543,22.7904
1,73,158.328,13.5822
1,75,141.914,8.55112
1,77,215.131,9.14371
1,81,128.653,11.0109
1,87,279.816,17.2242
1,89,229.103,19.5114
1,95,241.252,19.4072
1,97,208.748,15.1766
2,9,368.93,30.1844
2,13,263.309,14.1956
2,19,289.655,24.813
2,23,295.806,24.7959
2,29,340.151,25.7371
2,34,286.23,21.3283
2,36,229.429,18.6768
2,41,343.944,29.2384
2,49,342.609,26.8313
2,66,245.184,20.0468
2,74,351.051,30.0901
3,1,184.652,15.0921
3,5,148.256,7.03176
3,15,262.194,22.4473
3,20,248.227,4.47292
3,22,232.189,14.0923
3,26,415.83,33.7948
3,27,51.7804,0.955946
3,30,144.964,12.224
3,40,199.405,17.1057
3,46,148.859,11.5435
3,53,301.57,24.8061
3,60,278.889,23.7735
3,67,169.202,6.47786
3,73,246.344,20.8189
3,75,125.201,10.7074
3,77,99.0073,3.16115
3,81,283.06,19.6755
3,89,401.394,34.2651
3,95,156.422,13.4041
3,97,311.534,25.6094
4,31,167.953,13.1685
4,33,276.656,17.8699
4,50,268,3.86895
4,51,107.787,0
4,58,69.6224,5.77276
4,61,67.0607,5.52743
4,64,90.4544,2.22073
4,70,162.264,9.28655
4,79,172,7.17949
4,80,242.515,5.37791
4,83,147.907,11.7387
4,88,260.384,9.59156
4,90,222.329,9.02325
4,91,285.181,19.3575
4,92,297.51,10.9638
4,93,207.828,2.92209
5,0,290.9,20.4277
5,1,204.954,14.593
5,3,148.256,7.03176
5,20,162.635,5.23391
5,22,107.918,8.68932
5,27,183.715,13.1965
5,30,203.403,6.55335
5,40,338.054,25.3092
5,42,321.407,22.9779
5,46,291.842,23.6913
5,47,218.004,16.2174
5,53,303.46,10.2581
5,60,311.349,19.646
5,67,80.9938,0
5,73,218.833,14.0653
5,75,282.633,23.4659
5,77,111.936,5.3505
5,81,291.295,16.1479
5,87,275.89,20.6024
5,95,333.418,28.3579
5,97,221.157,18.9254
6,10,174.65,10.6768
6,12,383.119,26.5221
6,15,247.282,20.8392
6,18,419.629,35.2061
6,21,205.002,13.7813
6,26,182.561,10.542
6,40,353.734,25.4353
6,53,334.474,27.2722
6,57,404.382,33.43
6,60,364.288,29.0892
6,63,264.338,21.3504
6,68,171.04,6.29178
6,75,368.122,31.0691
6,78,90.0222,0
6,81,370.683,31.5073
6,86,325.715,27.5243
6,95,424.525,32.1904
7,8,164.56,0
7,11,336.071,28.7098
7,16,36.4005,0
7,33,147.637,9.47016
7,35,249.116,17.4728
7,37,130.86,10.09
7,44,139.09,0
7,50,118.837,0.58242
7,51,236.875,1.56469
7,54,67.1495,4.10899
7,56,275.391,13.0391
7,59,146.92,11.0649
7,62,109.165,0
7,65,240.389,13.1062
7,72,241.972,2.41766
7,76,278.059,23.7731
7,80,180.304,7.61898
7,82,208.094,13.2663
7,85,144.162,11.7153
7,93,192.145,15.0361
7,94,204.916,14.253
7,96,254.311,7.72605
8,7,164.56,0
8,11,300.082,20.1816
8,16,203.141,6.63061
8,33,308.925,14.3924
8,35,323.189,26.0268
8,37,268.019,7.49259
8,44,131.856,8.17623
8,50,174.734,0
8,54,112.641,0
8,59,295.429,6.48046
8,62,109.293,0
8,65,220.174,16.513
8,80,206.545,0
8,85,85.2115,0
9,2,368.93,30.1844
9,13,322.732,21.2391
9,19,80.895,0
9,23,146.697,0
9,24,372.834,17.978
9,33,350.949,27.3875
9,36,148.054,0
9,37,413.938,35.0559
9,38,254.704,21.8421
9,39,338.535,27.9775
9,41,18.6034,0.486363
9,49,85.2426,2.70461
9,56,171.134,14.6758
9,59,336.39,28.7164
9,66,218.888,0
9,71,384.445,32.9076
9,72,431.522,29.7211
9,74,402.133,32.7694
9,76,368.451,25.6446
9,82,270.659,23.0884
9,84,279.184,10.5127
9,90,374.168,30.5109
9,91,163.953,3.73648
9,92,417.785,34.6861
9,93,324.621,19.229
9,94,309.945,25.8288
10,6,174.65,10.6768
10,12,132.061,0
10,15,298.672,25.6033
10,18,306.106,23.9892
10,21,136.015,0
10,26,301.646,24.016
10,40,382.105,32.7756
10,53,284.135,14.8235
10,57,275.567,22.0555
10,60,314.01,16.6007
10,63,71.007,0
10,68,41.6486,3.53723
10,78,99.6307,7.21328
10,81,304.177,13.7868
10,86,151.688,6.20543
10,89,349.975,26.8717
11,7,336.071,28.7098
11,8,300.082,20.1816
11,16,389.82,33.4278
11,28,190.664,9.32271
11,35,110.309,3.63655
11,37,311.31,26.665
11,42,125.645,3.30935
11,52,118.767,7.56041
11,54,312.851,26.5199
11,65,114.91,9.7414
11,69,273.025,19.3964
11,71,341.667,29.0278
11,72,280.437,21.3703
11,73,341.931,26.8918
11,76,356.542,30.5608
11,85,368.889,29.5582
11,87,167.94,3.36571
11,94,378.265,31.9529
11,96,188.884,10.797
11,97,240.678,9.15057
12,6,383.119,26.5221
12,10,132.061,0
12,15,293.864,6.90086
12,17,291.827,25.0338
12,18,108.456,6.34845
12,21,166.181,1.77877
12,25,234.173,6.58549
12,32,207.171,0
12,39,365.99,29.9206
12,48,352.548,29.379
12,53,392.407,33.3548
12,55,368.096,29.8916
12,57,82.9261,4.44247
12,60,377.084,30.8694
12,63,61.0737,0
12,68,208.464,17.5625
12,78,294.127,23.1714
12,86,42.0476,0
12,89,416.003,26.6844
13,2,263.309,14.1956
13,9,322.732,21.2391
13,14,381.126,32.266
13,19,269.182,22.6332
13,23,298.347,24.9833
13,29,275.117,23.0097
13,34,210.438,18.0474
13,36,235.807,20.1985
13,41,297.067,21.5379
13,43,202.268,9.30983
13,45,294.326,22.1231
13,49,237.901,20.3588
13,56,334.273,25.0173
13,66,296.205,22.9946
13,90,285.354,23.5021
13,91,330.325,24.7021
13,92,236.72,20.126
13,98,336.213,28.8424
13,99,375.788,30.7791
14,13,381.126,32.266
14,29,148.395,12.5522
14,34,170.424,13.6165
14,43,316.036,25.0005
14,45,298.634,22.6156
14,92,426.545,35.3461
14,98,43.0116,0
14,99,10.0499,0
15,1,217.594,17.5488
15,3,262.194,22.4473
15,6,247.282,20.8392
15,10,298.672,25.6033
15,12,293.864,6.90086
15,18,408.111,33.0152
15,21,137.545,7.75895
15,26,197.01,16.5671
15,27,212.601,9.69916
15,30,149.766,11.1423
15,40,72.9452,0
15,46,176.427,9.02353
15,53,101.058,2.09706
15,57,350.013,28.9555
15,60,123.476,2.27955
15,63,284.034,17.6323
15,68,248.831,20.9209
15,73,375.716,31.5642
15,75,111.758,3.97463
15,77,318.44,16.9203
15,78,198.013,9.62562
15,81,100.57,0.652826
15,89,206.849,8.68054
15,95,138.439,1.85121
16,7,36.4005,0
16,8,203.141,6.63061
16,11,389.82,33.4278
16,33,113.878,8.65833
16,35,253.311,7.92612
16,37,133.834,8.85757
16,44,140.616,0
16,50,114.558,6.25183
16,51,200.493,1.55744
16,54,95.3235,2.49212
16,56,249.556,11.3252
16,59,102.085,1.91996
16,62,112.641,0
16,65,275.763,13.0567
16,72,285.096,15.4532
16,76,260.802,20.2065
16,80,142.127,0
16,82,181.512,10.8959
16,85,121.499,0
16,91,291.536,4.02638
16,93,154.85,13.0008
16,94,223.923,18.9995
16,96,294.489,15.6231
17,12,291.827,25.0338
17,18,164.336,14.0224
17,21,321.098,26.4896
17,24,253.041,15.4315
17,25,248.145,9.96198
17,32,293.445,24.0636
17,38,207.509,14.2455
17,39,247.002,15.9845
17,48,58.4123,0
17,53,409.213,33.6997
17,55,140.428,0
17,57,175.705,13.6253
17,60,391.371,33.4135
17,63,332.187,27.2807
17,69,288.734,20.4347
17,71,285.821,23.7132
17,72,395.573,28.854
17,74,351.38,30.0718
17,76,405.616,34.7861
17,84,295.649,25.2856
17,86,340.973,29.204
17,89,265.324,22.6999
17,96,398.344,32.5204
18,6,419.629,35.2061
18,10,306.106,23.9892
18,12,108.456,6.34845
18,15,408.111,33.0152
18,17,164.336,14.0224
18,21,218.649,18.6189
18,24,374.647,32.1283
18,25,298.836,20.4028
18,32,286.838,24.5324
18,38,404.274,34.658
18,39,365.736,26.6911
18,48,225.812,18.4816
18,53,315.467,27.0627
18,55,279.165,18.9973
18,57,25.7048,1.87206
18,60,312.018,25.898
18,63,177.531,14.7596
18,68,265.51,22.7173
18,69,353.319,28.6867
18,78,331.006,28.3513
18,81,333.579,27.7624
18,86,142.656,4.9607
18,89,270.101,21.4053
19,2,289.655,24.813
19,9,80.895,0
19,13,269.182,22.6332
19,23,73.5391,0
19,24,328.024,25.8592
19,36,68.469,0
19,38,226.756,18.7174
19,39,344.757,29.1747
19,41,74.75,1.48958
19,49,147.639,12.4077
19,55,394.112,33.7976
19,56,254.945,19.8658
19,59,408.351,34.9116
19,66,138.246,0
19,71,388.529,33.1251
19,72,458.478,33.5059
19,74,322.462,27.6614
19,76,412.552,29.1703
19,82,358.172,27.4645
19,84,283.938,11.8609
19,91,235.204,17.5815
19,92,439.655,36.0093
19,94,387.263,28.7787
20,0,118.848,9.21757
20,3,248.227,4.47292
20,5,162.635,5.23391
20,22,95.3295,7.10071
20,27,240.56,0
20,47,176.074,15.0285
20,67,84.8646,0
20,73,398.807,34.082
20,77,158.005,3.35803
20,97,374.84,30.1706
21,1,293.705,22.577
21,6,205.002,13.7813
21,10,136.015,0
21,12,166.181,1.77877
21,15,137.545,7.75895
21,17,321.098,26.4896
21,18,218.649,18.6189
21,26,223.245,13.0117
21,30,247.82,16.5213
21,40,208.22,7.50108
21,46,317.947,18.2351
21,48,412.67,33.1133
21,53,145.048,10.6531
21,57,201.263,17.1531
21,60,188.383,15.6985
21,63,171.612,13.4139
21,68,136.624,9.73515
21,75,221.234,2.45556
21,78,176.992,14.3439
21,81,165.038,9.3546
21,86,198.8,0.55839
21,89,168.366,9.35239
21,95,275.69,10.0053
22,0,220.62,18.9247
22,1,311.671,23.1279
22,3,232.189,14.0923
22,5,107.918,8.68932
22,20,95.3295,7.10071
22,27,219.964,5.72595
22,30,280.819,5.43901
22,46,290.742,5.44033
22,47,145.787,12.2586
22,67,72.6365,5.07554
22,73,308.899,24.9612
22,75,392.039,33.4681
22,77,140.073,5.45288
22,87,374.855,31.999
22,97,261.193,18.7373
23,2,295.806,24.7959
23,9,146.697,0
23,13,298.347,24.9833
23,19,73.5391,0
23,24,279.837,23.9382
23,25,330.846,24.9975
23,36,62.0967,0
23,38,201.246,16.8266
23,39,272.998,23.0745
23,41,146.263,1.1602
23,49,221.735,18.2925
23,55,367.026,31.3184
23,56,338.808,17.5949
23,66,80.8809,1.42334
23,71,419.228,34.7003
23,72,448.553,35.0852
23,74,249.941,20.2512
23,76,369.621,31.7082
23,82,398.127,30.8711
23,84,227.347,18.0618
23,91,307.383,26.0996
23,94,436.112,27.826
24,9,372.834,17.978
24,17,253.041,15.4315
24,18,374.647,32.1283
24,19,328.024,25.8592
24,23,279.837,23.9382
24,25,237.333,18.898
24,32,303.858,20.1071
24,36,342.283,28.063
24,37,369.945,31.7095
24,38,51.225,0
24,39,135.074,0
24,41,392.331,17.9163
24,48,206.33,12.5228
24,49,436.057,34.1684
24,55,151.86,12.7911
24,56,319.437,25.5404
24,57,380.215,31.7155
24,59,363.112,27.2334
24,66,298.245,25.0397
24,69,160.871,0.653859
24,71,111.652,1.52007
24,72,162.034,6.7361
24,74,227.13,0
24,76,225.1,18.9488
24,82,424.413,30.4748
24,84,92.3412,7.06057
24,94,267.521,21.0397
24,96,276.045,23.6776
25,12,234.173,6.58549
25,17,248.145,9.96198
25,18,298.836,20.4028
25,23,330.846,24.9975
25,24,237.333,18.898
25,32,70.0928,0
25,36,429.549,36.1833
25,38,172.238,3.06691
25,39,64.8999,0
25,48,247.53,14.185
25,55,125.206,10.7188
25,57,282.842,23.4358
25,63,291.669,5.29608
25,66,325.764,24.2065
25,71,369.879,30.8786
25,74,129.865,0
25,84,255.92,15.845
25,86,234.245,2.04449
26,3,415.83,33.7948
26,6,182.561,10.542
26,10,301.646,24.016
26,15,197.01,16.5671
26,21,223.245,13.0117
26,27,385.5,32.5574
26,30,307.774,24.5379
26,40,237.115,10.8249
26,46,244.392,18.5865
26,53,342.527,28.3866
26,60,346.879,29.636
26,63,395.535,31.3745
26,68,256.781,21.6942
26,75,321.855,20.6039
26,78,213.531,16.1083
26,81,297.779,23.5822
26,95,220.096,17.8125
27,1,240.285,16.4761
27,3,51.7804,0.955946
27,5,183.715,13.1965
27,15,212.601,9.69916
27,20,240.56,0
27,22,219.964,5.72595
27,26,385.5,32.5574
27,30,166.94,14.2645
27,40,158.258,9.60247
27,46,102.365,8.73495
27,53,334.14,26.1985
27,60,311.518,26.1426
27,67,159.05,0
27,73,299.556,25.6413
27,75,96.5415,3.9892
27,77,89.822,0
27,81,309.41,21.4507
27,95,149.616,11.6584
27,97,351.34,29.3706
28,11,190.664,9.32271
28,35,304.405,25.329
28,42,140.19,9.79591
28,47,359.993,30.3491
28,52,201.745,6.12909
28,65,169.169,0
28,73,281.3,15.3912
28,87,151.657,11.6496
28,97,211.109,10.6077
29,2,340.151,25.7371
29,13,275.117,23.0097
29,14,148.395,12.5522
29,34,51.8562,3.88921
29,43,152.253,12.9446
29,45,264.089,15.9573
29,90,311.304,24.0846
29,92,251.16,21.5424
29,98,93.0173,7.86312
29,99,141.611,9.49898
30,1,84.7725,7.00625
30,3,144.964,12.224
30,5,203.403,6.55335
30,15,149.766,11.1423
30,21,247.82,16.5213
30,22,280.819,5.43901
30,26,307.774,24.5379
30,27,166.94,14.2645
30,40,139.193,9.64996
30,46,161.441,10.5251
30,53,164.015,12.0158
30,60,146.568,11.5954
30,67,268.205,12.7179
30,73,236.499,20.242
30,75,67.0671,0
30,77,215.347,12.0899
30,81,141.494,3.17193
30,89,256.991,22.0403
30,95,144.025,4.77916
30,97,301.644,25.4675
31,4,167.953,13.1685
31,51,275.634,15.4131
31,58,99.3518,7.53847
31,61,100.941,7.57057
31,64,182.892,15.6015
31,70,59.4643,0
31,79,196.438,3.96702
31,83,232.872,18.553
31,88,271.108,4.60271
31,90,330.171,26.9776
32,12,207.171,0
32,17,293.445,24.0636
32,18,286.838,24.5324
32,24,303.858,20.1071
32,25,70.0928,0
32,38,231.525,0
32,39,125.925,0
32,48,331.075,24.5417
32,55,197.59,15.3555
32,57,264.385,21.9984
32,63,267.526,0
32,74,136.938,0
32,84,314.986,13.9994
32,86,204.039,0
33,4,276.656,17.8699
33,7,147.637,9.47016
33,8,308.925,14.3924
33,9,350.949,27.3875
33,16,113.878,8.65833
33,37,166.964,10.9409
33,41,333.861,22.1164
33,44,231.331,10.7429
33,49,252.464,7.55429
33,50,196.079,16.7798
33,51,165.048,13.6039
33,54,209.48,12.2134
33,56,179.858,10.8426
33,58,347.133,24.3117
33,59,82.2314,6.06496
33,61,343.341,23.7096
33,62,224.36,15.5222
33,64,302.202,9.03377
33,72,336.21,26.8099
33,76,274.808,23.0242
33,79,343.578,22.1926
33,80,234.364,20.0669
33,82,114.13,6.89387
33,85,239.389,15.603
33,91,201.774,3.2644
33,93,55.1143,2.71531
33,94,157.953,4.64046
33,96,318.115,12.5676
34,2,286.23,21.3283
34,13,210.438,18.0474
34,14,170.424,13.6165
34,29,51.8562,3.88921
34,43,154.333,12.2686
34,45,286.275,21.1142
34,90,325.555,26.6584
34,92,248.7,21.3287
34,98,128.225,10.9703
34,99,174.811,13.3752
35,7,249.116,17.4728
35,8,323.189,26.0268
35,11,110.309,3.63655
35,16,253.311,7.92612
35,28,304.405,25.329
35,37,244.509,20.8311
35,42,196.308,11.4909
35,52,152.435,10.9158
35,54,264.657,22.7017
35,59,311.957,23.2582
35,62,357.31,27.6055
35,65,164.066,13.1373
35,69,208.149,9.56433
35,71,296.925,24.9733
35,72,204.636,14.5921
35,76,242.202,18.8553
35,82,307.552,9.86878
35,85,347.839,28.2066
35,87,250.028,16.0703
35,94,273.665,20.192
35,96,124.118,5.39999
35,97,308.578,19.3044
36,2,229.429,18.6768
36,9,148.054,0
36,13,235.807,20.1985
36,19,68.469,0
36,23,62.0967,0
36,24,342.283,28.063
36,25,429.549,36.1833
36,38,263.381,22.4689
36,39,321.573,27.5794
36,41,138.681,1.45333
36,49,202.529,16.8274
36,55,429.067,35.3447
36,56,307.028,23.988
36,66,78.2304,0
36,74,300.787,25.6948
36,76,436.687,35.1075
36,82,426.381,30.0345
36,84,301.774,17.777
36,91,297.861,25.531
36,94,461.352,29.8263
37,7,130.86,10.09
37,8,268.019,7.49259
37,9,413.938,35.0559
37,11,311.31,26.665
37,16,133.834,8.85757
37,24,369.945,31.7095
37,33,166.964,10.9409
37,35,244.509,20.8311
37,41,406.113,34.8311
37,44,270.115,12.2582
37,49,305.968,11.1956
37,50,250.965,16.0136
37,51,307.713,18.0399
37,52,316.155,14.3209
37,54,142.293,0.987749
37,56,204.348,8.45604
37,59,94.0044,4.85664
37,62,240.062,11.982
37,65,264.95,16.4493
37,69,294.123,21.4734
37,71,265.233,22.6598
37,72,152.584,6.83502
37,76,148.126,12.1396
37,80,264.237,5.18837
37,82,121.4,0
37,84,322.607,26.7064
37,85,237.757,11.1244
37,91,306.161,12.5684
37,93,209.61,15.0703
37,94,90.2061,5.86602
37,96,162.476,4.50742
38,9,254.704,21.8421
38,17,207.509,14.2455
38,18,404.274,34.658
38,19,226.756,18.7174
38,23,201.246,16.8266
38,24,51.225,0
38,25,172.238,3.06691
38,32,231.525,0
38,36,263.381,22.4689
38,39,106.005,0
38,41,259.798,22.2183
38,48,179.147,12.2634
38,49,360.778,30.945
38,55,158.223,13.4095
38,56,364.683,30.1067
38,66,263.264,21.7357
38,69,212.062,0.650448
38,71,160.453,1.60316
38,72,260.072,22.1602
38,74,196.756,6.48646
38,76,302.518,24.5522
38,82,362.852,30.6382
38,84,83.1538,6.23654
38,94,343.736,28.6446
38,96,322.136,26.6601
39,9,338.535,27.9775
39,12,365.99,29.9206
39,17,247.002,15.9845
39,18,365.736,26.6911
39,19,344.757,29.1747
39,23,272.998,23.0745
39,24,135.074,0
39,25,64.8999,0
39,32,125.925,0
39,36,321.573,27.5794
39,38,106.005,0
39,41,351.286,29.4221
39,48,229.367,16.4005
39,55,118.963,9.72319
39,57,362.081,29.5424
39,66,298.61,25.3227
39,69,383.545,32.8913
39,71,259.448,9.59008
39,72,294.744,6.21497
39,74,109.403,0
39,84,189.759,12.7035
40,1,227.099,18.887
40,3,199.405,17.1057
40,5,338.054,25.3092
40,6,353.734,25.4353
40,10,382.105,32.7756
40,15,72.9452,0
40,21,208.22,7.50108
40,26,237.115,10.8249
40,27,158.258,9.60247
40,30,139.193,9.64996
40,46,96.25,4.88051
40,53,149,0
40,60,162.779,0
40,68,332.78,28.2564
40,73,357.16,28.4445
40,75,85.6331,7.29827
40,77,248.026,10.4359
40,78,307.88,26.2398
40,81,139.295,0.50464
40,89,245.033,0
40,95,62.2415,0
41,2,343.944,29.2384
41,9,18.6034,0.486363
41,13,297.067,21.5379
41,19,74.75,1.48958
41,23,146.263,1.1602
41,24,392.331,17.9163
41,33,333.861,22.1164
41,36,138.681,1.45333
41,37,406.113,34.8311
41,38,259.798,22.2183
41,39,351.286,29.4221
41,49,74.2024,0
41,56,156.125,11.6653
41,59,307.606,22.4255
41,66,212.571,1.52497
41,71,403.116,34.3645
41,72,446.232,30.9683
41,74,398.323,33.1936
41,76,386.452,26.1755
41,82,235.563,17.0182
41,84,297.022,10.9994
41,90,360.202,28.846
41,91,160.364,3.92112
41,92,414.266,33.3762
41,93,310.163,13.1961
41,94,301.071,25.8192
42,1,347.488,28.7532
42,5,321.407,22.9779
42,11,125.645,3.30935
42,28,140.19,9.79591
42,35,196.308,11.4909
42,52,80.0625,0
42,65,250.867,21.2893
42,69,323.975,23.7444
42,73,176.154,6.35742
42,87,42.2966,0
42,96,272.132,13.7283
42,97,107.912,0
43,13,202.268,9.30983
43,14,316.036,25.0005
43,29,152.253,12.9446
43,34,154.333,12.2686
43,45,77.9665,6.11014
43,49,376.096,31.3702
43,64,331.33,25.5237
43,83,276.208,18.5076
43,90,170.799,10.2174
43,91,363.136,31.075
43,92,124.451,10.5595
43,98,249.538,20.9899
43,99,322.96,26.5123
44,7,139.09,0
44,8,131.856,8.17623
44,16,140.616,0
44,33,231.331,10.7429
44,37,270.115,12.2582
44,50,74.0945,0
44,51,278.635,9.94535
44,54,123.556,0
44,59,261.232,10.8307
44,62,30.0167,0
44,65,349.903,28.8524
44,79,302.147,14.5642
44,80,95.8801,0
44,85,41.6293,0
44,88,266.209,3.47147
44,93,289.82,24.2638
45,13,294.326,22.1231
45,14,298.634,22.6156
45,29,264.089,15.9573
45,34,286.275,21.1142
45,43,77.9665,6.11014
45,64,307.364,26.1573
45,70,294.182,7.12396
45,83,248.901,19.795
45,90,163.251,11.5134
45,91,353.792,28.1604
45,92,167.425,10.9212
45,98,360.016,21.4295
45,99,309.659,23.18
46,1,236.523,18.7915
46,3,148.859,11.5435
46,5,291.842,23.6913
46,15,176.427,9.02353
46,21,317.947,18.2351
46,22,290.742,5.44033
46,26,244.392,18.5865
46,27,102.365,8.73495
46,30,161.441,10.5251
46,40,96.25,4.88051
46,53,218.637,3.56738
46,60,297.201,25.3088
46,67,226.991,0
46,73,378.158,32.4228
46,75,81.2936,3.61305
46,77,171.92,7.60239
46,81,265.759,22.7168
46,95,25.7099,0
47,0,167.939,11.5642
47,5,218.004,16.2174
47,20,176.074,15.0285
47,22,145.787,12.2586
47,28,359.993,30.3491
47,67,194.168,11.7112
47,73,332.587,27.0595
47,77,275.241,16.2842
47,87,306.937,20.07
47,97,331.851,28.3375
48,12,352.548,29.379
48,17,58.4123,0
48,18,225.812,18.4816
48,21,412.67,33.1133
48,24,206.33,12.5228
48,25,247.53,14.185
48,32,331.075,24.5417
48,38,179.147,12.2634
48,39,229.367,16.4005
48,53,388.314,32.9577
48,55,122.634,1.81778
48,57,234.31,20.0801
48,60,401.044,34.3991
48,63,395.317,33.8989
48,69,246.736,18.8433
48,71,231.371,19.8341
48,72,333.898,26.8909
48,74,341.044,28.9791
48,76,351.661,29.7048
48,84,294.121,20.2989
48,86,415.605,32.8221
48,89,283.392,24.136
48,96,351.734,29.5153
49,2,342.609,26.8313
49,9,85.2426,2.70461
49,13,237.901,20.3588
49,19,147.639,12.4077
49,23,221.735,18.2925
49,24,436.057,34.1684
49,33,252.464,7.55429
49,36,202.529,16.8274
49,37,305.968,11.1956
49,38,360.778,30.945
49,41,74.2024,0
49,43,376.096,31.3702
49,51,259.696,4.11299
49,56,96.5194,0
49,59,227.623,2.17652
49,66,281.738,20.4323
49,76,313.063,23.5305
49,82,166.09,0
49,83,320.702,17.4321
49,84,343.721,27.0946
49,90,279.126,23.2605
49,91,89.246,4.54979
49,92,276.807,22.7273
49,93,258.155,11.9292
49,94,245.668,13.3366
50,4,268,3.86895
50,7,118.837,0.58242
50,8,174.734,0
50,16,114.558,6.25183
50,33,196.079,16.7798
50,37,250.965,16.0136
50,44,74.0945,0
50,51,203.484,8.89051
50,54,134.952,0
50,59,201.833,8.14209
50,62,65.4599,0
50,79,260.374,13.1462
50,80,47.5431,0.516251
50,82,252.954,8.88581
50,85,89.6939,0
50,88,282.969,16.5833
50,93,211.675,18.0405
50,94,298.536,16.432
51,4,107.787,0
51,7,236.875,1.56469
51,16,200.493,1.55744
51,31,275.634,15.4131
51,33,165.048,13.6039
51,37,307.713,18.0399
51,44,278.635,9.94535
51,49,259.696,4.11299
51,50,203.484,8.89051
51,54,294.876,5.83405
51,56,216.327,3.25146
51,58,177.387,7.65101
51,59,195.48,4.35624
51,61,175.7,7.65367
51,62,284.257,15.6533
51,64,164.489,0.534008
51,70,270.055,10.4313
51,79,204.759,2.31113
51,80,171.283,0
51,82,190.184,0
51,83,225.982,17.2459
51,85,298.964,12.8136
51,88,300.98,14.1037
51,90,222.812,0
51,91,201.877,9.81347
51,92,306.433,8.78835
51,93,100.141,2.81248
51,94,276.426,7.51253
52,1,326.176,26.2778
52,11,118.767,7.56041
52,28,201.745,6.12909
52,35,152.435,10.9158
52,37,316.155,14.3209
52,42,80.0625,0
52,60,342.685,24.8167
52,65,206.827,12.6882
52,69,240.293,19.8612
52,71,293.017,21.6858
52,72,275.713,18.0864
52,73,236.455,19.7046
52,76,326.326,20.4325
52,87,120.723,4.98841
52,89,355.139,30.4405
52,96,199.642,13.1385
52,97,154.229,5.63272
53,1,130.362,6.25365
53,3,301.57,24.8061
53,5,303.46,10.2581
53,6,334.474,27.2722
53,10,284.135,14.8235
53,12,392.407,33.3548
53,15,101.058,2.09706
53,17,409.213,33.6997
53,18,315.467,27.0627
53,21,145.048,10.6531
53,26,342.527,28.3866
53,27,334.14,26.1985
53,30,164.015,12.0158
53,40,149,0
53,46,218.637,3.56738
53,48,388.314,32.9577
53,57,297.394,23.9616
53,60,26.8328,0
53,63,318.956,24.9083
53,68,278.993,20.9689
53,69,400.404,34.2748
53,73,222.61,2.93753
53,75,139.316,0
53,77,379.258,31.1251
53,78,249.167,7.09182
53,81,28.178,0
53,89,96.0833,0
53,95,238.655,15.958
53,97,289.714,10.3778
54,7,67.1495,4.10899
54,8,112.641,0
54,11,312.851,26.5199
54,16,95.3235,2.49212
54,33,209.48,12.2134
54,35,264.657,22.7017
54,37,142.293,0.987749
54,44,123.556,0
54,50,134.952,0
54,51,294.876,5.83405
54,59,232.13,19.4872
54,62,95.9635,0
54,65,203.977,14.7404
54,72,279.807,9.09298
54,76,286.565,20.2387
54,80,180.679,0
54,82,287.808,21.5381
54,85,84.22,0
54,93,243.271,15.5451
54,94,268.357,20.4262
54,96,299.811,20.9024
55,12,368.096,29.8916
55,17,140.428,0
55,18,279.165,18.9973
55,19,394.112,33.7976
55,23,367.026,31.3184
55,24,151.86,12.7911
55,25,125.206,10.7188
55,32,197.59,15.3555
55,36,429.067,35.3447
55,38,158.223,13.4095
55,39,118.963,9.72319
55,48,122.634,1.81778
55,57,338.776,12.1853
55,66,368.819,31.5808
55,69,311.897,25.7168
55,71,264.337,22.5235
55,72,306.63,23.4455
55,74,215.753,12.4078
55,76,350.251,27.3079
55,84,233.29,19.8783
55,86,370.918,31.8136
55,89,399.165,31.0527
55,96,412.787,34.4809
56,7,275.391,13.0391
56,9,171.134,14.6758
56,13,334.273,25.0173
56,16,249.556,11.3252
56,19,254.945,19.8658
56,23,338.808,17.5949
56,24,319.437,25.5404
56,33,179.858,10.8426
56,36,307.028,23.988
56,37,204.348,8.45604
56,38,364.683,30.1067
56,41,156.125,11.6653
56,49,96.5194,0
56,51,216.327,3.25146
56,59,128.413,0
56,66,414.351,18.8998
56,71,378.026,31.7345
56,72,311.017,26.6203
56,76,187.829,8.74334
56,82,70.3847,0
56,84,238.657,17.193
56,90,303.452,18.0626
56,91,130.301,9.14242
56,92,354.864,26.8469
56,93,157.851,0
56,94,150.944,10.8854
56,96,329.173,20.299
57,6,404.382,33.43
57,10,275.567,22.0555
57,12,82.9261,4.44247
57,15,350.013,28.9555
57,17,175.705,13.6253
57,18,25.7048,1.87206
57,21,201.263,17.1531
57,24,380.215,31.7155
57,25,282.842,23.4358
57,32,264.385,21.9984
57,39,362.081,29.5424
57,48,234.31,20.0801
57,53,297.394,23.9616
57,55,338.776,12.1853
57,60,307.334,23.6278
57,63,152.86,12.801
57,68,261.093,21.9511
57,78,308.446,26.3629
57,81,323.499,24.6234
57,86,112.728,0.526672
57,89,298.254,22.613
58,4,69.6224,5.77276
58,31,99.3518,7.53847
58,33,347.133,24.3117
58,51,177.387,7.65101
58,61,5.65685,0
58,64,107.409,8.97792
58,70,123.76,10.5823
58,79,187.469,12.0416
58,80,346.656,27.2862
58,83,163.162,13.9022
58,88,297.013,21.5132
58,90,308.775,26.3542
58,91,361.603,29.5581
58,92,360.947,28.3673
58,93,277.344,10.5055
59,7,146.92,11.0649
59,8,295.429,6.48046
59,9,336.39,28.7164
59,16,102.085,1.91996
59,19,408.351,34.9116
59,24,363.112,27.2334
59,33,82.2314,6.06496
59,35,311.957,23.2582
59,37,94.0044,4.85664
59,41,307.606,22.4255
59,44,261.232,10.8307
59,49,227.623,2.17652
59,50,201.833,8.14209
59,51,195.48,4.35624
59,54,232.13,19.4872
59,56,128.413,0
59,62,226.164,7.39584
59,71,387.406,29.7506
59,72,251.84,20.1929
59,76,195.198,16.7415
59,80,267.484,19.6473
59,82,58.2409,0
59,84,348.8,29.6979
59,85,223.522,1.96807
59,91,218.226,6.43926
59,93,111.86,7.25655
59,94,82.807,0
59,96,247.306,9.23055
60,1,111.174,6.31885
60,3,278.889,23.7735
60,5,311.349,19.646
60,6,364.288,29.0892
60,10,314.01,16.6007
60,12,377.084,30.8694
60,15,123.476,2.27955
60,17,391.371,33.4135
60,18,312.018,25.898
60,21,188.383,15.6985
60,26,346.879,29.636
60,27,311.518,26.1426
60,30,146.568,11.5954
60,40,162.779,0
60,46,297.201,25.3088
60,48,401.044,34.3991
60,52,342.685,24.8167
60,53,26.8328,0
60,57,307.334,23.6278
60,63,336.094,24.2831
60,68,316.538,24.6234
60,69,390.842,33.4478
60,73,197.528,2.91355
60,75,216.111,17.9202
60,77,340.516,24.0769
60,78,275.988,7.16228
60,81,25.02,0
60,89,125.437,10.7605
60,95,272.15,22.3396
60,97,272.681,13.7933
61,4,67.0607,5.52743
61,31,100.941,7.57057
61,33,343.341,23.7096
61,51,175.7,7.65367
61,58,5.65685,0
61,64,109.202,9.0717
61,70,129.246,11.0871
61,79,182.734,11.3027
61,80,342.666,26.9001
61,83,166.057,14.1452
61,88,291.351,20.5767
61,90,302.031,25.9054
61,91,362.167,29.66
61,92,362.607,28.4171
61,93,276.586,10.9152
62,7,109.165,0
62,8,109.293,0
62,16,112.641,0
62,33,224.36,15.5222
62,35,357.31,27.6055
62,37,240.062,11.982
62,44,30.0167,0
62,50,65.4599,0
62,51,284.257,15.6533
62,54,95.9635,0
62,59,226.164,7.39584
62,65,313.342,24.4842
62,79,306.069,10.9812
62,80,100.439,0
62,82,287.13,9.67543
62,85,24.6982,0
62,88,298.526,8.73504
62,93,251.118,19.5527
62,94,324.392,20.3201
63,6,264.338,21.3504
63,10,71.007,0
63,12,61.0737,0
63,15,284.034,17.6323
63,17,332.187,27.2807
63,18,177.531,14.7596
63,21,171.612,13.4139
63,25,291.669,5.29608
63,26,395.535,31.3745
63,32,267.526,0
63,48,395.317,33.8989
63,53,318.956,24.9083
63,57,152.86,12.801
63,60,336.094,24.2831
63,68,129.51,9.82308
63,78,190.028,15.9912
63,81,336.884,23.4647
63,86,90.5521,6.37361
63,89,328.105,26.5979
64,4,90.4544,2.22073
64,31,182.892,15.6015
64,33,302.202,9.03377
64,43,331.33,25.5237
64,45,307.364,26.1573
64,51,164.489,0.534008
64,58,107.409,8.97792
64,61,109.202,9.0717
64,70,169.634,14.3487
64,79,255.8,10.1334
64,83,55.1073,3.24069
64,90,208.898,16.3861
64,91,295.37,24.7689
64,92,248.573,17.8952
64,93,256.172,2.01605
65,7,240.389,13.1062
65,8,220.174,16.513
65,11,114.91,9.7414
65,16,275.763,13.0567
65,28,169.169,0
65,35,164.066,13.1373
65,37,264.95,16.4493
65,42,250.867,21.2893
65,44,349.903,28.8524
65,52,206.827,12.6882
65,54,203.977,14.7404
65,62,313.342,24.4842
65,72,353.705,29.2014
65,76,347.577,25.8235
65,85,301.589,25.3174
65,87,260.59,19.1276
65,96,304.464,26.0997
65,97,360.271,28.812
66,2,245.184,20.0468
66,9,218.888,0
66,13,296.205,22.9946
66,19,138.246,0
66,23,80.8809,1.42334
66,24,298.245,25.0397
66,25,325.764,24.2065
66,36,78.2304,0
66,38,263.264,21.7357
66,39,298.61,25.3227
66,41,212.571,1.52497
66,49,281.738,20.4323
66,55,368.819,31.5808
66,56,414.351,18.8998
66,74,229.255,19.2033
66,84,287.658,21.525
66,91,372.93,31.4346
67,0,202.816,10.5396
67,1,294.543,22.7904
67,3,169.202,6.47786
67,5,80.9938,0
67,20,84.8646,0
67,22,72.6365,5.07554
67,27,159.05,0
67,30,268.205,12.7179
67,46,226.991,0
67,47,194.168,11.7112
67,73,299.205,25.6659
67,75,286.357,18.2099
67,77,72.3671,0
67,95,255.168,1.97705
67,97,293.019,21.2831
68,6,171.04,6.29178
68,10,41.6486,3.53723
68,12,208.464,17.5625
68,15,248.831,20.9209
68,18,265.51,22.7173
68,21,136.624,9.73515
68,26,256.781,21.6942
68,40,332.78,28.2564
68,53,278.993,20.9689
68,57,261.093,21.9511
68,60,316.538,24.6234
68,63,129.51,9.82308
68,75,361.594,27.5662
68,78,82.16,4.96801
68,81,289.02,17.8357
68,86,191.584,14.2167
68,89,338.657,28.0487
69,11,273.025,19.3964
69,17,288.734,20.4347
69,18,353.319,28.6867
69,24,160.871,0.653859
69,35,208.149,9.56433
69,37,294.123,21.4734
69,38,212.062,0.650448
69,39,383.545,32.8913
69,42,323.975,23.7444
69,48,246.736,18.8433
69,52,240.293,19.8612
69,53,400.404,34.2748
69,55,311.897,25.7168
69,60,390.842,33.4478
69,71,97.542,7.89056
69,72,184.209,12.1184
69,76,297.041,15.7572
69,84,268.125,22.5335
69,87,308.3,9.94806
69,89,247.384,18.8701
69,94,381.604,25.3603
69,96,125.122,10.5837
70,4,162.264,9.28655
70,31,59.4643,0
70,45,294.182,7.12396
70,51,270.055,10.4313
70,58,123.76,10.5823
70,61,129.246,11.0871
70,64,169.634,14.3487
70,79,249.814,14.3828
70,83,188.409,16.153
70,90,275.006,17.2242
71,9,384.445,32.9076
71,11,341.667,29.0278
71,17,285.821,23.7132
71,19,388.529,33.1251
71,23,419.228,34.7003
71,24,111.652,1.52007
71,25,369.879,30.8786
71,35,296.925,24.9733
71,37,265.233,22.6598
71,38,160.453,1.60316
71,39,259.448,9.59008
71,41,403.116,34.3645
71,48,231.371,19.8341
71,52,293.017,21.6858
71,55,264.337,22.5235
71,56,378.026,31.7345
71,59,387.406,29.7506
71,69,97.542,7.89056
71,72,109.636,0
71,76,159.669,13.2567
71,82,303.776,23.9868
71,84,188.256,16.1498
71,89,339.97,27.2854
71,94,193.241,11.7994
71,96,170.876,2.38248
72,7,241.972,2.41766
72,9,431.522,29.7211
72,11,280.437,21.3703
72,16,285.096,15.4532
72,17,395.573,28.854
72,19,458.478,33.5059
72,23,448.553,35.0852
72,24,162.034,6.7361
72,33,336.21,26.8099
72,35,204.636,14.5921
72,37,152.584,6.83502
72,38,260.072,22.1602
72,39,294.744,6.21497
72,41,446.232,30.9683
72,48,333.898,26.8909
72,52,275.713,18.0864
72,54,279.807,9.09298
72,55,306.63,23.4455
72,56,311.017,26.6203
72,59,251.84,20.1929
72,65,353.705,29.2014
72,69,184.209,12.1184
72,71,109.636,0
72,76,119.08,0
72,82,279.314,23.9184
72,84,226.274,19.0198
72,93,406.34,34.8557
72,94,190.271,14.198
72,96,79.4497,5.77074
73,1,158.328,13.5822
73,3,246.344,20.8189
73,5,218.833,14.0653
73,11,341.931,26.8918
73,15,375.716,31.5642
73,20,398.807,34.082
73,22,308.899,24.9612
73,27,299.556,25.6413
73,28,281.3,15.3912
73,30,236.499,20.242
73,40,357.16,28.4445
73,42,176.154,6.35742
73,46,378.158,32.4228
73,47,332.587,27.0595
73,52,236.455,19.7046
73,53,222.61,2.93753
73,60,197.528,2.91355
73,67,299.205,25.6659
73,75,273.426,19.7393
73,77,285.158,24.1205
73,81,207.232,6.18151
73,87,144.418,6.00376
73,89,291.856,22.6267
73,95,346.532,25.5341
73,97,69.4865,4.37328
74,2,351.051,30.0901
74,9,402.133,32.7694
74,17,351.38,30.0718
74,19,322.462,27.6614
74,23,249.941,20.2512
74,24,227.13,0
74,25,129.865,0
74,32,136.938,0
74,36,300.787,25.6948
74,38,196.756,6.48646
74,39,109.403,0
74,41,398.323,33.1936
74,48,341.044,28.9791
74,55,215.753,12.4078
74,66,229.255,19.2033
74,84,300.291,24.7861
75,1,141.914,8.55112
75,3,125.201,10.7074
75,5,282.633,23.4659
75,6,368.122,31.0691
75,15,111.758,3.97463
75,21,221.234,2.45556
75,22,392.039,33.4681
75,26,321.855,20.6039
75,27,96.5415,3.9892
75,30,67.0671,0
75,40,85.6331,7.29827
75,46,81.2936,3.61305
75,53,139.316,0
75,60,216.111,17.9202
75,67,286.357,18.2099
75,68,361.594,27.5662
75,73,273.426,19.7393
75,77,215.164,15.1893
75,78,372.61,31.5865
75,81,186.024,14.6033
75,89,330.914,28.3641
75,95,75.2132,3.57278
75,97,340.024,23.3586
76,7,278.059,23.7731
76,9,368.451,25.6446
76,11,356.542,30.5608
76,16,260.802,20.2065
76,17,405.616,34.7861
76,19,412.552,29.1703
76,23,369.621,31.7082
76,24,225.1,18.9488
76,33,274.808,23.0242
76,35,242.202,18.8553
76,36,436.687,35.1075
76,37,148.126,12.1396
76,38,302.518,24.5522
76,41,386.452,26.1755
76,48,351.661,29.7048
76,49,313.063,23.5305
76,52,326.326,20.4325
76,54,286.565,20.2387
76,55,350.251,27.3079
76,56,187.829,8.74334
76,59,195.198,16.7415
76,65,347.577,25.8235
76,69,297.041,15.7572
76,71,159.669,13.2567
76,72,119.08,0
76,82,159.266,9.9297
76,84,227.081,18.7433
76,91,321.001,19.2948
76,93,266.952,15.1086
76,94,77.2211,6.22455
76,96,142.573,11.1239
77,0,302.451,22.3654
77,1,215.131,9.14371
77,3,99.0073,3.16115
77,5,111.936,5.3505
77,15,318.44,16.9203
77,20,158.005,3.35803
77,22,140.073,5.45288
77,27,89.822,0
77,30,215.347,12.0899
77,40,248.026,10.4359
77,46,171.92,7.60239
77,47,275.241,16.2842
77,53,379.258,31.1251
77,60,340.516,24.0769
77,67,72.3671,0
77,73,285.158,24.1205
77,75,215.164,15.1893
77,81,361.502,30.9066
77,95,179.279,0
77,97,320.481,24.9862
78,6,90.0222,0
78,10,99.6307,7.21328
78,12,294.127,23.1714
78,15,198.013,9.62562
78,18,331.006,28.3513
78,21,176.992,14.3439
78,26,213.531,16.1083
78,40,307.88,26.2398
78,53,249.167,7.09182
78,57,308.446,26.3629
78,60,275.988,7.16228
78,63,190.028,15.9912
78,68,82.16,4.96801
78,75,372.61,31.5865
78,81,268.749,7.38345
78,86,252.785,19.7123
78,89,340.563,23.1928
78,95,424.577,34.8246
79,4,172,7.17949
79,31,196.438,3.96702
79,33,343.578,22.1926
79,44,302.147,14.5642
79,50,260.374,13.1462
79,51,204.759,2.31113
79,58,187.469,12.0416
79,61,182.734,11.3027
79,62,306.069,10.9812
79,64,255.8,10.1334
79,70,249.814,14.3828
79,80,218.823,13.911
79,83,302.793,16.1328
79,88,96.1582,5.1951
79,93,288.336,10.2916
80,4,242.515,5.37791
80,7,180.304,7.61898
80,8,206.545,0
80,16,142.127,0
80,33,234.364,20.0669
80,37,264.237,5.18837
80,44,95.8801,0
80,50,47.5431,0.516251
80,51,171.283,0
80,54,180.679,0
80,58,346.656,27.2862
80,59,267.484,19.6473
80,61,342.666,26.9001
80,62,100.439,0
80,79,218.823,13.911
80,82,333.613,26.3734
80,85,124.908,0
80,88,238.033,16.0824
80,93,193.108,13.4188
81,1,128.653,11.0109
81,3,283.06,19.6755
81,5,291.295,16.1479
81,6,370.683,31.5073
81,10,304.177,13.7868
81,15,100.57,0.652826
81,18,333.579,27.7624
81,21,165.038,9.3546
81,26,297.779,23.5822
81,27,309.41,21.4507
81,30,141.494,3.17193
81,40,139.295,0.50464
81,46,265.759,22.7168
81,53,28.178,0
81,57,323.499,24.6234
81,60,25.02,0
81,63,336.884,23.4647
81,68,289.02,17.8357
81,73,207.232,6.18151
81,75,186.024,14.6033
81,77,361.502,30.9066
81,78,268.749,7.38345
81,89,144.87,11.4776
81,95,228.12,17.2393
81,97,269.848,10.5049
82,7,208.094,13.2663
82,9,270.659,23.0884
82,16,181.512,10.8959
82,19,358.172,27.4645
82,23,398.127,30.8711
82,24,424.413,30.4748
82,33,114.13,6.89387
82,35,307.552,9.86878
82,36,426.381,30.0345
82,37,121.4,0
82,38,362.852,30.6382
82,41,235.563,17.0182
82,49,166.09,0
82,50,252.954,8.88581
82,51,190.184,0
82,54,287.808,21.5381
82,56,70.3847,0
82,59,58.2409,0
82,62,287.13,9.67543
82,71,303.776,23.9868
82,72,279.314,23.9184
82,76,159.266,9.9297
82,80,333.613,26.3734
82,84,291.881,24.5545
82,85,303.913,12.2517
82,91,185.545,11.6777
82,93,127.234,6.29153
82,94,77,0
82,96,276.864,15.3479
83,4,147.907,11.7387
83,31,232.872,18.553
83,43,276.208,18.5076
83,45,248.901,19.795
83,49,320.702,17.4321
83,51,225.982,17.2459
83,58,163.162,13.9022
83,61,166.057,14.1452
83,64,55.1073,3.24069
83,70,188.409,16.153
83,79,302.793,16.1328
83,90,133.331,10.6225
83,91,269.202,21.7821
83,92,191.174,8.95825
83,93,304.148,17.4153
84,9,279.184,10.5127
84,17,295.649,25.2856
84,19,283.938,11.8609
84,23,227.347,18.0618
84,24,92.3412,7.06057
84,25,255.92,15.845
84,32,314.986,13.9994
84,36,301.774,17.777
84,37,322.607,26.7064
84,38,83.1538,6.23654
84,39,189.759,12.7035
84,41,297.022,10.9994
84,48,294.121,20.2989
84,49,343.721,27.0946
84,55,233.29,19.8783
84,56,238.657,17.193
84,59,348.8,29.6979
84,66,287.658,21.525
84,69,268.125,22.5335
84,71,188.256,16.1498
84,72,226.274,19.0198
84,74,300.291,24.7861
84,76,227.081,18.7433
84,82,291.881,24.5545
84,91,419.085,35.2412
84,94,258.703,22.0447
84,96,313.636,26.4675
85,7,144.162,11.7153
85,8,85.2115,0
85,11,368.889,29.5582
85,16,121.499,0
85,33,239.389,15.603
85,35,347.839,28.2066
85,37,237.757,11.1244
85,44,41.6293,0
85,50,89.6939,0
85,51,298.964,12.8136
85,54,84.22,0
85,59,223.522,1.96807
85,62,24.6982,0
85,65,301.589,25.3174
85,80,124.908,0
85,82,303.913,12.2517
85,93,273.936,21.2518
85,94,352.835,27.1834
86,6,325.715,27.5243
86,10,151.688,6.20543
86,12,42.0476,0
86,17,340.973,29.204
86,18,142.656,4.9607
86,21,198.8,0.55839
86,25,234.245,2.04449
86,32,204.039,0
86,48,415.605,32.8221
86,55,370.918,31.8136
86,57,112.728,0.526672
86,63,90.5521,6.37361
86,68,191.584,14.2167
86,78,252.785,19.7123
86,89,458.025,35.0884
87,1,279.816,17.2242
87,5,275.89,20.6024
87,11,167.94,3.36571
87,22,374.855,31.999
87,28,151.657,11.6496
87,35,250.028,16.0703
87,42,42.2966,0
87,47,306.937,20.07
87,52,120.723,4.98841
87,65,260.59,19.1276
87,69,308.3,9.94806
87,73,144.418,6.00376
87,96,299.797,11.0115
87,97,73.0068,0
88,4,260.384,9.59156
88,31,271.108,4.60271
88,44,266.209,3.47147
88,50,282.969,16.5833
88,51,300.98,14.1037
88,58,297.013,21.5132
88,61,291.351,20.5767
88,62,298.526,8.73504
88,79,96.1582,5.1951
88,80,238.033,16.0824
89,1,229.103,19.5114
89,3,401.394,34.2651
89,10,349.975,26.8717
89,12,416.003,26.6844
89,15,206.849,8.68054
89,17,265.324,22.6999
89,18,270.101,21.4053
89,21,168.366,9.35239
89,30,256.991,22.0403
89,40,245.033,0
89,48,283.392,24.136
89,52,355.139,30.4405
89,53,96.0833,0
89,55,399.165,31.0527
89,57,298.254,22.613
89,60,125.437,10.7605
89,63,328.105,26.5979
89,68,338.657,28.0487
89,69,247.384,18.8701
89,71,339.97,27.2854
89,73,291.856,22.6267
89,75,330.914,28.3641
89,78,340.563,23.1928
89,81,144.87,11.4776
89,86,458.025,35.0884
89,96,349.984,26.1986
89,97,387.665,32.9298
90,4,222.329,9.02325
90,9,374.168,30.5109
90,13,285.354,23.5021
90,29,311.304,24.0846
90,31,330.171,26.9776
90,34,325.555,26.6584
90,41,360.202,28.846
90,43,170.799,10.2174
90,45,163.251,11.5134
90,49,279.126,23.2605
90,51,222.812,0
90,56,303.452,18.0626
90,58,308.775,26.3542
90,61,302.031,25.9054
90,64,208.898,16.3861
90,70,275.006,17.2242
90,83,133.331,10.6225
90,91,153.551,0
90,92,74.1833,1.44018
90,93,292.63,5.70558
91,4,285.181,19.3575
91,9,163.953,3.73648
91,13,330.325,24.7021
91,16,291.536,4.02638
91,19,235.204,17.5815
91,23,307.383,26.0996
91,33,201.774,3.2644
91,36,297.861,25.531
91,37,306.161,12.5684
91,41,160.364,3.92112
91,43,363.136,31.075
91,45,353.792,28.1604
91,49,89.246,4.54979
91,51,201.877,9.81347
91,56,130.301,9.14242
91,58,361.603,29.5581
91,59,218.226,6.43926
91,61,362.167,29.66
91,64,295.37,24.7689
91,66,372.93,31.4346
91,76,321.001,19.2948
91,82,185.545,11.6777
91,83,269.202,21.7821
91,84,419.085,35.2412
91,90,153.551,0
91,92,226.508,17.4612
91,93,187.239,3.0622
91,94,297.953,24.5711
92,4,297.51,10.9638
92,9,417.785,34.6861
92,13,236.72,20.126
92,14,426.545,35.3461
92,19,439.655,36.0093
92,29,251.16,21.5424
92,34,248.7,21.3287
92,41,414.266,33.3762
92,43,124.451,10.5595
92,45,167.425,10.9212
92,49,276.807,22.7273
92,51,306.433,8.78835
92,56,354.864,26.8469
92,58,360.947,28.3673
92,61,362.607,28.4171
92,64,248.573,17.8952
92,83,191.174,8.95825
92,90,74.1833,1.44018
92,91,226.508,17.4612
92,98,354.585,30.2752
93,4,207.828,2.92209
93,7,192.145,15.0361
93,9,324.621,19.229
93,16,154.85,13.0008
93,33,55.1143,2.71531
93,37,209.61,15.0703
93,41,310.163,13.1961
93,44,289.82,24.2638
93,49,258.155,11.9292
93,50,211.675,18.0405
93,51,100.141,2.81248
93,54,243.271,15.5451
93,56,157.851,0
93,58,277.344,10.5055
93,59,111.86,7.25655
93,61,276.586,10.9152
93,62,251.118,19.5527
93,64,256.172,2.01605
93,72,406.34,34.8557
93,76,266.952,15.1086
93,79,288.336,10.2916
93,80,193.108,13.4188
93,82,127.234,6.29153
93,83,304.148,17.4153
93,85,273.936,21.2518
93,90,292.63,5.70558
93,91,187.239,3.0622
93,94,175.21,1.13733
94,7,204.916,14.253
94,9,309.945,25.8288
94,11,378.265,31.9529
94,16,223.923,18.9995
94,19,387.263,28.7787
94,23,436.112,27.826
94,24,267.521,21.0397
94,33,157.953,4.64046
94,35,273.665,20.192
94,36,461.352,29.8263
94,37,90.2061,5.86602
94,38,343.736,28.6446
94,41,301.071,25.8192
94,49,245.668,13.3366
94,50,298.536,16.432
94,51,276.426,7.51253
94,54,268.357,20.4262
94,56,150.944,10.8854
94,59,82.807,0
94,62,324.392,20.3201
94,69,381.604,25.3603
94,71,193.241,11.7994
94,72,190.271,14.198
94,76,77.2211,6.22455
94,82,77,0
94,84,258.703,22.0447
94,85,352.835,27.1834
94,91,297.953,24.5711
94,93,175.21,1.13733
94,96,198.334,13.5451
95,1,241.252,19.4072
95,3,156.422,13.4041
95,5,333.418,28.3579
95,6,424.525,32.1904
95,15,138.439,1.85121
95,21,275.69,10.0053
95,26,220.096,17.8125
95,27,149.616,11.6584
95,30,144.025,4.77916
95,40,62.2415,0
95,46,25.7099,0
95,53,238.655,15.958
95,60,272.15,22.3396
95,67,255.168,1.97705
95,73,346.532,25.5341
95,75,75.2132,3.57278
95,77,179.279,0
95,78,424.577,34.8246
95,81,228.12,17.2393
96,7,254.311,7.72605
96,11,188.884,10.797
96,16,294.489,15.6231
96,17,398.344,32.5204
96,24,276.045,23.6776
96,33,318.115,12.5676
96,35,124.118,5.39999
96,37,162.476,4.50742
96,38,322.136,26.6601
96,42,272.132,13.7283
96,48,351.734,29.5153
96,52,199.642,13.1385
96,54,299.811,20.9024
96,55,412.787,34.4809
96,56,329.173,20.299
96,59,247.306,9.23055
96,65,304.464,26.0997
96,69,125.122,10.5837
96,71,170.876,2.38248
96,72,79.4497,5.77074
96,76,142.573,11.1239
96,82,276.864,15.3479
96,84,313.636,26.4675
96,87,299.797,11.0115
96,89,349.984,26.1986
96,94,198.334,13.5451
97,1,208.748,15.1766
97,3,311.534,25.6094
97,5,221.157,18.9254
97,11,240.678,9.15057
97,20,374.84,30.1706
97,22,261.193,18.7373
97,27,351.34,29.3706
97,28,211.109,10.6077
97,30,301.644,25.4675
97,35,308.578,19.3044
97,42,107.912,0
97,47,331.851,28.3375
97,52,154.229,5.63272
97,53,289.714,10.3778
97,60,272.681,13.7933
97,65,360.271,28.812
97,67,293.019,21.2831
97,73,69.4865,4.37328
97,75,340.024,23.3586
97,77,320.481,24.9862
97,81,269.848,10.5049
97,87,73.0068,0
97,89,387.665,32.9298
98,13,336.213,28.8424
98,14,43.0116,0
98,29,93.0173,7.86312
98,34,128.225,10.9703
98,43,249.538,20.9899
98,45,360.016,21.4295
98,92,354.585,30.2752
98,99,50.2096,0
99,13,375.788,30.7791
99,14,10.0499,0
99,29,141.611,9.49898
99,34,174.811,13.3752
99,43,322.96,26.5123
99,45,309.659,23.18
99,98,50.2096,0
