0,24,216.093,0
0,35,176.284,0
0,37,65.3911,0
0,43,63.6318,0
0,85,199.218,0
1,2,217.137,16.1798
1,4,128.798,0
1,9,56.4358,0
1,11,147.313,0
1,14,136.175,2.89759
1,15,148.661,0
1,16,59.808,0
1,18,49.4773,0
1,19,197.4,2.59347
1,20,146.932,0
1,23,79.7559,0
1,24,123.762,0
1,25,138.924,0
1,26,179.329,14.7375
1,28,215.928,0
1,30,180.069,0
1,33,235.93,10.8508
1,34,197.57,0
1,35,211.983,0
1,38,126.321,0
1,48,202.141,0
1,49,116.4,0
1,55,86.8741,5.38404
1,57,186.561,0
1,60,106.827,0
1,70,63.7887,0
1,71,175.114,0
1,73,310.3,25.0229
1,75,104.752,0
1,79,141.057,0
1,90,107.865,6.42051
1,92,198.879,0
1,95,176.477,0
2,1,217.137,16.1798
2,4,83.4942,4.76001
2,9,185.938,11.9071
2,12,228.498,6.2036
2,14,84.0459,2.03854
2,16,264.241,16.1538
2,18,181.71,13.6872
2,24,198.795,2.5581
2,26,184.249,2.38317
2,34,94.8736,0
2,55,171.764,13.7537
2,57,64.8999,0
2,59,134.737,0
2,60,115.918,7.27384
2,61,294.265,18.0164
2,64,106,0
2,76,369.144,4.03758
2,83,66.9104,0
2,85,141.534,0
2,90,139.535,11.3167
3,6,84.0536,0
3,8,76.1577,0
3,17,433.332,0.670779
3,22,150.287,8.27892
3,27,379.984,0
3,32,69.7433,1.97708
3,40,156.516,13.363
3,46,109.78,9.38606
3,50,109.877,0
3,52,80.3339,1.16212
3,54,164.387,12.1569
3,72,43.9318,0
3,80,151.258,12.7218
3,84,128.478,10.9785
3,89,249.176,0.613704
3,98,226.604,12.2167
4,1,128.798,0
4,2,83.4942,4.76001
4,9,108.407,0
4,12,317.244,3.91144
4,14,26.8328,2.23607
4,16,177.46,0
4,18,96.8969,0
4,23,200.385,0
4,24,149.833,0
4,25,195.747,0
4,26,108.117,9.1794
4,34,92.5905,0
4,49,218.215,0
4,55,86.1222,4.7
4,57,69.1231,0
4,59,155.048,0
4,60,32.0156,0
4,61,402.815,11.2796
4,64,153.872,0.625411
4,70,191.463,0
4,75,214.033,0
4,76,387.742,4.96397
4,83,100.424,0
4,85,147.33,0
4,90,58.6941,0
5,21,152.971,0
5,29,158.294,0
5,39,194.826,0
5,41,209.571,0
5,45,118.87,0
5,58,87.7838,0
5,62,154.159,0
5,63,97.0824,0
5,78,171.292,0
5,99,164.596,0
6,3,84.0536,0
6,8,145.03,12.4202
6,22,210.182,15.3526
6,32,73.4098,0
6,40,143.586,0
6,46,58.5918,0
6,50,75.0067,0
6,52,44.2832,0
6,54,100.005,0
6,72,121.297,0
6,80,220.36,14.3062
6,84,96.3846,0
6,89,326.69,22.5803
6,98,271.529,21.2261
7,36,146.864,0
7,42,121.709,0
7,47,27.2947,0
7,56,56.8859,0
7,65,135.385,0
7,67,50.01,0
7,77,252.834,20.1817
7,82,110.504,5.69731
7,94,130,0
8,3,76.1577,0
8,6,145.03,12.4202
8,10,415.216,0
8,15,246.8,10.3474
8,17,366.808,0
8,22,172.047,0
8,27,305.267,0
8,31,394.994,0
8,32,60.1171,1.75341
8,33,435.38,0
8,40,93,7.4375
8,46,94.4456,7.25784
8,50,183.066,14.0167
8,52,103.514,8.23462
8,54,135.104,6.86202
8,69,420.305,0
8,71,221.044,9.39938
8,72,108.035,7.79099
8,80,201.634,1.76757
8,84,86.8259,6.04102
8,88,423.345,7.95331
8,89,188.86,0
8,95,222.011,9.40345
8,97,419.49,0
8,98,255.069,0
9,1,56.4358,0
9,2,185.938,11.9071
9,4,108.407,0
9,11,138.975,0
9,14,121.939,2.2105
9,15,190.276,0
9,16,75.3923,0
9,18,16.0312,0
9,20,151.321,0
9,23,97.9898,0
9,24,71.3442,0
9,25,100.125,0
9,26,173.043,13.8281
9,30,193.83,0
9,34,154.12,0
9,35,167.72,0
9,38,178.869,0
9,43,218.048,0
9,48,200.42,0
9,49,109.809,0
9,55,99.4938,4.0702
9,57,149.833,0
9,60,100.305,0
9,70,111.759,0
9,71,215.035,0
9,75,160.73,0
9,79,124.812,0
9,83,197.77,0
9,85,202.805,0
9,90,100.404,0
9,92,209.69,0
9,95,215.139,0
10,8,415.216,0
10,13,201.316,0
10,15,245.609,21.0359
10,17,48.4149,0
10,19,128.825,0
10,22,400.005,0
10,27,152.053,0
10,31,75.4718,0
10,33,90.5539,0
10,38,208.01,17.636
10,39,298.97,23.1663
10,40,286.196,19.7876
10,41,315.745,20.1386
10,44,324.325,27.1537
10,69,282.708,0
10,70,275.446,22.8159
10,71,249.83,21.4304
10,73,370.643,0
10,75,224.372,18.9001
10,80,401.728,1.07985
10,81,274.243,18.7745
10,87,229.73,0
10,88,327.308,7.57373
10,89,235.032,0
10,95,256.515,21.99
10,97,125.539,0
10,98,388.731,0
11,1,147.313,0
11,9,138.975,0
11,15,148.395,0
11,16,89.1403,0
11,18,152.201,0
11,20,33.5261,0
11,23,77.2787,0
11,24,125.22,0
11,25,81.7863,0
11,28,119.942,0
11,30,78.0256,0
11,35,129.692,0
11,38,183.619,0
11,48,62.2415,0
11,49,31.0483,0
11,55,228.813,5.46603
11,70,134.893,0
11,71,159.154,0
11,75,195.724,0
11,79,22.3607,0
11,92,84.8999,0
11,95,155.309,0
12,2,228.498,6.2036
12,4,317.244,3.91144
12,14,299.152,0
12,26,300.027,0
12,34,285.313,24.4057
12,53,408.201,7.43344
12,55,381.963,0.618051
12,57,266.345,22.1525
12,59,216.213,2.90153
12,60,307.885,9.96487
12,61,72.8804,6.252
12,64,104.637,0
12,76,266.124,7.50688
12,83,162.749,8.08864
12,86,249.303,0
12,90,329.307,7.59503
13,10,201.316,0
13,15,324.087,27.7305
13,17,249.688,0
13,19,212.763,0
13,27,333.035,0
13,31,234.776,0
13,33,205.232,0
13,38,266.499,20.8752
13,39,237.333,17.8483
13,41,334.552,27.2879
13,44,169.183,13.8134
13,51,236.483,17.9666
13,53,262.458,0
13,69,404.776,0
13,70,312.099,26.7214
13,73,194.031,0
13,75,247.42,18.4764
13,76,384.666,0
13,77,286.608,23.6085
13,81,112.038,9.54867
13,87,282.857,0
13,89,435.587,0
13,91,341.303,0
13,97,255.625,0
14,1,136.175,2.89759
14,2,84.0459,2.03854
14,4,26.8328,2.23607
14,9,121.939,2.2105
14,12,299.152,0
14,16,186.649,2.05649
14,18,107.931,1.75561
14,23,210.661,2.71429
14,24,168.38,1.96704
14,25,212.973,2.02675
14,26,112.223,5.74263
14,34,124.355,7.06805
14,55,89.4003,7.32367
14,57,100.512,7.1815
14,59,184.943,8.5685
14,60,31.7629,2.57786
14,61,385.77,7.19249
14,64,189.829,14.58
14,70,196.654,2.74189
14,73,414.328,6.59676
14,75,259.12,19.2079
14,76,362.552,0
14,83,137.62,11.1741
14,85,179.542,8.02279
14,90,57.0475,3.34973
15,1,148.661,0
15,8,246.8,10.3474
15,9,190.276,0
15,10,245.609,21.0359
15,11,148.395,0
15,13,324.087,27.7305
15,16,119.151,0
15,17,235.192,20.0924
15,18,191.802,0
15,19,128.933,2.52916
15,20,118.106,0
15,23,101.789,0
15,25,209.093,0
15,27,130.442,4.0025
15,28,110.114,0
15,30,103.465,0
15,31,170.891,12.4323
15,33,161.182,9.98928
15,38,60.6383,0
15,40,152.069,0
15,46,222.056,0
15,48,156.975,0
15,49,138.235,0
15,54,193.6,0
15,55,234.378,10.0078
15,70,85.4927,0
15,71,26.9258,0
15,75,96.6075,0
15,79,163.637,0
15,84,184.954,0
15,89,260.129,21.5538
15,92,121.297,0
15,95,29.7321,0
16,1,59.808,0
16,2,264.241,16.1538
16,4,177.46,0
16,9,75.3923,0
16,11,89.1403,0
16,14,186.649,2.05649
16,15,119.151,0
16,18,81.8352,0
16,19,206.08,2.46497
16,20,87.2353,0
16,23,23.0217,0
16,24,111.973,0
16,25,103.966,0
16,26,238.014,19.9225
16,28,161.839,0
16,30,123.167,0
16,33,241.944,10.0311
16,35,177.138,0
16,38,123.491,0
16,48,142.338,0
16,49,59.0762,0
16,55,145.217,5.61427
16,57,224.984,0
16,60,160.963,0
16,70,57.9828,0
16,71,142.225,0
16,75,120.739,0
16,79,86.6833,0
16,90,155.117,2.27681
16,92,141.032,0
16,95,141.693,0
17,3,433.332,0.670779
17,8,366.808,0
17,10,48.4149,0
17,13,249.688,0
17,15,235.192,20.0924
17,19,145.671,0
17,22,356.073,0
17,27,116.927,0
17,31,74.6726,0
17,32,393.25,12.2974
17,33,108.296,0
17,38,210.923,17.8846
17,39,325.336,22.9187
17,40,244.275,17.8655
17,41,323.273,19.0228
17,69,270.237,0
17,70,279.455,23.0555
17,71,230.135,19.6018
17,72,412.569,9.50803
17,73,415.74,0
17,75,232.838,19.7996
17,80,359.777,1.05191
17,81,320.227,20.1757
17,84,301.192,25.5262
17,87,243.606,0
17,88,313.487,7.47159
17,89,187.446,0
17,95,236.417,20.0705
17,97,128.406,0
17,98,350.657,0
18,1,49.4773,0
18,2,181.71,13.6872
18,4,96.8969,0
18,9,16.0312,0
18,11,152.201,0
18,14,107.931,1.75561
18,15,191.802,0
18,16,81.8352,0
18,20,162.373,0
18,23,104.848,0
18,24,85.8662,0
18,25,116.155,0
18,26,158.091,13.2279
18,30,203.295,0
18,34,151.427,0
18,35,183.393,0
18,38,175.263,0
18,48,213.009,0
18,49,122.332,0
18,55,83.4836,3.97573
18,57,144.101,0
18,60,85.9069,0
18,70,110.041,0
18,71,217.313,0
18,75,154.003,0
18,79,139.086,0
18,83,190.032,0
18,85,202.299,0
18,90,84.5931,0
18,92,219.911,0
18,95,217.862,0
19,1,197.4,2.59347
19,10,128.825,0
19,13,212.763,0
19,15,128.933,2.52916
19,16,206.08,2.46497
19,17,145.671,0
19,23,199.364,2.04642
19,27,149.626,0
19,31,74.108,0
19,33,38.6264,0
19,38,83.3454,1.94347
19,40,226.559,18.2206
19,53,421.284,0
19,55,273.07,20.1211
19,69,410.395,0
19,70,148.565,2.35293
19,71,138.149,2.8866
19,73,318.904,0
19,75,92.6396,2.49974
19,81,319.233,17.4773
19,87,352.778,0
19,89,304.217,0
19,95,144.229,2.89327
19,97,254.283,0
20,1,146.932,0
20,9,151.321,0
20,11,33.5261,0
20,15,118.106,0
20,16,87.2353,0
20,18,162.373,0
20,23,68.4105,0
20,24,151.169,0
20,25,112.219,0
20,28,90.5207,0
20,30,47.5395,0
20,35,163.193,0
20,38,159.248,0
20,48,56.0892,0
20,49,44.7214,0
20,55,232.315,5.79995
20,70,120.067,0
20,71,126.752,0
20,75,176.59,0
20,79,54.3323,0
20,92,59.3633,0
20,95,122.642,0
21,5,152.971,0
21,29,15.1327,0
21,39,212.191,0
21,45,60.7454,0
21,47,206.422,0
21,51,219.564,18.7174
21,56,208.319,0
21,58,152.977,0
21,62,169.614,0
21,63,157.471,0
21,65,168.345,0
21,67,183.897,0
21,77,293.94,25.1796
21,94,112.361,0
21,99,180.854,0
22,3,150.287,8.27892
22,6,210.182,15.3526
22,8,172.047,0
22,10,400.005,0
22,17,356.073,0
22,27,350.069,0
22,31,411.752,0
22,32,222.144,1.60903
22,40,242.112,14.1374
22,41,340.656,24.2373
22,46,267.577,16.9277
22,50,197.47,8.89734
22,52,274.471,16.6684
22,54,306.728,25.6588
22,69,292.329,0
22,72,74.5638,6.37298
22,80,29.7202,1.4011
22,84,256.184,18.2117
22,87,416.293,0
22,88,268.891,10.7363
22,89,180.854,0
22,97,352.21,0
22,98,85.7994,0.504558
23,1,79.7559,0
23,4,200.385,0
23,9,97.9898,0
23,11,77.2787,0
23,14,210.661,2.71429
23,15,101.789,0
23,16,23.0217,0
23,18,104.848,0
23,19,199.364,2.04642
23,20,68.4105,0
23,24,127.577,0
23,25,110.982,0
23,26,259.847,21.3042
23,27,228.283,4.71546
23,28,138.946,0
23,30,100.896,0
23,31,252.104,13.0102
23,33,236.032,10.2309
23,35,181.373,0
23,38,116.103,0
23,48,124.427,0
23,49,50.9902,0
23,55,166.385,5.90335
23,60,183.306,0
23,70,58.3095,0
23,71,123.102,0
23,75,120.83,0
23,79,80.4984,0
23,90,180.237,4.05075
23,92,119.281,0
23,95,122.004,0
24,0,216.093,0
24,1,123.762,0
24,2,198.795,2.5581
24,4,149.833,0
24,9,71.3442,0
24,11,125.22,0
24,14,168.38,1.96704
24,16,111.973,0
24,18,85.8662,0
24,20,151.169,0
24,23,127.577,0
24,25,50.448,0
24,26,220.274,9.90621
24,30,198.655,0
24,34,152.109,0
24,35,100.499,0
24,37,167.631,0
24,43,152.463,0
24,48,185.003,0
24,49,107.201,0
24,55,166.214,3.95995
24,57,161.604,0
24,59,223.897,0
24,60,155.013,0
24,70,165.469,0
24,75,223.007,0
24,79,103.942,0
24,83,214.021,0
24,85,186.118,0
24,90,163.417,0
24,92,209.093,0
25,1,138.924,0
25,4,195.747,0
25,9,100.125,0
25,11,81.7863,0
25,14,212.973,2.02675
25,15,209.093,0
25,16,103.966,0
25,18,116.155,0
25,20,112.219,0
25,23,110.982,0
25,24,50.448,0
25,28,201.556,0
25,30,159.138,0
25,34,202.233,0
25,35,74.0608,0
25,37,192.315,0
25,43,167.601,0
25,48,137.743,0
25,49,73.1642,0
25,55,199.539,4.29846
25,57,212.002,0
25,60,196.306,0
25,70,161.941,0
25,75,224.341,0
25,79,59.439,0
25,90,200.04,0
25,92,166.628,0
25,95,223.652,0
26,1,179.329,14.7375
26,2,184.249,2.38317
26,4,108.117,9.1794
26,9,173.043,13.8281
26,12,300.027,0
26,14,112.223,5.74263
26,16,238.014,19.9225
26,18,158.091,13.2279
26,23,259.847,21.3042
26,24,220.274,9.90621
26,34,226.679,18.7515
26,38,271.045,22.6489
26,53,342.374,0
26,55,91.214,0
26,57,218.017,18.1681
26,60,75.5569,6.38712
26,61,379.079,5.14536
26,64,311.93,21.6385
26,70,221.2,18.3946
26,73,301.264,0
26,75,236.656,20.2717
26,76,258.07,0
26,83,252.352,19.8727
26,85,295.536,24.2032
26,86,407.774,0
26,90,56.8653,3.94234
27,3,379.984,0
27,8,305.267,0
27,10,152.053,0
27,13,333.035,0
27,15,130.442,4.0025
27,17,116.927,0
27,19,149.626,0
27,22,350.069,0
27,23,228.283,4.71546
27,28,210.714,3.26838
27,30,223.217,3.71113
27,31,98.387,0
27,32,217.671,16.2026
27,33,134.015,0
27,38,127.714,6.16723
27,40,114.659,5.14022
27,46,203.574,5.58274
27,52,218.322,6.23676
27,54,203.556,3.99688
27,69,358.134,0
27,70,192.87,5.70774
27,71,122.071,3.74023
27,72,378.404,10.3823
27,75,161.027,8.27261
27,80,364.136,0.98944
27,84,167.169,4.75373
27,87,357.2,0
27,88,396.363,7.61934
27,89,170.106,0
27,95,127.065,3.67075
27,97,239.733,0
27,98,372.848,0
28,1,215.928,0
28,11,119.942,0
28,15,110.114,0
28,16,161.839,0
28,20,90.5207,0
28,23,138.946,0
28,25,201.556,0
28,27,210.714,3.26838
28,30,43.0116,0
28,38,170.065,0
28,40,172.569,0
28,46,199.008,0
28,48,81.7068,0
28,49,134.737,0
28,52,210.343,0
28,54,150.12,0
28,70,167.075,0
28,71,97.6729,0
28,75,202.529,0
28,79,142.274,0
28,84,172.2,0
28,92,37.6563,0
28,95,91.5915,0
29,5,158.294,0
29,21,15.1327,0
29,45,55.3263,0
29,47,202.744,0
29,51,230.453,19.7594
29,56,208.614,0
29,58,165.061,0
29,62,160.555,0
29,63,170,0
29,65,174.256,0
29,67,180.014,0
29,77,300.409,25.4948
29,94,114.158,0
29,99,171.432,0
30,1,180.069,0
30,9,193.83,0
30,11,78.0256,0
30,15,103.465,0
30,16,123.167,0
30,18,203.295,0
30,20,47.5395,0
30,23,100.896,0
30,24,198.655,0
30,25,159.138,0
30,27,223.217,3.71113
30,28,43.0116,0
30,35,204.362,0
30,38,157.544,0
30,40,203.002,0
30,48,55.4437,0
30,49,91.7606,0
30,54,191.943,0
30,70,138.521,0
30,71,101.833,0
30,75,184.098,0
30,79,100.18,0
30,84,210.012,0
30,92,20.3961,0
30,95,96.4002,0
31,8,394.994,0
31,10,75.4718,0
31,13,234.776,0
31,15,170.891,12.4323
31,17,74.6726,0
31,19,74.108,0
31,22,411.752,0
31,23,252.104,13.0102
31,27,98.387,0
31,32,366.731,25.0593
31,33,42.0476,0
31,38,137.379,10.9031
31,40,215.141,18.4561
31,41,389.23,21.0495
31,69,344.354,0
31,70,205.937,12.9087
31,71,174.537,13.0426
31,73,374.422,0
31,75,157.178,12.4745
31,80,419.493,1.01814
31,81,325.843,19.4355
31,84,267.032,21.4446
31,87,304.539,0
31,88,388.045,7.57247
31,89,233.735,0
31,95,180.328,13.1816
31,97,195.673,0
31,98,416.125,0
32,3,69.7433,1.97708
32,6,73.4098,0
32,8,60.1171,1.75341
32,17,393.25,12.2974
32,22,222.144,1.60903
32,27,217.671,16.2026
32,31,366.731,25.0593
32,40,80.6226,0
32,46,45.6508,0
32,50,129.926,2.81225
32,52,49.0306,0
32,54,96.2081,0
32,71,205.183,0
32,72,123.328,9.86291
32,80,249.582,4.14945
32,84,55.9732,0
32,89,242.429,3.48545
32,95,205.205,0
32,98,306.914,2.10132
33,1,235.93,10.8508
33,8,435.38,0
33,10,90.5539,0
33,13,205.232,0
33,15,161.182,9.98928
33,16,241.944,10.0311
33,17,108.296,0
33,19,38.6264,0
33,23,236.032,10.2309
33,27,134.015,0
33,31,42.0476,0
33,38,119.903,8.74759
33,40,241.467,20.7087
33,53,432.56,0
33,69,371.769,0
33,70,185.24,9.76727
33,71,169.192,10.8848
33,73,334.054,0
33,75,131.149,9.44169
33,81,303.011,18.5021
33,84,290.747,23.5384
33,87,316.834,0
33,88,415.766,7.85634
33,89,275.768,0
33,95,175.232,10.9806
33,97,216.093,0
34,1,197.57,0
34,2,94.8736,0
34,4,92.5905,0
34,9,154.12,0
34,12,285.313,24.4057
34,14,124.355,7.06805
34,18,151.427,0
34,24,152.109,0
34,25,202.233,0
34,26,226.679,18.7515
34,37,161.608,0
34,43,183.096,0
34,55,173.279,4.42804
34,57,30.0167,0
34,59,76.2168,0
34,60,123.976,0
34,64,141.481,0
34,83,70.6116,0
34,85,55.3624,0
34,90,150.233,0
35,0,176.284,0
35,1,211.983,0
35,9,167.72,0
35,11,129.692,0
35,16,177.138,0
35,18,183.393,0
35,20,163.193,0
35,23,181.373,0
35,24,100.499,0
35,25,74.0608,0
35,30,204.362,0
35,37,158.114,0
35,43,122.984,0
35,48,165.003,0
35,49,135.912,0
35,79,110.923,0
35,92,205.183,0
36,7,146.864,0
36,42,55.3173,0
36,44,372.256,12.0373
36,47,162.936,0
36,53,400.771,6.1747
36,56,119,0
36,65,147.574,0
36,67,176.465,0
36,68,180.801,0
36,76,414.485,7.92649
36,77,283.39,9.14426
36,82,96.0052,0
36,86,316.038,4.04601
36,91,265.711,5.83509
36,93,222.284,0
36,94,201.884,0
37,0,65.3911,0
37,24,167.631,0
37,25,192.315,0
37,34,161.608,0
37,35,158.114,0
37,43,40.3113,0
37,57,191.039,0
37,59,180.472,0
37,85,138.058,0
38,1,126.321,0
38,9,178.869,0
38,10,208.01,17.636
38,11,183.619,0
38,13,266.499,20.8752
38,15,60.6383,0
38,16,123.491,0
38,17,210.923,17.8846
38,18,175.263,0
38,19,83.3454,1.94347
38,20,159.248,0
38,23,116.103,0
38,26,271.045,22.6489
38,27,127.714,6.16723
38,28,170.065,0
38,30,157.544,0
38,31,137.379,10.9031
38,33,119.903,8.74759
38,40,182.082,0
38,48,207.002,0
38,49,164.438,0
38,55,201.549,11.5091
38,60,236.25,8.5263
38,70,68.352,0
38,71,81.8413,0
38,73,288.146,22.8531
38,75,39.598,0
38,79,193.349,0
38,84,225.222,0
38,89,286.295,24.4697
38,90,234.652,15.9353
38,92,176.918,0
38,95,86.8159,0
38,97,332.618,23.7707
39,5,194.826,0
39,10,298.97,23.1663
39,13,237.333,17.8483
39,17,325.336,22.9187
39,21,212.191,0
39,41,64.3506,0
39,44,183.134,0
39,51,156.978,8.17263
39,58,107.056,0
39,63,97.7446,0
39,69,140.407,9.45611
39,77,293.925,24.6998
39,78,85.1469,0
39,81,169.074,0
39,87,83.5915,2.98159
39,88,121.314,0
39,97,201.738,16.9741
40,3,156.516,13.363
40,6,143.586,0
40,8,93,7.4375
40,10,286.196,19.7876
40,15,152.069,0
40,17,244.275,17.8655
40,19,226.559,18.2206
40,22,242.112,14.1374
40,27,114.659,5.14022
40,28,172.569,0
40,30,203.002,0
40,31,215.141,18.4561
40,32,80.6226,0
40,33,241.467,20.7087
40,38,182.082,0
40,46,88.8144,0
40,50,204.071,0
40,52,102.45,0
40,54,98.0816,0
40,69,414.131,14.8821
40,71,128.062,0
40,72,203.762,17.1334
40,75,219.713,0
40,80,270.847,14.9533
40,84,54.231,0
40,89,148.882,10.8915
40,92,208.062,0
40,95,129.016,0
40,97,351,16.8071
40,98,312.455,14.0662
41,5,209.571,0
41,10,315.745,20.1386
41,13,334.552,27.2879
41,17,323.273,19.0228
41,22,340.656,24.2373
41,31,389.23,21.0495
41,39,64.3506,0
41,51,221.579,8.71637
41,58,129.437,0
41,63,120.669,0
41,69,84.3057,5.98457
41,78,46.6154,0
41,80,299.812,24.4388
41,81,217.892,0
41,87,93.8142,6.0013
41,88,61.6117,0
41,89,350.647,19.1799
41,97,193.955,15.451
41,98,240.836,20.652
42,7,121.709,0
42,36,55.3173,0
42,47,144.471,0
42,56,117.017,0
42,65,172.54,0
42,67,163.218,0
42,68,172.026,0
42,77,283.812,24.1935
42,82,43.4166,0
42,86,345.461,21.5917
42,91,318.684,22.3322
42,93,187.878,0
42,94,211.946,0
43,0,63.6318,0
43,9,218.048,0
43,24,152.463,0
43,25,167.601,0
43,34,183.096,0
43,35,122.984,0
43,37,40.3113,0
43,57,210.924,0
43,59,213.431,0
43,79,222.524,0
43,85,169.248,0
44,10,324.325,27.1537
44,13,169.183,13.8134
44,36,372.256,12.0373
44,39,183.134,0
44,51,147.811,9.57255
44,53,205.744,14.4815
44,56,309.661,24.6964
44,65,230.114,9.73711
44,73,239.998,16.7508
44,76,342.623,16.4584
44,77,114.082,3.1704
44,81,52.6118,0
44,87,196.196,3.68996
44,91,146.842,11.4636
44,94,290.992,22.0759
44,97,301.856,25.8936
45,5,118.87,0
45,21,60.7454,0
45,29,55.3263,0
45,51,268.106,21.8132
45,58,153.584,0
45,62,110.603,0
45,63,160.901,0
45,94,169.425,0
45,99,122.287,0
46,3,109.78,9.38606
46,6,58.5918,0
46,8,94.4456,7.25784
46,15,222.056,0
46,22,267.577,16.9277
46,27,203.574,5.58274
46,28,199.008,0
46,32,45.6508,0
46,40,88.8144,0
46,50,129.634,0
46,52,14.4222,0
46,54,54.5894,0
46,71,195.387,0
46,72,157.307,12.349
46,80,295.922,18.6244
46,84,38.0132,0
46,89,235.686,19.8636
46,95,194.064,0
46,98,349.634,19.3819
47,7,27.2947,0
47,21,206.422,0
47,29,202.744,0
47,36,162.936,0
47,42,144.471,0
47,51,291.19,23.5715
47,56,54.7083,0
47,65,123.556,0
47,67,22.8035,0
47,77,247.169,20.1143
47,82,133.631,4.6153
47,94,106.794,0
48,1,202.141,0
48,9,200.42,0
48,11,62.2415,0
48,15,156.975,0
48,16,142.338,0
48,18,213.009,0
48,20,56.0892,0
48,23,124.427,0
48,24,185.003,0
48,25,137.743,0
48,28,81.7068,0
48,30,55.4437,0
48,35,165.003,0
48,38,207.002,0
48,49,90.6973,0
48,70,175.14,0
48,71,157.201,0
48,79,81.4002,0
48,92,45.2769,0
48,95,151.819,0
49,1,116.4,0
49,4,218.215,0
49,9,109.809,0
49,11,31.0483,0
49,15,138.235,0
49,16,59.0762,0
49,18,122.332,0
49,20,44.7214,0
49,23,50.9902,0
49,24,107.201,0
49,25,73.1642,0
49,28,134.737,0
49,30,91.7606,0
49,35,135.912,0
49,38,164.438,0
49,48,90.6973,0
49,55,197.836,5.42807
49,60,207.762,0
49,70,109.252,0
49,71,153.708,0
49,75,171.767,0
49,79,29.5296,0
49,90,201.854,0
49,92,103.942,0
49,95,150.867,0
50,3,109.877,0
50,6,75.0067,0
50,8,183.066,14.0167
50,22,197.47,8.89734
50,32,129.926,2.81225
50,40,204.071,0
50,46,129.634,0
50,52,116.4,0
50,54,175,0
50,72,123.713,0
50,80,188.223,0
50,84,165.13,0
50,98,214.979,0
51,13,236.483,17.9666
51,21,219.564,18.7174
51,29,230.453,19.7594
51,39,156.978,8.17263
51,41,221.579,8.71637
51,44,147.811,9.57255
51,45,268.106,21.8132
51,47,291.19,23.5715
51,53,357.026,23.5263
51,56,270.433,23.137
51,58,209.508,14.5556
51,63,204.451,14.2207
51,65,194.149,8.53689
51,67,270.431,21.6043
51,77,179.889,0
51,78,238.472,9.96477
51,81,144.153,9.99378
51,87,203.136,10.4018
51,91,343.628,0
51,94,180.961,15.5079
51,97,314.188,26.9207
52,3,80.3339,1.16212
52,6,44.2832,0
52,8,103.514,8.23462
52,22,274.471,16.6684
52,27,218.322,6.23676
52,28,210.343,0
52,32,49.0306,0
52,40,102.45,0
52,46,14.4222,0
52,50,116.4,0
52,54,62.6418,0
52,71,209.571,0
52,72,121.606,0
52,80,301.385,18.5583
52,84,52.4309,0
52,89,254.322,21.1057
52,95,208.166,0
52,98,359.164,18.5847
53,12,408.201,7.43344
53,13,262.458,0
53,19,421.284,0
53,26,342.374,0
53,33,432.56,0
53,36,400.771,6.1747
53,44,205.744,14.4815
53,51,357.026,23.5263
53,55,401.92,0
53,60,417.66,11.9195
53,61,441.823,0
53,65,427.762,7.02224
53,73,108.167,0
53,75,372.516,15.4054
53,76,141.152,0
53,77,309.613,0
53,81,206.094,10.413
53,86,292.746,0
53,90,395.37,4.07829
53,91,151.01,0
54,3,164.387,12.1569
54,6,100.005,0
54,8,135.104,6.86202
54,15,193.6,0
54,22,306.728,25.6588
54,27,203.556,3.99688
54,28,150.12,0
54,30,191.943,0
54,32,96.2081,0
54,40,98.0816,0
54,46,54.5894,0
54,50,175,0
54,52,62.6418,0
54,71,166.817,0
54,72,218.328,16.1366
54,80,336.553,27.7111
54,84,50.9215,0
54,89,248.024,20.6403
54,92,187.003,0
54,95,164.027,0
55,1,86.8741,5.38404
55,2,171.764,13.7537
55,4,86.1222,4.7
55,9,99.4938,4.0702
55,11,228.813,5.46603
55,12,381.963,0.618051
55,14,89.4003,7.32367
55,15,234.378,10.0078
55,16,145.217,5.61427
55,18,83.4836,3.97573
55,19,273.07,20.1211
55,20,232.315,5.79995
55,23,166.385,5.90335
55,24,166.214,3.95995
55,25,199.539,4.29846
55,26,91.214,0
55,34,173.279,4.42804
55,38,201.549,11.5091
55,49,197.836,5.42807
55,53,401.92,0
55,57,153.653,4.69844
55,60,57.2351,4.59843
55,64,286.648,23.8565
55,70,147.848,8.45125
55,73,339.706,0
55,75,169.718,11.6393
55,76,338.337,0
55,79,218.969,5.32276
55,83,216.752,16.2564
55,85,228.643,4.49679
55,90,32.0308,2.54213
56,7,56.8859,0
56,21,208.319,0
56,29,208.614,0
56,36,119,0
56,42,117.017,0
56,44,309.661,24.6964
56,47,54.7083,0
56,51,270.433,23.137
56,65,80.7775,0
56,67,60.3075,0
56,77,195.939,16.8068
56,82,115.434,1.04866
56,91,312.841,23.0089
56,94,96.5401,0
57,1,186.561,0
57,2,64.8999,0
57,4,69.1231,0
57,9,149.833,0
57,12,266.345,22.1525
57,14,100.512,7.1815
57,16,224.984,0
57,18,144.101,0
57,24,161.604,0
57,25,212.002,0
57,26,218.017,18.1681
57,34,30.0167,0
57,37,191.039,0
57,43,210.924,0
57,55,153.653,4.69844
57,59,87.0057,0
57,60,101.139,0
57,64,122.54,0
57,83,52.4309,0
57,85,79.925,0
57,90,127.816,0
58,5,87.7838,0
58,21,152.977,0
58,29,165.061,0
58,39,107.056,0
58,41,129.437,0
58,45,153.584,0
58,51,209.508,14.5556
58,63,9.43398,0
58,69,214.639,7.50234
58,78,100.841,0
58,87,189.127,3.44927
58,88,187.323,0
59,2,134.737,0
59,4,155.048,0
59,12,216.213,2.90153
59,14,184.943,8.5685
59,24,223.897,0
59,34,76.2168,0
59,37,180.472,0
59,43,213.431,0
59,57,87.0057,0
59,60,186.818,0
59,64,115.802,0
59,83,72.0069,0
59,85,45.1885,0
59,90,213.413,0
60,1,106.827,0
60,2,115.918,7.27384
60,4,32.0156,0
60,9,100.305,0
60,12,307.885,9.96487
60,14,31.7629,2.57786
60,16,160.963,0
60,18,85.9069,0
60,23,183.306,0
60,24,155.013,0
60,25,196.306,0
60,26,75.5569,6.38712
60,34,123.976,0
60,38,236.25,8.5263
60,49,207.762,0
60,53,417.66,11.9195
60,55,57.2351,4.59843
60,57,101.139,0
60,59,186.818,0
60,61,394.737,15.1506
60,64,222.273,17.4122
60,70,166.964,0
60,73,368.194,13.2381
60,75,222.775,15.2226
60,76,331.588,10.3788
60,79,224.929,0
60,83,150.466,8.86371
60,85,179.011,0
60,90,26.6833,0
61,2,294.265,18.0164
61,4,402.815,11.2796
61,12,72.8804,6.252
61,14,385.77,7.19249
61,26,379.079,5.14536
61,53,441.823,0
61,60,394.737,15.1506
61,64,139.966,1.1657
61,68,321.07,21.1687
61,76,307.539,0
61,83,191.781,1.02532
61,86,200.449,0
61,90,414.8,11.9262
62,5,154.159,0
62,21,169.614,0
62,29,160.555,0
62,45,110.603,0
62,99,12.2066,0
63,5,97.0824,0
63,21,157.471,0
63,29,170,0
63,39,97.7446,0
63,41,120.669,0
63,45,160.901,0
63,51,204.451,14.2207
63,58,9.43398,0
63,69,205.749,7.44752
63,78,93.7443,0
63,87,179.702,3.44429
63,88,179.101,0
64,2,106,0
64,4,153.872,0.625411
64,12,104.637,0
64,14,189.829,14.58
64,26,311.93,21.6385
64,34,141.481,0
64,55,286.648,23.8565
64,57,122.54,0
64,59,115.802,0
64,60,222.273,17.4122
64,61,139.966,1.1657
64,83,71.1688,0
64,85,152.643,0
64,90,257.105,21.196
65,7,135.385,0
65,21,168.345,0
65,29,174.256,0
65,36,147.574,0
65,42,172.54,0
65,44,230.114,9.73711
65,47,123.556,0
65,51,194.149,8.53689
65,53,427.762,7.02224
65,56,80.7775,0
65,67,115.039,0
65,77,124.133,6.32835
65,81,280.07,22.0111
65,82,185.049,0.616774
65,91,288.373,6.99449
65,94,70.0928,0
66,68,107.703,0
66,74,59.4138,0
66,93,47.676,0
66,96,28.2312,0
67,7,50.01,0
67,21,183.897,0
67,29,180.014,0
67,36,176.465,0
67,42,163.218,0
67,47,22.8035,0
67,51,270.431,21.6043
67,56,60.3075,0
67,65,115.039,0
67,77,241.808,19.8752
67,82,150.128,2.41586
67,94,87.4586,0
68,36,180.801,0
68,42,172.026,0
68,61,321.07,21.1687
68,66,107.703,0
68,74,71.1196,0
68,82,196.751,0.543477
68,86,322.532,10.4389
68,93,100.404,0
68,96,115.261,0
69,8,420.305,0
69,10,282.708,0
69,13,404.776,0
69,17,270.237,0
69,19,410.395,0
69,22,292.329,0
69,27,358.134,0
69,31,344.354,0
69,33,371.769,0
69,39,140.407,9.45611
69,40,414.131,14.8821
69,41,84.3057,5.98457
69,58,214.639,7.50234
69,63,205.749,7.44752
69,72,368.75,13.1836
69,78,123.399,6.45949
69,80,267.545,2.08913
69,87,144.845,0
69,88,44.155,3.78227
69,89,265.217,0
69,97,162.099,0
69,98,221.69,0.562637
70,1,63.7887,0
70,4,191.463,0
70,9,111.759,0
70,10,275.446,22.8159
70,11,134.893,0
70,13,312.099,26.7214
70,14,196.654,2.74189
70,15,85.4927,0
70,16,57.9828,0
70,17,279.455,23.0555
70,18,110.041,0
70,19,148.565,2.35293
70,20,120.067,0
70,23,58.3095,0
70,24,165.469,0
70,25,161.941,0
70,26,221.2,18.3946
70,27,192.87,5.70774
70,28,167.075,0
70,30,138.521,0
70,31,205.937,12.9087
70,33,185.24,9.76727
70,38,68.352,0
70,48,175.14,0
70,49,109.252,0
70,55,147.848,8.45125
70,60,166.964,0
70,71,112.259,0
70,73,324.67,24.2084
70,75,63.2456,0
70,79,138.708,0
70,90,175.393,11.0959
70,92,158.808,0
70,95,114.127,0
71,1,175.114,0
71,8,221.044,9.39938
71,9,215.035,0
71,10,249.83,21.4304
71,11,159.154,0
71,15,26.9258,0
71,16,142.225,0
71,17,230.135,19.6018
71,18,217.313,0
71,19,138.149,2.8866
71,20,126.752,0
71,23,123.102,0
71,27,122.071,3.74023
71,28,97.6729,0
71,30,101.833,0
71,31,174.537,13.0426
71,32,205.183,0
71,33,169.192,10.8848
71,38,81.8413,0
71,40,128.062,0
71,46,195.387,0
71,48,157.201,0
71,49,153.708,0
71,52,209.571,0
71,54,166.817,0
71,70,112.259,0
71,75,120.108,0
71,79,176.664,0
71,84,158.483,0
71,89,240.158,19.9492
71,92,116.765,0
71,95,6.08276,0
72,3,43.9318,0
72,6,121.297,0
72,8,108.035,7.79099
72,17,412.569,9.50803
72,22,74.5638,6.37298
72,27,378.404,10.3823
72,32,123.328,9.86291
72,40,203.762,17.1334
72,46,157.307,12.349
72,50,123.713,0
72,52,121.606,0
72,54,218.328,16.1366
72,69,368.75,13.1836
72,80,66.1891,0
72,84,181.232,15.3249
72,88,317.677,24.3966
72,89,226.473,8.50424
72,97,427.003,10.1664
72,98,94.0479,0
73,1,310.3,25.0229
73,10,370.643,0
73,13,194.031,0
73,14,414.328,6.59676
73,17,415.74,0
73,19,318.904,0
73,26,301.264,0
73,31,374.422,0
73,33,334.054,0
73,38,288.146,22.8531
73,44,239.998,16.7508
73,53,108.167,0
73,55,339.706,0
73,60,368.194,13.2381
73,70,324.67,24.2084
73,75,265.062,14.3525
73,76,195.018,0
73,77,361.196,8.36922
73,81,209.23,9.46194
73,86,380.526,0
73,90,343.716,3.78703
73,91,250.072,0
73,97,447.303,0
74,66,59.4138,0
74,68,71.1196,0
74,93,86.0523,0
74,96,51.6236,0
75,1,104.752,0
75,4,214.033,0
75,9,160.73,0
75,10,224.372,18.9001
75,11,195.724,0
75,13,247.42,18.4764
75,14,259.12,19.2079
75,15,96.6075,0
75,16,120.739,0
75,17,232.838,19.7996
75,18,154.003,0
75,19,92.6396,2.49974
75,20,176.59,0
75,23,120.83,0
75,24,223.007,0
75,25,224.341,0
75,26,236.656,20.2717
75,27,161.027,8.27261
75,28,202.529,0
75,30,184.098,0
75,31,157.178,12.4745
75,33,131.149,9.44169
75,38,39.598,0
75,40,219.713,0
75,49,171.767,0
75,53,372.516,15.4054
75,55,169.718,11.6393
75,60,222.775,15.2226
75,70,63.2456,0
75,71,120.108,0
75,73,265.062,14.3525
75,76,412.366,13.4008
75,79,201.296,0
75,90,197.798,14.463
75,92,204.245,0
75,95,124.68,0
75,97,351.174,24.5553
76,2,369.144,4.03758
76,4,387.742,4.96397
76,12,266.124,7.50688
76,13,384.666,0
76,14,362.552,0
76,26,258.07,0
76,36,414.485,7.92649
76,44,342.623,16.4584
76,53,141.152,0
76,55,338.337,0
76,60,331.588,10.3788
76,61,307.539,0
76,73,195.018,0
76,75,412.366,13.4008
76,77,421.046,0
76,81,347.192,11.6136
76,86,197.626,0
76,90,316.241,4.87004
76,91,237.605,0
77,7,252.834,20.1817
77,13,286.608,23.6085
77,21,293.94,25.1796
77,29,300.409,25.4948
77,36,283.39,9.14426
77,39,293.925,24.6998
77,42,283.812,24.1935
77,44,114.082,3.1704
77,47,247.169,20.1143
77,51,179.889,0
77,53,309.613,0
77,56,195.939,16.8068
77,65,124.133,6.32835
77,67,241.808,19.8752
77,73,361.196,8.36922
77,76,421.046,0
77,81,165.151,14.0519
77,82,294.055,24.6045
77,91,185.925,0
77,94,195.505,16.6747
78,5,171.292,0
78,39,85.1469,0
78,41,46.6154,0
78,51,238.472,9.96477
78,58,100.841,0
78,63,93.7443,0
78,69,123.399,6.45949
78,80,304.028,25.9661
78,87,137.6,5.90341
78,88,90.2497,0
78,97,240.582,20.6279
78,98,256.003,21.3336
79,1,141.057,0
79,9,124.812,0
79,11,22.3607,0
79,15,163.637,0
79,16,86.6833,0
79,18,139.086,0
79,20,54.3323,0
79,23,80.4984,0
79,24,103.942,0
79,25,59.439,0
79,28,142.274,0
79,30,100.18,0
79,35,110.923,0
79,38,193.349,0
79,43,222.524,0
79,48,81.4002,0
79,49,29.5296,0
79,55,218.969,5.32276
79,60,224.929,0
79,70,138.708,0
79,71,176.664,0
79,75,201.296,0
79,90,221.84,0
79,92,107.201,0
79,95,173.22,0
80,3,151.258,12.7218
80,6,220.36,14.3062
80,8,201.634,1.76757
80,10,401.728,1.07985
80,17,359.777,1.05191
80,22,29.7202,1.4011
80,27,364.136,0.98944
80,31,419.493,1.01814
80,32,249.582,4.14945
80,40,270.847,14.9533
80,41,299.812,24.4388
80,46,295.922,18.6244
80,50,188.223,0
80,52,301.385,18.5583
80,54,336.553,27.7111
80,69,267.545,2.08913
80,72,66.1891,0
80,78,304.028,25.9661
80,84,284.632,19.9281
80,87,396.836,2.33366
80,88,230.825,13.7396
80,89,194.04,0.979796
80,97,343.365,1.30047
80,98,31.079,1.3427
81,10,274.243,18.7745
81,13,112.038,9.54867
81,17,320.227,20.1757
81,19,319.233,17.4773
81,31,325.843,19.4355
81,33,303.011,18.5021
81,39,169.074,0
81,41,217.892,0
81,44,52.6118,0
81,51,144.153,9.99378
81,53,206.094,10.413
81,65,280.07,22.0111
81,73,209.23,9.46194
81,76,347.192,11.6136
81,77,165.151,14.0519
81,87,163.836,4.65897
81,91,181.874,14.7428
81,97,257.01,21.0904
82,7,110.504,5.69731
82,36,96.0052,0
82,42,43.4166,0
82,47,133.631,4.6153
82,56,115.434,1.04866
82,65,185.049,0.616774
82,67,150.128,2.41586
82,68,196.751,0.543477
82,77,294.055,24.6045
82,93,197.219,3.85361
82,94,211.483,1.03648
83,2,66.9104,0
83,4,100.424,0
83,9,197.77,0
83,12,162.749,8.08864
83,14,137.62,11.1741
83,18,190.032,0
83,24,214.021,0
83,26,252.352,19.8727
83,34,70.6116,0
83,55,216.752,16.2564
83,57,52.4309,0
83,59,72.0069,0
83,60,150.466,8.86371
83,61,191.781,1.02532
83,64,71.1688,0
83,85,93.1075,0
83,90,196.594,15.319
84,3,128.478,10.9785
84,6,96.3846,0
84,8,86.8259,6.04102
84,15,184.954,0
84,17,301.192,25.5262
84,22,256.184,18.2117
84,27,167.169,4.75373
84,28,172.2,0
84,30,210.012,0
84,31,267.032,21.4446
84,32,55.9732,0
84,33,290.747,23.5384
84,38,225.222,0
84,40,54.231,0
84,46,38.0132,0
84,50,165.13,0
84,52,52.4309,0
84,54,50.9215,0
84,71,158.483,0
84,72,181.232,15.3249
84,80,284.632,19.9281
84,89,199.773,16.9738
84,92,209.802,0
84,95,157.493,0
84,98,335.539,20.5322
85,0,199.218,0
85,2,141.534,0
85,4,147.33,0
85,9,202.805,0
85,14,179.542,8.02279
85,18,202.299,0
85,24,186.118,0
85,26,295.536,24.2032
85,34,55.3624,0
85,37,138.058,0
85,43,169.248,0
85,55,228.643,4.49679
85,57,79.925,0
85,59,45.1885,0
85,60,179.011,0
85,64,152.643,0
85,83,93.1075,0
85,90,205.409,0
86,12,249.303,0
86,26,407.774,0
86,36,316.038,4.04601
86,42,345.461,21.5917
86,53,292.746,0
86,61,200.449,0
86,68,322.532,10.4389
86,73,380.526,0
86,76,197.626,0
86,91,276.061,4.65137
87,10,229.73,0
87,13,282.857,0
87,17,243.606,0
87,19,352.778,0
87,22,416.293,0
87,27,357.2,0
87,31,304.539,0
87,33,316.834,0
87,39,83.5915,2.98159
87,41,93.8142,6.0013
87,44,196.196,3.68996
87,51,203.136,10.4018
87,58,189.127,3.44927
87,63,179.702,3.44429
87,69,144.845,0
87,78,137.6,5.90341
87,80,396.836,2.33366
87,81,163.836,4.65897
87,88,155.809,11.156
87,89,332.866,0
87,97,117.745,0
87,98,357.294,0.635739
88,8,423.345,7.95331
88,10,327.308,7.57373
88,17,313.487,7.47159
88,22,268.891,10.7363
88,27,396.363,7.61934
88,31,388.045,7.57247
88,33,415.766,7.85634
88,39,121.314,0
88,41,61.6117,0
88,58,187.323,0
88,63,179.101,0
88,69,44.155,3.78227
88,72,317.677,24.3966
88,78,90.2497,0
88,80,230.825,13.7396
88,87,155.809,11.156
88,89,288.828,6.79148
88,97,206.328,7.30418
88,98,179.149,11.9433
89,3,249.176,0.613704
89,6,326.69,22.5803
89,8,188.86,0
89,10,235.032,0
89,13,435.587,0
89,15,260.129,21.5538
89,17,187.446,0
89,19,304.217,0
89,22,180.854,0
89,27,170.106,0
89,31,233.735,0
89,32,242.429,3.48545
89,33,275.768,0
89,38,286.295,24.4697
89,40,148.882,10.8915
89,41,350.647,19.1799
89,46,235.686,19.8636
89,52,254.322,21.1057
89,54,248.024,20.6403
89,69,265.217,0
89,71,240.158,19.9492
89,72,226.473,8.50424
89,80,194.04,0.979796
89,84,199.773,16.9738
89,87,332.866,0
89,88,288.828,6.79148
89,95,243.535,20.0909
89,97,231.603,0
89,98,206.649,0
90,1,107.865,6.42051
90,2,139.535,11.3167
90,4,58.6941,0
90,9,100.404,0
90,12,329.307,7.59503
90,14,57.0475,3.34973
90,16,155.117,2.27681
90,18,84.5931,0
90,23,180.237,4.05075
90,24,163.417,0
90,25,200.04,0
90,26,56.8653,3.94234
90,34,150.233,0
90,38,234.652,15.9353
90,49,201.854,0
90,53,395.37,4.07829
90,55,32.0308,2.54213
90,57,127.816,0
90,59,213.413,0
90,60,26.6833,0
90,61,414.8,11.9262
90,64,257.105,21.196
90,70,175.393,11.0959
90,73,343.716,3.78703
90,75,197.798,14.463
90,76,316.241,4.87004
90,79,221.84,0
90,83,196.594,15.319
90,85,205.409,0
91,13,341.303,0
91,36,265.711,5.83509
91,42,318.684,22.3322
91,44,146.842,11.4636
91,51,343.628,0
91,53,151.01,0
91,56,312.841,23.0089
91,65,288.373,6.99449
91,73,250.072,0
91,76,237.605,0
91,77,185.925,0
91,81,181.874,14.7428
91,86,276.061,4.65137
91,94,359.389,26.0496
92,1,198.879,0
92,9,209.69,0
92,11,84.8999,0
92,15,121.297,0
92,16,141.032,0
92,18,219.911,0
92,20,59.3633,0
92,23,119.281,0
92,24,209.093,0
92,25,166.628,0
92,28,37.6563,0
92,30,20.3961,0
92,35,205.183,0
92,38,176.918,0
92,40,208.062,0
92,48,45.2769,0
92,49,103.942,0
92,54,187.003,0
92,70,158.808,0
92,71,116.765,0
92,75,204.245,0
92,79,107.201,0
92,84,209.802,0
92,95,111.018,0
93,36,222.284,0
93,42,187.878,0
93,66,47.676,0
93,68,100.404,0
93,74,86.0523,0
93,82,197.219,3.85361
93,96,75.4321,0
94,7,130,0
94,21,112.361,0
94,29,114.158,0
94,36,201.884,0
94,42,211.946,0
94,44,290.992,22.0759
94,45,169.425,0
94,47,106.794,0
94,51,180.961,15.5079
94,56,96.5401,0
94,65,70.0928,0
94,67,87.4586,0
94,77,195.505,16.6747
94,82,211.483,1.03648
94,91,359.389,26.0496
95,1,176.477,0
95,8,222.011,9.40345
95,9,215.139,0
95,10,256.515,21.99
95,11,155.309,0
95,15,29.7321,0
95,16,141.693,0
95,17,236.417,20.0705
95,18,217.862,0
95,19,144.229,2.89327
95,20,122.642,0
95,23,122.004,0
95,25,223.652,0
95,27,127.065,3.67075
95,28,91.5915,0
95,30,96.4002,0
95,31,180.328,13.1816
95,32,205.205,0
95,33,175.232,10.9806
95,38,86.8159,0
95,40,129.016,0
95,46,194.064,0
95,48,151.819,0
95,49,150.867,0
95,52,208.166,0
95,54,164.027,0
95,70,114.127,0
95,71,6.08276,0
95,75,124.68,0
95,79,173.22,0
95,84,157.493,0
95,89,243.535,20.0909
95,92,111.018,0
96,66,28.2312,0
96,68,115.261,0
96,74,51.6236,0
96,93,75.4321,0
97,8,419.49,0
97,10,125.539,0
97,13,255.625,0
97,17,128.406,0
97,19,254.283,0
97,22,352.21,0
97,27,239.733,0
97,31,195.673,0
97,33,216.093,0
97,38,332.618,23.7707
97,39,201.738,16.9741
97,40,351,16.8071
97,41,193.955,15.451
97,44,301.856,25.8936
97,51,314.188,26.9207
97,69,162.099,0
97,72,427.003,10.1664
97,73,447.303,0
97,75,351.174,24.5553
97,78,240.582,20.6279
97,80,343.365,1.30047
97,81,257.01,21.0904
97,87,117.745,0
97,88,206.328,7.30418
97,89,231.603,0
97,98,315.683,0
98,3,226.604,12.2167
98,6,271.529,21.2261
98,8,255.069,0
98,10,388.731,0
98,17,350.657,0
98,22,85.7994,0.504558
98,27,372.848,0
98,31,416.125,0
98,32,306.914,2.10132
98,40,312.455,14.0662
98,41,240.836,20.652
98,46,349.634,19.3819
98,50,214.979,0
98,52,359.164,18.5847
98,69,221.69,0.562637
98,72,94.0479,0
98,78,256.003,21.3336
98,80,31.079,1.3427
98,84,335.539,20.5322
98,87,357.294,0.635739
98,88,179.149,11.9433
98,89,206.649,0
98,97,315.683,0
99,5,164.596,0
99,21,180.854,0
99,29,171.432,0
99,45,122.287,0
99,62,12.2066,0
