0,2,210.545,0
0,34,117.953,0
0,50,88.955,0
0,73,155.184,0
0,83,278.397,11.8028
0,94,75.1066,0
1,3,235.835,0
1,4,238.665,0
1,8,193.992,0
1,9,205.473,2.46656
1,12,242.33,0
1,13,358.1,11.351
1,17,193.166,0
1,19,58.709,4.6365
1,20,97.1279,7.88285
1,24,148.661,0
1,37,241.481,0
1,38,246.97,0
1,48,220.03,18.5159
1,49,201.576,12.3084
1,54,250.131,10.6234
1,55,170.751,0
1,65,47.6733,2.66119
1,68,399.995,14.7597
1,70,153.399,9.88164
1,84,177.054,0
1,87,366.969,19.2439
1,91,181.728,0
2,0,210.545,0
2,4,322.549,27.3317
2,8,283.525,24.0728
2,10,81.6153,5.11024
2,15,186.07,13.2085
2,18,105.626,1.52069
2,24,363.133,30.5911
2,29,275.214,18.6702
2,34,93.6483,0
2,37,315.534,26.5277
2,50,123.045,0
2,58,302.65,25.3424
2,73,69.2604,0
2,74,205.038,16.6999
2,83,78.2752,5.10929
2,91,288.929,24.7462
2,93,301.816,25.6454
2,94,137.244,0
3,1,235.835,0
3,4,174.657,0
3,12,49.7393,0
3,24,211.929,0
3,29,170.532,0
3,37,181.728,0
3,38,13.4164,0
3,48,404.246,25.442
3,84,79.1581,0
3,89,23.7065,0
4,1,238.665,0
4,2,322.549,27.3317
4,3,174.657,0
4,8,172.105,0
4,10,251.563,21.5679
4,12,130.004,0
4,15,180.665,14.2156
4,18,259.391,21.8031
4,24,109.238,0
4,29,37.3363,0
4,37,7.07107,0
4,38,185.874,0
4,55,218.442,0
4,74,158.094,7.6851
4,83,255.56,21.9209
4,84,117.835,0
4,89,184.024,0
4,91,123.976,0
5,39,150.791,0
5,42,154.742,0
5,45,223.987,0
5,52,53.4135,0
5,63,174.771,0
5,76,156,0
5,78,149.656,0
5,81,106.513,0
5,82,187.771,0
5,86,57.4891,0
6,14,217.816,0
6,27,105.225,5.79659
6,28,197.117,7.03835
6,31,338.15,12.7456
6,32,243.233,20.6257
6,33,129.522,0
6,35,185.699,0
6,40,247.111,0
6,46,18.4391,0
6,56,136.642,11.2883
6,57,129.928,6.65314
6,59,232.723,0
6,60,227.429,18.7148
6,67,279.789,19.8117
6,71,371.926,27.1209
6,75,393.718,27.6213
6,77,402.545,29.4905
6,87,435.697,0
6,92,254.036,8.7937
6,95,381.216,19.4555
6,96,384.149,29.9896
6,97,330.278,16.5691
7,16,108.407,0
7,21,137.361,0
7,22,117.796,0
7,26,64.846,0
7,36,93.5094,0
7,45,196.128,0
7,47,57.6888,0
7,62,104.293,0
7,63,248.622,0
7,66,114.529,0
7,69,156.263,0
7,85,106.381,0
7,90,209.335,0
7,99,135.148,0
8,1,193.992,0
8,2,283.525,24.0728
8,4,172.105,0
8,9,134.55,1.50454
8,10,217.947,18.279
8,15,100,0
8,17,107.935,0
8,18,113.812,1.35325
8,19,258.571,10.4898
8,20,164.558,2.46964
8,24,90.1388,0
8,29,207.851,0
8,37,168.6,0
8,41,145.041,0
8,49,244.956,18.9203
8,55,57.0351,0
8,58,191.955,15.528
8,65,242.345,4.62288
8,73,259.277,11.4199
8,74,78.5875,0
8,83,225.843,19.2976
8,84,222.991,0
8,87,226.223,17.4312
8,91,49.8197,0
8,93,185.966,14.212
9,1,205.473,2.46656
9,8,134.55,1.50454
9,14,311.082,0
9,15,228.009,1.96436
9,17,26.6073,1.33481
9,18,248.101,14.5797
9,19,431.28,6.12334
9,20,170.046,13.9883
9,24,196.098,1.23292
9,25,243.154,8.89719
9,28,331.789,28.079
9,35,337.099,0
9,41,90.2656,6.72352
9,49,240.033,0
9,54,417.785,0
9,55,81.1687,1.57579
9,57,353.562,29.3429
9,58,180.941,9.86919
9,59,291.204,0
9,65,398.016,18.8348
9,70,474.455,0
9,74,208.25,1.96314
9,87,98.5089,0
9,91,176.597,1.6043
9,92,302.076,22.5646
9,93,160.24,7.78947
10,2,81.6153,5.11024
10,4,251.563,21.5679
10,8,217.947,18.279
10,15,106.834,7.76855
10,18,98.4041,8.27641
10,24,276.055,23.6652
10,29,268.909,23.0149
10,34,164.438,11.2518
10,37,244.498,20.973
10,50,193.349,11.6982
10,55,284.802,23.4787
10,58,224.725,16.0888
10,73,144.835,12.4246
10,74,126.201,10.7465
10,83,4,0
10,91,213.107,17.8331
10,93,239.765,16.1823
10,94,208.966,11.2897
11,13,218.021,18.007
11,23,177.496,0
11,30,111.647,0
11,43,172.202,3.35545
11,51,71.7844,0
11,53,145.413,0
11,54,358.821,29.3678
11,64,78.0897,0
11,68,137.318,3.34215
11,70,386.271,30.2661
11,72,112.588,0
11,75,236.375,11.943
11,77,189.169,0
11,79,182.003,0
11,80,36.6742,0
11,88,153.395,0
11,98,240.635,0
12,1,242.33,0
12,3,49.7393,0
12,4,130.004,0
12,24,186.462,0
12,29,121.84,0
12,37,137,0
12,38,58.1893,0
12,84,66.2118,0
12,89,54.1479,0
12,91,224.537,0
13,1,358.1,11.351
13,11,218.021,18.007
13,19,302.166,0
13,20,378.671,0
13,23,293.095,21.6235
13,30,267.844,19.3157
13,31,273.18,22.6472
13,43,158.529,13.5936
13,48,419.49,0
13,49,322.552,0
13,51,194.449,16.2896
13,53,297.752,20.5472
13,54,141.676,0
13,64,157.582,13.4303
13,65,314.102,0
13,68,208.787,0
13,70,210.152,0
13,72,142.097,10.6218
13,75,219.368,16.8375
13,77,183.903,15.3253
13,80,186.556,15.9293
13,87,495.516,0
13,88,252.212,20.1862
13,95,274.326,19.2019
13,98,282.334,18.5122
14,6,217.816,0
14,9,311.082,0
14,17,337.69,9.06355
14,20,448.415,0
14,27,319.466,24.1246
14,28,245.669,20.3231
14,31,321.509,15.3223
14,32,259.165,21.3886
14,33,218.586,0
14,35,43.0813,0
14,40,381.035,0
14,41,316.565,15.1651
14,43,404.753,26.9835
14,46,235.321,0
14,49,353.638,0
14,54,435.821,0
14,55,389.564,25.3911
14,56,271.773,14.8755
14,57,201.793,16.9332
14,59,27.7849,0
14,60,367.615,18.3911
14,67,302.566,22.558
14,75,375.993,28.7868
14,77,372.879,27.1236
14,87,219.572,0
14,92,281.587,22.1314
14,95,401.113,25.5529
14,97,448.718,6.60117
15,2,186.07,13.2085
15,4,180.665,14.2156
15,8,100,0
15,9,228.009,1.96436
15,10,106.834,7.76855
15,17,201.022,0
15,18,79.949,6.37617
15,24,156.634,9.63836
15,29,204.897,14.9099
15,34,238.732,16.8275
15,37,175.51,14.2128
15,41,234.254,9.12259
15,50,264.781,16.7931
15,55,155.913,0
15,58,166.172,0
15,73,196.365,14.6796
15,74,21.5407,0
15,83,108.974,7.92418
15,84,272.053,14.2674
15,91,98.9219,2.62017
15,93,195.728,8.1937
15,94,288.414,18.152
16,7,108.407,0
16,21,226.566,0
16,22,185.311,0
16,26,116.211,0
16,36,164.195,0
16,44,232.964,0
16,45,125.801,0
16,47,143.694,0
16,62,128.876,0
16,63,148.03,0
16,66,102.416,0
16,69,101.637,0
16,78,176.082,0
16,85,46.5725,0
16,90,228.213,0
16,99,240.027,0
17,1,193.166,0
17,8,107.935,0
17,9,26.6073,1.33481
17,14,337.69,9.06355
17,15,201.022,0
17,18,204.634,5.82824
17,19,337.391,27.2322
17,20,152.951,10.697
17,24,172.467,0
17,25,224.629,0
17,35,365.06,8.51257
17,41,74.0068,0
17,49,212.46,13.8766
17,54,396.303,15.845
17,55,55.0727,0
17,58,169.211,9.32629
17,59,318.484,8.7066
17,65,311.025,26.6806
17,70,396.168,26.8155
17,74,181.069,0
17,87,121,7.82639
17,91,150.306,0
17,93,146.427,5.70024
18,2,105.626,1.52069
18,4,259.391,21.8031
18,8,113.812,1.35325
18,9,248.101,14.5797
18,10,98.4041,8.27641
18,15,79.949,6.37617
18,17,204.634,5.82824
18,24,186.122,6.72853
18,25,290.003,21.5693
18,29,277.384,21.7753
18,34,192.406,11.6343
18,37,255.382,21.7327
18,41,268.861,23.0223
18,50,216.25,11.3117
18,55,158.146,0
18,58,142.908,8.56151
18,73,149.985,10.5158
18,74,78.1918,6.64789
18,83,97.178,8.23478
18,91,138.951,5.83955
18,93,159.219,9.47732
18,94,242.003,12.1962
19,1,58.709,4.6365
19,8,258.571,10.4898
19,9,431.28,6.12334
19,13,302.166,0
19,17,337.391,27.2322
19,20,187.297,0
19,24,207.556,6.11795
19,48,275.049,0
19,49,237.857,0
19,54,213.242,0
19,55,240.425,14.4096
19,65,12.1655,0
19,68,344.209,0
19,70,93.7443,0
19,72,442.989,15.3229
19,84,221.803,4.78033
19,87,441.679,0
19,91,241.409,6.96794
20,1,97.1279,7.88285
20,8,164.558,2.46964
20,9,170.046,13.9883
20,13,378.671,0
20,14,448.415,0
20,17,152.951,10.697
20,19,187.297,0
20,24,156.57,1.95448
20,35,488.643,0
20,41,228.043,12.4331
20,48,435.004,11.1414
20,49,108.849,0
20,54,240.682,0
20,55,128.231,4.4821
20,59,442.764,0
20,65,188.266,0
20,68,495.685,0
20,70,233.692,0
20,74,238.234,2.27798
20,84,233.313,2.24163
20,87,268.924,0
20,91,171.426,2.08788
21,7,137.361,0
21,16,226.566,0
21,22,56.6392,0
21,26,112.379,0
21,36,66.4831,0
21,47,84.214,0
21,62,123.309,0
21,66,161.941,0
21,69,214.723,0
21,85,239.76,0
21,90,156.732,0
21,99,62.0081,0
22,7,117.796,0
22,16,185.311,0
22,21,56.6392,0
22,26,69.6348,0
22,36,24.4131,0
22,47,60.8276,0
22,62,68.7095,0
22,66,107.912,0
22,69,159.656,0
22,85,207.135,0
22,90,113,0
22,99,108.853,0
23,11,177.496,0
23,13,293.095,21.6235
23,30,75.3923,0
23,31,171.406,0
23,40,280.423,17.9558
23,43,137.361,0
23,44,162.388,0
23,51,116.97,0
23,53,58.1378,0
23,62,248.767,0
23,64,145.839,0
23,66,233,0
23,69,204.362,0
23,71,123.794,0
23,72,158.032,4.25414
23,75,114.63,0
23,77,131.529,0
23,79,27.0185,0
23,80,159.505,0
23,88,41.0488,0
23,90,187.523,0
23,95,127.389,0
23,96,154.496,0
23,97,168.514,0
23,98,92.1954,0
24,1,148.661,0
24,2,363.133,30.5911
24,3,211.929,0
24,4,109.238,0
24,8,90.1388,0
24,9,196.098,1.23292
24,10,276.055,23.6652
24,12,186.462,0
24,15,156.634,9.63836
24,17,172.467,0
24,18,186.122,6.72853
24,19,207.556,6.11795
24,20,156.57,1.95448
24,29,146.25,0
24,37,109.037,0
24,38,225.322,0
24,41,227.846,0
24,49,261.114,20.7233
24,55,118.794,0
24,58,284.909,19.1361
24,65,196.046,2.92904
24,70,305.892,24.1657
24,74,116.778,0
24,83,276.042,23.6221
24,84,132.966,0
24,87,288.027,21.1924
24,89,230.764,0
24,91,47.1699,0
24,93,275.163,15.7988
25,9,243.154,8.89719
25,17,224.629,0
25,18,290.003,21.5693
25,28,166.027,0
25,32,209.289,0
25,41,151.608,0
25,55,250.88,0
25,57,219.764,0
25,58,116.846,0
25,61,74.0608,0
25,67,168.867,0
25,73,246.678,0
25,87,318.388,25.8564
25,92,113.137,0
25,93,125.353,5.65232
26,7,64.846,0
26,16,116.211,0
26,21,112.379,0
26,22,69.6348,0
26,36,48.0104,0
26,45,231.976,0
26,47,38.9487,0
26,62,40.1995,0
26,66,62.434,0
26,69,114.11,0
26,85,138.159,0
26,90,144.941,0
26,99,139.807,0
27,6,105.225,5.79659
27,14,319.466,24.1246
27,28,314.381,26.8232
27,31,402.43,25.5058
27,32,288.712,22.3238
27,33,234.07,11.0081
27,35,276.92,22.8716
27,40,154.895,8.6015
27,46,86.3088,1.74298
27,56,188.368,15.6524
27,57,202.759,16.0127
27,59,324.13,25.4017
27,60,228.059,17.5727
27,67,344.598,29.5174
27,71,251.758,2.0292
27,82,216.633,0
27,95,330.992,27.7671
27,96,240.651,0
27,97,215.649,6.23438
28,6,197.117,7.03835
28,9,331.789,28.079
28,14,245.669,20.3231
28,25,166.027,0
28,27,314.381,26.8232
28,32,45.2217,0
28,33,347.191,29.6079
28,35,210.354,15.8664
28,41,200.898,0
28,46,194.709,6.17781
28,56,123.859,10.4536
28,57,67.1789,0
28,58,248.364,2.14898
28,59,227.106,18.0243
28,60,93.7443,0
28,61,114.237,0
28,67,57.3149,0
28,87,328.239,28.1388
28,92,57.2451,0
28,93,243.091,6.81751
29,2,275.214,18.6702
29,3,170.532,0
29,4,37.3363,0
29,8,207.851,0
29,10,268.909,23.0149
29,12,121.84,0
29,15,204.897,14.9099
29,18,277.384,21.7753
29,24,146.25,0
29,37,39.4462,0
29,38,179.981,0
29,74,195.263,11.1212
29,83,272.898,23.3817
29,84,129.449,0
29,89,175.171,0
29,91,160.524,0
30,11,111.647,0
30,13,267.844,19.3157
30,23,75.3923,0
30,31,215.87,0
30,43,149.933,0
30,44,237.693,0
30,51,73.8241,0
30,53,34.176,0
30,64,110.82,0
30,68,245.608,7.97495
30,71,193.507,0
30,72,131.183,0
30,75,158.24,0
30,77,165.855,3.44166
30,79,72.1803,0
30,80,105.119,0
30,88,73.1642,0
30,90,188.566,0
30,95,189.061,0
30,96,229.401,0
30,97,236.002,0
30,98,160.2,0
31,6,338.15,12.7456
31,13,273.18,22.6472
31,14,321.509,15.3223
31,23,171.406,0
31,27,402.43,25.5058
31,30,215.87,0
31,33,208.938,11.346
31,35,342.881,14.6959
31,40,176.348,14.7866
31,43,91.7824,0
31,44,183.984,0
31,46,350.092,12.7555
31,49,415.1,20.2511
31,51,210.507,10.1099
31,53,220.273,0
31,54,323.86,22.0161
31,59,349.169,15.4237
31,64,179.48,0
31,71,100.125,0
31,72,148.933,0
31,75,58.3095,0
31,77,66.0303,0
31,79,198.116,0
31,80,224.674,2.45027
31,87,449.199,19.067
31,88,145.619,0
31,95,66.7533,0
31,96,152.594,0
31,97,93.1075,0
31,98,101.39,0
32,6,243.233,20.6257
32,14,259.165,21.3886
32,25,209.289,0
32,27,288.712,22.3238
32,28,45.2217,0
32,33,372.305,26.5122
32,35,224.004,17.4548
32,41,241.58,0
32,46,232.493,19.9346
32,56,110.288,6.29781
32,57,61.2046,0
32,59,242.215,18.9416
32,60,49.163,0
32,61,151.212,0
32,67,65.192,0
32,92,97.1288,0
33,6,129.522,0
33,14,218.586,0
33,27,234.07,11.0081
33,28,347.191,29.6079
33,31,208.938,11.346
33,32,372.305,26.5122
33,35,209.619,0
33,40,163.169,0
33,43,297.014,25.4603
33,44,303.735,25.5126
33,46,141.152,0
33,49,504.357,0
33,56,269.996,19.78
33,57,275.505,20.8293
33,59,243.852,0
33,60,357.056,23.9631
33,71,282.209,19.7408
33,75,263.967,21.9072
33,77,274.303,23.0852
33,87,428.224,0
33,95,252.997,17.7512
33,96,262.62,21.9772
33,97,222.521,14.2241
33,98,296.015,24.0526
34,0,117.953,0
34,2,93.6483,0
34,10,164.438,11.2518
34,15,238.732,16.8275
34,18,192.406,11.6343
34,50,29.4279,0
34,58,264.328,18.5462
34,73,41.8688,0
34,74,251.494,15.9102
34,83,159.42,10.275
34,93,283.683,18.9603
34,94,49.5782,0
35,6,185.699,0
35,9,337.099,0
35,14,43.0813,0
35,17,365.06,8.51257
35,20,488.643,0
35,27,276.92,22.8716
35,28,210.354,15.8664
35,31,342.881,14.6959
35,32,224.004,17.4548
35,33,209.619,0
35,40,372.543,0
35,41,321.234,16.7457
35,46,202.267,0
35,49,395.54,0
35,54,478.351,0
35,55,416.63,26.2006
35,56,228.91,14.028
35,57,165.1,14.139
35,59,47.7074,0
35,60,324.973,17.7206
35,67,266.69,17.0908
35,75,398.903,29.369
35,77,395.636,28.4177
35,87,250.48,0
35,92,249.04,17.0701
35,95,419.334,24.4438
35,97,451.639,6.37995
36,7,93.5094,0
36,16,164.195,0
36,21,66.4831,0
36,22,24.4131,0
36,26,48.0104,0
36,47,37.2022,0
36,62,58.7963,0
36,66,96.2549,0
36,69,149.513,0
36,85,183.807,0
36,90,128.565,0
36,99,106.607,0
37,1,241.481,0
37,2,315.534,26.5277
37,3,181.728,0
37,4,7.07107,0
37,8,168.6,0
37,10,244.498,20.973
37,12,137,0
37,15,175.51,14.2128
37,18,255.382,21.7327
37,24,109.037,0
37,29,39.4462,0
37,38,192.938,0
37,55,216.021,0
37,74,153.531,8.12802
37,83,248.495,21.3068
37,84,124.423,0
37,89,191.042,0
37,91,121.078,0
38,1,246.97,0
38,3,13.4164,0
38,4,185.874,0
38,12,58.1893,0
38,24,225.322,0
38,29,179.981,0
38,37,192.938,0
38,48,416.609,24.6393
38,84,92.5743,0
38,89,15.0333,0
39,5,150.791,0
39,42,93.2148,0
39,44,224.664,0
39,45,241.23,0
39,52,203.118,0
39,63,152.043,0
39,76,7.61577,0
39,78,173.773,0
39,81,92.1141,0
39,82,94.3398,0
39,86,95.1893,0
39,96,240.227,0
40,6,247.111,0
40,14,381.035,0
40,23,280.423,17.9558
40,27,154.895,8.6015
40,31,176.348,14.7866
40,33,163.169,0
40,35,372.543,0
40,43,262.287,20.2129
40,44,153.21,2.33429
40,46,247.524,0
40,56,359.739,26.0689
40,57,369.663,29.3984
40,59,406.753,0
40,71,144.125,11.0351
40,75,214.051,18.2802
40,77,234.504,19.1359
40,88,288.468,22.1412
40,95,172.247,13.9485
40,96,130.486,4.30172
40,97,97.6964,8.37901
40,98,184.203,14.4768
41,8,145.041,0
41,9,90.2656,6.72352
41,14,316.565,15.1651
41,15,234.254,9.12259
41,17,74.0068,0
41,18,268.861,23.0223
41,20,228.043,12.4331
41,24,227.846,0
41,25,151.608,0
41,28,200.898,0
41,32,241.58,0
41,35,321.234,16.7457
41,49,332.861,18.8595
41,55,112.259,0
41,56,281.998,14.1159
41,57,210.706,0
41,58,97.1288,0
41,59,288.515,15.3012
41,61,193.83,0
41,67,242.143,0
41,74,198.406,0
41,87,169.073,11.686
41,91,194.456,0
41,92,185.151,0
41,93,91.9005,5.47027
42,5,154.742,0
42,39,93.2148,0
42,52,194.041,0
42,63,234.61,0
42,76,89.3588,0
42,78,243.393,0
42,81,48.3735,0
42,82,37,0
42,86,104.785,0
43,11,172.202,3.35545
43,13,158.529,13.5936
43,14,404.753,26.9835
43,23,137.361,0
43,30,149.933,0
43,31,91.7824,0
43,33,297.014,25.4603
43,40,262.287,20.2129
43,44,228.653,0
43,49,415.036,16.1751
43,51,101.833,0
43,53,166.469,0
43,54,265.048,16.8566
43,64,88.1419,0
43,68,262.926,22.4501
43,70,365.268,22.3715
43,71,145.427,0
43,72,57.28,0
43,75,62.482,0
43,77,28.8444,0
43,79,162.585,0
43,80,129.004,0
43,88,97.8621,0
43,95,116,0
43,96,202.744,0
43,97,164.295,0
43,98,123.483,0
44,16,232.964,0
44,23,162.388,0
44,30,237.693,0
44,31,183.984,0
44,33,303.735,25.5126
44,39,224.664,0
44,40,153.21,2.33429
44,43,228.653,0
44,53,215.058,0
44,63,236.425,0
44,66,220.239,0
44,69,167.887,0
44,71,86.4002,0
44,75,167.839,0
44,76,223.786,0
44,77,203.593,0
44,79,170.88,0
44,88,182.003,0
44,95,120.54,0
44,96,32.1403,0
44,97,99.8248,0
44,98,105.688,0
45,5,223.987,0
45,7,196.128,0
45,16,125.801,0
45,26,231.976,0
45,39,241.23,0
45,47,248.713,0
45,52,252.05,0
45,62,252.438,0
45,63,91.0659,0
45,66,228.213,0
45,69,219.973,0
45,76,248.52,0
45,78,77.3886,0
45,85,93.9202,0
45,86,230.315,0
46,6,18.4391,0
46,14,235.321,0
46,27,86.3088,1.74298
46,28,194.709,6.17781
46,31,350.092,12.7555
46,32,232.493,19.9346
46,33,141.152,0
46,35,202.267,0
46,40,247.524,0
46,56,124.4,9.22658
46,57,120.834,3.06366
46,59,249.552,0
46,60,217.267,18.1056
46,67,278.202,19.8462
46,71,383.696,26.306
46,75,404.896,27.8454
46,87,452.588,0
46,92,240.373,2.4259
46,95,389.31,19.284
46,96,371.37,30.5734
46,97,336.615,15.8092
47,7,57.6888,0
47,16,143.694,0
47,21,84.214,0
47,22,60.8276,0
47,26,38.9487,0
47,36,37.2022,0
47,45,248.713,0
47,62,72.4224,0
47,66,101.02,0
47,69,153.056,0
47,85,155.708,0
47,90,162.521,0
47,99,101.789,0
48,1,220.03,18.5159
48,3,404.246,25.442
48,13,419.49,0
48,19,275.049,0
48,20,435.004,11.1414
48,38,416.609,24.6393
48,54,420.195,0
48,65,272.265,0
48,68,297.705,0
48,70,281.055,0
48,84,298.28,23.6954
49,1,201.576,12.3084
49,8,244.956,18.9203
49,9,240.033,0
49,13,322.552,0
49,14,353.638,0
49,17,212.46,13.8766
49,19,237.857,0
49,20,108.849,0
49,24,261.114,20.7233
49,31,415.1,20.2511
49,33,504.357,0
49,35,395.54,0
49,41,332.861,18.8595
49,43,415.036,16.1751
49,54,181.813,0
49,55,194.894,16.5786
49,59,351.932,0
49,65,244.008,0
49,68,478.481,0
49,70,242.297,0
49,72,417.34,21.3423
49,77,403.789,24.3127
49,87,210.01,0
49,91,265.051,20.098
50,0,88.955,0
50,2,123.045,0
50,10,193.349,11.6982
50,15,264.781,16.7931
50,18,216.25,11.3117
50,34,29.4279,0
50,58,265.838,14.9721
50,73,67.1193,0
50,74,287.094,18.9235
50,83,190.421,11.3346
50,93,281.656,13.9515
50,94,29.1204,0
51,11,71.7844,0
51,13,194.449,16.2896
51,23,116.97,0
51,30,73.8241,0
51,31,210.507,10.1099
51,43,101.833,0
51,53,105.005,0
51,54,331.871,26.2532
51,64,37.108,0
51,68,189.488,12.0231
51,70,392.942,29.2899
51,71,201.725,0
51,72,63.0317,0
51,75,139.058,0.500157
51,77,140.064,7.7198
51,79,129.027,0
51,80,43.8634,0
51,88,85.5628,0
51,95,184.765,0
51,96,250.45,0
51,97,236.239,0
51,98,169.594,0
52,5,53.4135,0
52,39,203.118,0
52,42,194.041,0
52,45,252.05,0
52,63,217.61,0
52,76,207.954,0
52,78,184.141,0
52,81,146.342,0
52,82,229.558,0
52,86,108.259,0
53,11,145.413,0
53,13,297.752,20.5472
53,23,58.1378,0
53,30,34.176,0
53,31,220.273,0
53,43,166.469,0
53,44,215.058,0
53,51,105.005,0
53,62,242.909,0
53,64,141.227,0
53,66,236.231,0
53,69,220.036,0
53,71,181.893,0
53,72,162.611,2.50417
53,75,161.988,0
53,77,178.191,4.03051
53,79,44.3847,0
53,80,138.975,0
53,88,75,0
53,90,159.891,0
53,95,183.521,0
53,96,210.602,0
53,97,226.418,0
53,98,149.933,0
54,1,250.131,10.6234
54,9,417.785,0
54,11,358.821,29.3678
54,13,141.676,0
54,14,435.821,0
54,17,396.303,15.845
54,19,213.242,0
54,20,240.682,0
54,31,323.86,22.0161
54,35,478.351,0
54,43,265.048,16.8566
54,48,420.195,0
54,49,181.813,0
54,51,331.871,26.2532
54,55,368.896,27.7127
54,59,445.224,0
54,64,296.041,19.553
54,65,225.078,0
54,68,308.519,0
54,70,145.671,0
54,72,271.406,13.0753
54,75,328.219,25.4436
54,77,295.151,18.5164
54,80,328.371,24.8076
54,87,368.098,0
54,88,347.215,29.6646
55,1,170.751,0
55,4,218.442,0
55,8,57.0351,0
55,9,81.1687,1.57579
55,10,284.802,23.4787
55,14,389.564,25.3911
55,15,155.913,0
55,17,55.0727,0
55,18,158.146,0
55,19,240.425,14.4096
55,20,128.231,4.4821
55,24,118.794,0
55,25,250.88,0
55,35,416.63,26.2006
55,37,216.021,0
55,41,112.259,0
55,49,194.894,16.5786
55,54,368.896,27.7127
55,58,180.103,11.359
55,59,369.816,25.0583
55,65,224.815,9.15852
55,70,349.551,29.3567
55,74,134.807,0
55,83,286.772,23.7423
55,84,246.349,0
55,87,171.175,14.6532
55,91,95.462,0
55,93,170.174,10.4016
56,6,136.642,11.2883
56,14,271.773,14.8755
56,27,188.368,15.6524
56,28,123.859,10.4536
56,32,110.288,6.29781
56,33,269.996,19.78
56,35,228.91,14.028
56,40,359.739,26.0689
56,41,281.998,14.1159
56,46,124.4,9.22658
56,57,69.9553,3.32302
56,59,270.213,14.0562
56,60,95.8569,3.75472
56,61,238.259,13.68
56,67,173.948,14.6705
56,87,388.724,28.3458
56,92,180.868,12.5886
57,6,129.928,6.65314
57,9,353.562,29.3429
57,14,201.793,16.9332
57,25,219.764,0
57,27,202.759,16.0127
57,28,67.1789,0
57,32,61.2046,0
57,33,275.505,20.8293
57,35,165.1,14.139
57,40,369.663,29.3984
57,41,210.706,0
57,46,120.834,3.06366
57,56,69.9553,3.32302
57,59,185.172,15.8814
57,60,135.248,7.85849
57,61,178.53,0
57,67,117.184,0
57,87,318.207,25.8619
57,92,121.491,0
58,2,302.65,25.3424
58,8,191.955,15.528
58,9,180.941,9.86919
58,10,224.725,16.0888
58,15,166.172,0
58,17,169.211,9.32629
58,18,142.908,8.56151
58,24,284.909,19.1361
58,25,116.846,0
58,28,248.364,2.14898
58,34,264.328,18.5462
58,41,97.1288,0
58,50,265.838,14.9721
58,55,180.103,11.359
58,61,186.172,0
58,73,241.734,20.2771
58,74,159.013,0
58,83,221.547,15.4098
58,87,258.172,21.0276
58,91,244.107,18.9502
58,92,208.558,1.2052
58,93,19.4165,0
59,6,232.723,0
59,9,291.204,0
59,14,27.7849,0
59,17,318.484,8.7066
59,20,442.764,0
59,27,324.13,25.4017
59,28,227.106,18.0243
59,31,349.169,15.4237
59,32,242.215,18.9416
59,33,243.852,0
59,35,47.7074,0
59,40,406.753,0
59,41,288.515,15.3012
59,46,249.552,0
59,49,351.932,0
59,54,445.224,0
59,55,369.816,25.0583
59,56,270.213,14.0562
59,57,185.172,15.8814
59,60,339.281,23.0234
59,67,284.348,19.7754
59,75,402.378,29.8855
59,77,400.092,27.6752
59,87,203.037,0
59,92,260.828,19.4671
59,93,371.232,29.5561
59,95,429.042,26.1461
59,97,476.208,6.64534
60,6,227.429,18.7148
60,14,367.615,18.3911
60,27,228.059,17.5727
60,28,93.7443,0
60,32,49.163,0
60,33,357.056,23.9631
60,35,324.973,17.7206
60,46,217.267,18.1056
60,56,95.8569,3.75472
60,57,135.248,7.85849
60,59,339.281,23.0234
60,61,206.916,3.87344
60,67,118.39,5.66693
60,92,146.003,0
61,25,74.0608,0
61,28,114.237,0
61,32,151.212,0
61,41,193.83,0
61,56,238.259,13.68
61,57,178.53,0
61,58,186.172,0
61,60,206.916,3.87344
61,67,99.7246,0
61,92,57.2451,0
61,93,191.293,6.12525
62,7,104.293,0
62,16,128.876,0
62,21,123.309,0
62,22,68.7095,0
62,23,248.767,0
62,26,40.1995,0
62,36,58.7963,0
62,45,252.438,0
62,47,72.4224,0
62,53,242.909,0
62,66,39.2173,0
62,69,91.4166,0
62,79,225.887,0
62,85,160.897,0
62,90,108.812,0
62,99,164.542,0
63,5,174.771,0
63,7,248.622,0
63,16,148.03,0
63,39,152.043,0
63,42,234.61,0
63,44,236.425,0
63,45,91.0659,0
63,52,217.61,0
63,66,237.929,0
63,69,209.335,0
63,76,159.101,0
63,78,50.5371,0
63,81,208.216,0
63,82,245.065,0
63,85,144.222,0
63,86,160.953,0
64,11,78.0897,0
64,13,157.582,13.4303
64,23,145.839,0
64,30,110.82,0
64,31,179.48,0
64,43,88.1419,0
64,51,37.108,0
64,53,141.227,0
64,54,296.041,19.553
64,68,159.312,11.3159
64,70,355.646,21.3674
64,71,212.269,0
64,72,34.7851,0
64,75,146.115,3.581
64,77,113.952,0
64,79,161.409,0
64,80,41.4367,0
64,88,113.728,2.17978
64,95,190.118,0
64,97,244.849,1.65376
64,98,190.272,3.74214
65,1,47.6733,2.66119
65,8,242.345,4.62288
65,9,398.016,18.8348
65,13,314.102,0
65,17,311.025,26.6806
65,19,12.1655,0
65,20,188.266,0
65,24,196.046,2.92904
65,48,272.265,0
65,49,244.008,0
65,54,225.078,0
65,55,224.815,9.15852
65,68,352.415,0
65,70,105.224,0
65,72,454.85,15.3839
65,84,209.717,1.96771
65,87,446.018,0
65,91,229.713,3.35209
66,7,114.529,0
66,16,102.416,0
66,21,161.941,0
66,22,107.912,0
66,23,233,0
66,26,62.434,0
66,36,96.2549,0
66,44,220.239,0
66,45,228.213,0
66,47,101.02,0
66,53,236.231,0
66,62,39.2173,0
66,63,237.929,0
66,69,53.4135,0
66,79,212.681,0
66,85,141.598,0
66,90,125.801,0
66,96,246.812,0
66,99,199.449,0
67,6,279.789,19.8117
67,14,302.566,22.558
67,25,168.867,0
67,27,344.598,29.5174
67,28,57.3149,0
67,32,65.192,0
67,35,266.69,17.0908
67,41,242.143,0
67,46,278.202,19.8462
67,56,173.948,14.6705
67,57,117.184,0
67,59,284.348,19.7754
67,60,118.39,5.66693
67,61,99.7246,0
67,92,61.2209,0
68,1,399.995,14.7597
68,11,137.318,3.34215
68,13,208.787,0
68,19,344.209,0
68,20,495.685,0
68,30,245.608,7.97495
68,43,262.926,22.4501
68,48,297.705,0
68,49,478.481,0
68,51,189.488,12.0231
68,54,308.519,0
68,64,159.312,11.3159
68,65,352.415,0
68,70,264.915,0
68,72,183.478,15.0429
68,75,307.314,21.5731
68,77,306.244,26.2416
68,80,138.483,6.64908
68,88,274.293,14.9377
69,7,156.263,0
69,16,101.637,0
69,21,214.723,0
69,22,159.656,0
69,23,204.362,0
69,26,114.11,0
69,36,149.513,0
69,44,167.887,0
69,45,219.973,0
69,47,153.056,0
69,53,220.036,0
69,62,91.4166,0
69,63,209.335,0
69,66,53.4135,0
69,71,228.817,0
69,78,251.334,0
69,79,188.473,0
69,85,147.828,0
69,88,244.297,0
69,90,149.04,0
69,96,195.533,0
69,98,225.175,0
70,1,153.399,9.88164
70,9,474.455,0
70,11,386.271,30.2661
70,13,210.152,0
70,17,396.168,26.8155
70,19,93.7443,0
70,20,233.692,0
70,24,305.892,24.1657
70,43,365.268,22.3715
70,48,281.055,0
70,49,242.297,0
70,51,392.942,29.2899
70,54,145.671,0
70,55,349.551,29.3567
70,64,355.646,21.3674
70,65,105.224,0
70,68,264.915,0
70,72,349.229,14.9632
70,77,408.431,23.3416
70,80,365.487,26.4099
70,87,452.111,0
71,6,371.926,27.1209
71,23,123.794,0
71,27,251.758,2.0292
71,30,193.507,0
71,31,100.125,0
71,33,282.209,19.7408
71,40,144.125,11.0351
71,43,145.427,0
71,44,86.4002,0
71,46,383.696,26.306
71,51,201.725,0
71,53,181.893,0
71,64,212.269,0
71,69,228.817,0
71,72,202.099,3.97475
71,75,83.2166,0
71,77,118.849,0
71,79,144.309,0
71,80,243.895,0
71,88,123.976,0
71,95,34.3657,0
71,96,57.7062,0
71,97,45.5412,0
71,98,33.541,0
72,11,112.588,0
72,13,142.097,10.6218
72,19,442.989,15.3229
72,23,158.032,4.25414
72,30,131.183,0
72,31,148.933,0
72,43,57.28,0
72,49,417.34,21.3423
72,51,63.0317,0
72,53,162.611,2.50417
72,54,271.406,13.0753
72,64,34.7851,0
72,65,454.85,15.3839
72,68,183.478,15.0429
72,70,349.229,14.9632
72,71,202.099,3.97475
72,75,114.547,0
72,77,85.235,0
72,79,178,4.26036
72,80,75.9276,0
72,88,116.799,3.75883
72,95,168.003,0
72,96,249.227,0
72,97,218.289,0
72,98,166.832,0
73,0,155.184,0
73,2,69.2604,0
73,8,259.277,11.4199
73,10,144.835,12.4246
73,15,196.365,14.6796
73,18,149.985,10.5158
73,25,246.678,0
73,34,41.8688,0
73,50,67.1193,0
73,58,241.734,20.2771
73,74,222.904,17.7341
73,83,140.844,12.0724
73,91,301.292,21.2767
73,93,262.187,21.5051
73,94,91.2195,0
74,2,205.038,16.6999
74,4,158.094,7.6851
74,8,78.5875,0
74,9,208.25,1.96314
74,10,126.201,10.7465
74,15,21.5407,0
74,17,181.069,0
74,18,78.1918,6.64789
74,20,238.234,2.27798
74,24,116.778,0
74,29,195.263,11.1212
74,34,251.494,15.9102
74,37,153.531,8.12802
74,41,198.406,0
74,50,287.094,18.9235
74,55,134.807,0
74,58,159.013,0
74,73,222.904,17.7341
74,83,129.193,10.9393
74,84,230.002,0
74,91,74.2024,0
74,93,218.02,17.5086
75,6,393.718,27.6213
75,11,236.375,11.943
75,13,219.368,16.8375
75,14,375.993,28.7868
75,23,114.63,0
75,30,158.24,0
75,31,58.3095,0
75,33,263.967,21.9072
75,35,398.903,29.369
75,40,214.051,18.2802
75,43,62.482,0
75,44,167.839,0
75,46,404.896,27.8454
75,51,139.058,0.500157
75,53,161.988,0
75,54,328.219,25.4436
75,59,402.378,29.8855
75,64,146.115,3.581
75,68,307.314,21.5731
75,71,83.2166,0
75,72,114.547,0
75,77,35.7771,0
75,79,141.598,0
75,80,190.983,7.09369
75,88,87.3212,0
75,95,53.8145,0
75,96,140.801,0
75,97,103.774,0
75,98,65.1153,0
76,5,156,0
76,39,7.61577,0
76,42,89.3588,0
76,44,223.786,0
76,45,248.52,0
76,52,207.954,0
76,63,159.101,0
76,78,181.342,0
76,81,92.1358,0
76,82,88.193,0
76,86,99.7647,0
76,96,238.43,0
77,6,402.545,29.4905
77,11,189.169,0
77,13,183.903,15.3253
77,14,372.879,27.1236
77,23,131.529,0
77,30,165.855,3.44166
77,31,66.0303,0
77,33,274.303,23.0852
77,35,395.636,28.4177
77,40,234.504,19.1359
77,43,28.8444,0
77,44,203.593,0
77,49,403.789,24.3127
77,51,140.064,7.7198
77,53,178.191,4.03051
77,54,295.151,18.5164
77,59,400.092,27.6752
77,64,113.952,0
77,68,306.244,26.2416
77,70,408.431,23.3416
77,71,118.849,0
77,72,85.235,0
77,75,35.7771,0
77,79,158.146,0
77,80,158.758,2.42989
77,88,96.0469,0
77,95,88.0909,0
77,96,176.502,0
77,97,135.591,0
77,98,100,0
78,5,149.656,0
78,16,176.082,0
78,39,173.773,0
78,42,243.393,0
78,45,77.3886,0
78,52,184.141,0
78,63,50.5371,0
78,69,251.334,0
78,76,181.342,0
78,81,208.586,0
78,85,159.028,0
78,86,152.958,0
79,11,182.003,0
79,23,27.0185,0
79,30,72.1803,0
79,31,198.116,0
79,43,162.585,0
79,44,170.88,0
79,51,129.027,0
79,53,44.3847,0
79,62,225.887,0
79,64,161.409,0
79,66,212.681,0
79,69,188.473,0
79,71,144.309,0
79,72,178,4.26036
79,75,141.598,0
79,77,158.146,0
79,80,169.056,0
79,88,64.846,0
79,90,160.702,0
79,95,151.611,0
79,96,167.765,0
79,97,189.708,0
79,98,114.586,0
80,11,36.6742,0
80,13,186.556,15.9293
80,23,159.505,0
80,30,105.119,0
80,31,224.674,2.45027
80,43,129.004,0
80,51,43.8634,0
80,53,138.975,0
80,54,328.371,24.8076
80,64,41.4367,0
80,68,138.483,6.64908
80,70,365.487,26.4099
80,71,243.895,0
80,72,75.9276,0
80,75,190.983,7.09369
80,77,158.758,2.42989
80,79,169.056,0
80,88,129.418,0
80,95,253.929,12.6491
80,98,212.325,0
81,5,106.513,0
81,39,92.1141,0
81,42,48.3735,0
81,52,146.342,0
81,63,208.216,0
81,76,92.1358,0
81,78,208.586,0
81,82,83.2166,0
81,86,60,0
82,5,187.771,0
82,27,216.633,0
82,39,94.3398,0
82,42,37,0
82,52,229.558,0
82,63,245.065,0
82,76,88.193,0
82,81,83.2166,0
82,86,134.391,0
83,0,278.397,11.8028
83,2,78.2752,5.10929
83,4,255.56,21.9209
83,8,225.843,19.2976
83,10,4,0
83,15,108.974,7.92418
83,18,97.178,8.23478
83,24,276.042,23.6221
83,29,272.898,23.3817
83,34,159.42,10.275
83,37,248.495,21.3068
83,50,190.421,11.3346
83,55,286.772,23.7423
83,58,221.547,15.4098
83,73,140.844,12.0724
83,74,129.193,10.9393
83,91,213.571,17.7581
83,93,232.517,14.1295
83,94,205.001,10.4974
84,1,177.054,0
84,3,79.1581,0
84,4,117.835,0
84,8,222.991,0
84,12,66.2118,0
84,15,272.053,14.2674
84,19,221.803,4.78033
84,20,233.313,2.24163
84,24,132.966,0
84,29,129.449,0
84,37,124.423,0
84,38,92.5743,0
84,48,298.28,23.6954
84,55,246.349,0
84,65,209.717,1.96771
84,74,230.002,0
84,89,99.2975,0
84,91,176.57,0
85,7,106.381,0
85,16,46.5725,0
85,21,239.76,0
85,22,207.135,0
85,26,138.159,0
85,36,183.807,0
85,45,93.9202,0
85,47,155.708,0
85,62,160.897,0
85,63,144.222,0
85,66,141.598,0
85,69,147.828,0
85,78,159.028,0
85,99,241.267,0
86,5,57.4891,0
86,39,95.1893,0
86,42,104.785,0
86,45,230.315,0
86,52,108.259,0
86,63,160.953,0
86,76,99.7647,0
86,78,152.958,0
86,81,60,0
86,82,134.391,0
87,1,366.969,19.2439
87,6,435.697,0
87,8,226.223,17.4312
87,9,98.5089,0
87,13,495.516,0
87,14,219.572,0
87,17,121,7.82639
87,19,441.679,0
87,20,268.924,0
87,24,288.027,21.1924
87,25,318.388,25.8564
87,28,328.239,28.1388
87,31,449.199,19.067
87,33,428.224,0
87,35,250.48,0
87,41,169.073,11.686
87,46,452.588,0
87,49,210.01,0
87,54,368.098,0
87,55,171.175,14.6532
87,56,388.724,28.3458
87,57,318.207,25.8619
87,58,258.172,21.0276
87,59,203.037,0
87,65,446.018,0
87,70,452.111,0
87,91,267.844,19.3157
87,92,326.482,27.7062
87,93,252.488,21.6454
88,11,153.395,0
88,13,252.212,20.1862
88,23,41.0488,0
88,30,73.1642,0
88,31,145.619,0
88,40,288.468,22.1412
88,43,97.8621,0
88,44,182.003,0
88,51,85.5628,0
88,53,75,0
88,54,347.215,29.6646
88,64,113.728,2.17978
88,68,274.293,14.9377
88,69,244.297,0
88,71,123.976,0
88,72,116.799,3.75883
88,75,87.3212,0
88,77,96.0469,0
88,79,64.846,0
88,80,129.418,0
88,90,224.076,0
88,95,116.211,0
88,96,167.296,0
88,97,164.438,0
88,98,90.471,0
89,3,23.7065,0
89,4,184.024,0
89,12,54.1479,0
89,24,230.764,0
89,29,175.171,0
89,37,191.042,0
89,38,15.0333,0
89,84,99.2975,0
90,7,209.335,0
90,16,228.213,0
90,21,156.732,0
90,22,113,0
90,23,187.523,0
90,26,144.941,0
90,30,188.566,0
90,36,128.565,0
90,47,162.521,0
90,53,159.891,0
90,62,108.812,0
90,66,125.801,0
90,69,149.04,0
90,79,160.702,0
90,88,224.076,0
90,99,217.297,0
91,1,181.728,0
91,2,288.929,24.7462
91,4,123.976,0
91,8,49.8197,0
91,9,176.597,1.6043
91,10,213.107,17.8331
91,12,224.537,0
91,15,98.9219,2.62017
91,17,150.306,0
91,18,138.951,5.83955
91,19,241.409,6.96794
91,20,171.426,2.08788
91,24,47.1699,0
91,29,160.524,0
91,37,121.078,0
91,41,194.456,0
91,49,265.051,20.098
91,55,95.462,0
91,58,244.107,18.9502
91,65,229.713,3.35209
91,73,301.292,21.2767
91,74,74.2024,0
91,83,213.571,17.7581
91,84,176.57,0
91,87,267.844,19.3157
91,93,237.395,16.7359
92,6,254.036,8.7937
92,9,302.076,22.5646
92,14,281.587,22.1314
92,25,113.137,0
92,28,57.2451,0
92,32,97.1288,0
92,35,249.04,17.0701
92,41,185.151,0
92,46,240.373,2.4259
92,56,180.868,12.5886
92,57,121.491,0
92,58,208.558,1.2052
92,59,260.828,19.4671
92,60,146.003,0
92,61,57.2451,0
92,67,61.2209,0
92,87,326.482,27.7062
92,93,206.239,6.01532
93,2,301.816,25.6454
93,8,185.966,14.212
93,9,160.24,7.78947
93,10,239.765,16.1823
93,15,195.728,8.1937
93,17,146.427,5.70024
93,18,159.219,9.47732
93,24,275.163,15.7988
93,25,125.353,5.65232
93,28,243.091,6.81751
93,34,283.683,18.9603
93,41,91.9005,5.47027
93,50,281.656,13.9515
93,55,170.174,10.4016
93,58,19.4165,0
93,59,371.232,29.5561
93,61,191.293,6.12525
93,73,262.187,21.5051
93,74,218.02,17.5086
93,83,232.517,14.1295
93,87,252.488,21.6454
93,91,237.395,16.7359
93,92,206.239,6.01532
94,0,75.1066,0
94,2,137.244,0
94,10,208.966,11.2897
94,15,288.414,18.152
94,18,242.003,12.1962
94,34,49.5782,0
94,50,29.1204,0
94,73,91.2195,0
94,83,205.001,10.4974
95,6,381.216,19.4555
95,13,274.326,19.2019
95,14,401.113,25.5529
95,23,127.389,0
95,27,330.992,27.7671
95,30,189.061,0
95,31,66.7533,0
95,33,252.997,17.7512
95,35,419.334,24.4438
95,40,172.247,13.9485
95,43,116,0
95,44,120.54,0
95,46,389.31,19.284
95,51,184.765,0
95,53,183.521,0
95,59,429.042,26.1461
95,64,190.118,0
95,71,34.3657,0
95,72,168.003,0
95,75,53.8145,0
95,77,88.0909,0
95,79,151.611,0
95,80,253.929,12.6491
95,88,116.211,0
95,96,90.824,0
95,97,51.6236,0
95,98,39.598,0
96,6,384.149,29.9896
96,23,154.496,0
96,27,240.651,0
96,30,229.401,0
96,31,152.594,0
96,33,262.62,21.9772
96,39,240.227,0
96,40,130.486,4.30172
96,43,202.744,0
96,44,32.1403,0
96,46,371.37,30.5734
96,51,250.45,0
96,53,210.602,0
96,66,246.812,0
96,69,195.533,0
96,71,57.7062,0
96,72,249.227,0
96,75,140.801,0
96,76,238.43,0
96,77,176.502,0
96,79,167.765,0
96,88,167.296,0
96,95,90.824,0
96,97,67.9117,0
96,98,82.7587,0
97,6,330.278,16.5691
97,14,448.718,6.60117
97,23,168.514,0
97,27,215.649,6.23438
97,30,236.002,0
97,31,93.1075,0
97,33,222.521,14.2241
97,35,451.639,6.37995
97,40,97.6964,8.37901
97,43,164.295,0
97,44,99.8248,0
97,46,336.615,15.8092
97,51,236.239,0
97,53,226.418,0
97,59,476.208,6.64534
97,64,244.849,1.65376
97,71,45.5412,0
97,72,218.289,0
97,75,103.774,0
97,77,135.591,0
97,79,189.708,0
97,88,164.438,0
97,95,51.6236,0
97,96,67.9117,0
97,98,76.531,0
98,11,240.635,0
98,13,282.334,18.5122
98,23,92.1954,0
98,30,160.2,0
98,31,101.39,0
98,33,296.015,24.0526
98,40,184.203,14.4768
98,43,123.483,0
98,44,105.688,0
98,51,169.594,0
98,53,149.933,0
98,64,190.272,3.74214
98,69,225.175,0
98,71,33.541,0
98,72,166.832,0
98,75,65.1153,0
98,77,100,0
98,79,114.586,0
98,80,212.325,0
98,88,90.471,0
98,95,39.598,0
98,96,82.7587,0
98,97,76.531,0
99,7,135.148,0
99,16,240.027,0
99,21,62.0081,0
99,22,108.853,0
99,26,139.807,0
99,36,106.607,0
99,47,101.789,0
99,62,164.542,0
99,66,199.449,0
99,85,241.267,0
99,90,217.297,0
