0,8,106.888,0
0,12,130.863,0
0,39,123.968,0
0,40,25.2389,0
0,46,51.4782,0
0,53,22.8035,0
0,58,117.661,0
0,73,87.3212,0
0,75,115.209,0
0,89,105.513,0
1,5,55.9732,0
1,7,26.6271,0
1,9,56.0446,0
1,11,55.5428,0
1,15,111.158,0
1,17,124.326,0
1,25,85.5102,0
1,26,27.7849,0
1,31,88.6172,0
1,39,112.792,0
1,41,38.0132,0
1,42,87.9318,0
1,43,83.1925,0
1,49,23.7697,0
1,54,53.4509,0
1,57,31.257,0
1,63,99.7447,0
1,70,130.096,0
1,74,16.2788,0
1,82,115.603,0
2,18,166.529,13.2166
2,28,99.6776,4.33667
2,29,172.244,0
2,35,149.345,0
2,50,160.851,12.5572
2,51,93.0615,5.87661
2,64,139.442,0
2,78,188.188,10.2407
2,81,167.147,13.3618
2,95,129.468,11.1063
2,98,155.962,13.3389
3,8,114.39,0
3,12,75.7166,0
3,15,109.636,0
3,17,122.332,0
3,27,44.1475,0
3,38,89.2749,0
3,45,40.4969,0
3,46,111.893,0
3,47,41.7852,0
3,52,121.264,0
3,55,42.9535,0
3,58,53.7587,0
3,60,25.4951,0
3,66,48.7032,0
3,68,88.3233,0
3,70,79.555,0
3,72,86.3771,0
3,73,98.0051,0
3,75,93.9415,0
3,77,73.9797,0
3,79,68.6222,0
3,82,91.7606,0
3,89,57.2451,0
3,96,105.475,0
4,10,92.4446,0
4,14,100.285,0
4,21,71,0
4,30,38.9102,0
4,37,116.778,0
4,62,70.1783,0
4,71,71.5891,0
4,87,118.609,0
4,93,110.073,0
4,94,39.4588,0
4,99,39.0512,0
5,1,55.9732,0
5,7,38.2099,0
5,9,33.0151,0
5,11,40.05,0
5,16,123.396,9.2547
5,17,94.0213,0
5,22,117.835,0
5,25,123.146,0
5,26,79.0759,0
5,31,49.2544,0
5,32,116.559,0
5,41,93.0376,0
5,42,53.8238,0
5,43,28.4253,0
5,49,41.1096,0
5,54,104.019,0
5,57,86.8332,0
5,59,112.284,8.47303
5,61,105.043,0
5,63,72.6911,0
5,70,122.483,0
5,74,70.6116,0
5,82,111.306,0
5,86,124.101,0
6,14,65.3682,0
6,19,213.292,4.51937
6,23,193.964,6.52491
6,30,125.419,0
6,33,142.556,4.1052
6,36,115.358,9.52296
6,48,249.554,6.11996
6,69,163.278,12.0425
6,71,101.966,0
6,83,182.798,4.49881
6,85,163.474,5.80005
6,87,47.2017,0
6,88,149.882,12.6649
6,92,146.172,10.0544
6,93,47.5395,0
7,1,26.6271,0
7,5,38.2099,0
7,9,53.7587,0
7,11,56.8507,0
7,15,132.004,0
7,16,148.631,8.53381
7,17,123.693,0
7,25,110.44,0
7,26,54.3783,0
7,31,62.2415,0
7,32,112.614,0
7,41,63.6553,0
7,42,84.0536,0
7,43,61.6117,0
7,49,31.7805,0
7,54,66.2722,0
7,57,52.8394,0
7,59,141.005,8.14427
7,61,109.005,0
7,63,73.5391,0
7,65,127.781,0
7,74,36.3593,0
7,82,126.574,0
7,86,127.472,0
8,0,106.888,0
8,3,114.39,0
8,11,125.674,0
8,12,43.0116,0
8,15,32.0156,0
8,25,52.3927,0
8,26,111.45,0
8,27,116,0
8,39,36.0694,0
8,40,86.0233,0
8,41,116.181,0
8,45,73.9256,0
8,46,89.0898,0
8,49,128.655,0
8,53,84.5991,0
8,55,115.004,0
8,58,62.9682,0
8,60,127.675,0
8,66,122.037,0
8,70,92.477,0
8,73,30.3645,0
8,75,21.2132,0
8,77,121.754,0
8,82,85.5862,0
8,89,88.2383,0
9,1,56.0446,0
9,5,33.0151,0
9,7,53.7587,0
9,11,7.61577,0
9,12,121.926,0
9,15,102.318,0
9,16,154.818,12.029
9,17,70.214,0
9,22,104.293,0
9,25,98.2904,0
9,26,68.593,0
9,31,82.0975,0
9,39,125.399,0
9,41,85.2877,0
9,42,31.9531,0
9,43,55.1543,0
9,49,32.5576,0
9,54,109.481,0
9,57,85.7088,0
9,59,136.047,9.83142
9,63,105.575,0
9,70,90.4434,0
9,72,113.172,0
9,74,72.2772,0
9,75,128.445,0
9,77,108.167,0
9,82,78.6448,0
10,4,92.4446,0
10,14,103.947,0
10,21,30.8058,0
10,30,72.6911,0
10,37,29.4109,0
10,62,27.5862,0
10,67,171.388,12.3249
10,69,99.2375,8.51194
10,71,71.2811,0
10,78,206.538,15.7979
10,80,199.464,15.8123
10,84,221.432,13.3894
10,87,120.739,0
10,88,162.031,12.6043
10,90,114.964,9.6261
10,93,125.992,0
10,94,58.8303,0
10,99,131.472,0
11,1,55.5428,0
11,5,40.05,0
11,7,56.8507,0
11,8,125.674,0
11,9,7.61577,0
11,12,114.63,0
11,15,94.7048,0
11,16,163.07,12.4951
11,17,68.9638,0
11,22,105.721,0
11,25,91.2853,0
11,26,65.0308,0
11,27,128.413,0
11,31,89.2749,0
11,39,118.191,0
11,41,82,0
11,42,33.2415,0
11,43,62.7694,0
11,49,31.7805,0
11,54,108.849,0
11,55,128.825,0
11,57,83.9524,0
11,59,144.132,10.2517
11,63,112.285,0
11,66,128.798,0
11,70,84.8646,0
11,72,110.39,0
11,74,71.5122,0
11,75,120.88,0
11,77,104.202,0
11,82,72.5328,0
12,0,130.863,0
12,3,75.7166,0
12,8,43.0116,0
12,9,121.926,0
12,11,114.63,0
12,15,34.7131,0
12,17,107.629,0
12,25,75.6902,0
12,26,123.907,0
12,27,73.0068,0
12,39,73.1642,0
12,40,106.405,0
12,42,118.849,0
12,45,37.5366,0
12,46,96.2549,0
12,47,116.846,0
12,49,128.133,0
12,53,111.288,0
12,55,72,0
12,58,34.4819,0
12,60,85.7263,0
12,66,79.1012,0
12,70,55.4437,0
12,72,100.846,0
12,73,44.0454,0
12,75,22.0907,0
12,77,81.1542,0
12,82,53.8238,0
12,89,69.0507,0
13,18,85.8836,0
13,20,34.0588,0
13,22,112.45,0
13,27,121.696,0
13,34,89.9611,0
13,38,75.7166,0
13,47,116.211,0
13,50,131.674,0
13,51,120.934,0
13,52,45.2769,0
13,55,122.801,0
13,60,118.596,0
13,66,115.434,0
13,68,56.0892,0
13,72,104.048,0
13,76,93.5538,6.51786
13,77,120.208,0
13,80,113.899,0
13,81,81.0062,0
13,91,53,0
13,95,82.6075,0
13,96,37.1214,0
13,98,93.9202,0
14,4,100.285,0
14,6,65.3682,0
14,10,103.947,0
14,21,113.252,0
14,23,197.482,15.3882
14,30,64.0078,0
14,33,195.697,16.3081
14,36,101.239,8.32525
14,37,102.956,0
14,62,108.407,0
14,69,110.195,8.99208
14,71,36.7696,0
14,84,205.195,15.9432
14,85,178.247,14.5452
14,87,19.4165,0
14,88,105.071,8.54863
14,90,164.326,13.8744
14,92,137.437,11.7338
14,93,22.8254,0
14,94,107.49,0
14,99,120.748,0
15,1,111.158,0
15,3,109.636,0
15,7,132.004,0
15,8,32.0156,0
15,9,102.318,0
15,11,94.7048,0
15,12,34.7131,0
15,17,109.275,0
15,25,41.2311,0
15,26,91.0824,0
15,27,99.2018,0
15,39,45.0111,0
15,40,116.469,0
15,41,99.7647,0
15,42,108.074,0
15,45,72.2496,0
15,46,115.117,0
15,49,101.178,0
15,53,116.284,0
15,55,98.4937,0
15,57,115.953,0
15,58,67.6018,0
15,60,116.73,0
15,66,104.346,0
15,70,66.6108,0
15,72,116.726,0
15,73,55.109,0
15,74,117.444,0
15,75,28.0179,0
15,77,98.1275,0
15,82,56.921,0
15,89,100.305,0
16,5,123.396,9.2547
16,7,148.631,8.53381
16,9,154.818,12.029
16,11,163.07,12.4951
16,19,85.8836,0
16,22,236.188,5.93779
16,23,146.123,0
16,24,214.597,0
16,31,90.7137,6.84767
16,32,129.961,8.66404
16,33,170.294,0
16,36,244.818,0
16,42,158.386,13.4439
16,43,95.0247,8.01515
16,44,130.863,6.76803
16,48,107.703,0
16,59,28.0713,0
16,61,106.14,8.10749
16,63,105.573,7.44158
16,83,166.769,0
16,85,152.971,0
16,86,117.337,8.85734
16,92,214,0
16,97,170.791,0.505263
17,1,124.326,0
17,3,122.332,0
17,5,94.0213,0
17,7,123.693,0
17,9,70.214,0
17,11,68.9638,0
17,12,107.629,0
17,15,109.275,0
17,20,107.703,0
17,22,46.4866,0
17,25,130.05,0
17,26,129.031,0
17,27,79.0063,0
17,42,40.3609,0
17,43,98.7927,0
17,45,117.784,0
17,49,100.648,0
17,52,93.4773,0
17,55,80,0
17,58,128.891,0
17,59,166.568,13.9607
17,60,105.475,0
17,66,76.3217,0
17,68,102.069,0
17,70,53.535,0
17,72,46.0652,0
17,75,124.74,0
17,76,117.366,6.75376
17,77,49.0918,0
17,82,54.5619,0
17,96,121.696,0
18,2,166.529,13.2166
18,13,85.8836,0
18,20,119.365,0
18,28,89.6772,0
18,34,6.7082,0
18,38,83.0241,0
18,47,132.095,0
18,51,76.3217,0
18,52,126.657,0
18,68,115.109,0
18,79,127.577,0
18,81,5.09902,0
18,91,121.594,0
18,95,78.2304,0
18,96,93.8616,0
18,98,116.778,0
19,6,213.292,4.51937
19,16,85.8836,0
19,23,83.7616,0
19,24,196.825,0
19,31,173.888,14.2424
19,33,96.2081,0
19,36,169.186,0
19,43,182.437,13.2755
19,44,153.556,1.87023
19,48,83.5225,0
19,59,103.479,0
19,61,169.229,14.1437
19,63,181.711,15.4597
19,83,114.63,0
19,85,74.6726,0
19,86,174.15,14.5558
19,88,249.84,0
19,92,143.68,0
19,97,170.082,0
20,13,34.0588,0
20,17,107.703,0
20,18,119.365,0
20,22,78.492,0
20,27,106.405,0
20,34,123.065,0
20,38,91.2195,0
20,47,119.62,0
20,52,17.2627,0
20,55,107.703,0
20,60,111.018,0
20,66,99.7246,0
20,67,146.386,6.35661
20,68,49.5782,0
20,70,129.097,0
20,72,79.0063,0
20,76,64.0139,5.33449
20,77,97.4166,0
20,80,117.171,0
20,81,114.586,0
20,84,177.171,15.1568
20,91,53.4883,0
20,95,110.055,0
20,96,44.3847,0
20,98,111.072,0
21,4,71,0
21,10,30.8058,0
21,14,113.252,0
21,30,64.3506,0
21,37,60.2163,0
21,62,5.09902,0
21,69,126.627,10.0699
21,71,76.8505,0
21,87,131.928,0
21,88,180.16,15.4192
21,90,146.336,12.3877
21,94,32.5576,0
21,99,109.371,0
22,5,117.835,0
22,9,104.293,0
22,11,105.721,0
22,13,112.45,0
22,16,236.188,5.93779
22,17,46.4866,0
22,20,78.492,0
22,23,248.364,3.54174
22,27,103.368,0
22,42,72.5672,0
22,43,111.036,0
22,48,201.353,3.78694
22,52,69.8928,0
22,55,104.695,0
22,59,209.248,5.89356
22,60,124.724,0
22,66,98.2344,0
22,68,94.8314,0
22,70,94.4934,0
22,72,60.5392,0
22,76,76.571,6.38091
22,77,76.0066,0
22,82,99.1262,0
22,84,241.613,4.11941
22,91,132.012,8.23458
22,96,107.838,0
23,6,193.964,6.52491
23,14,197.482,15.3882
23,16,146.123,0
23,19,83.7616,0
23,22,248.364,3.54174
23,33,140.684,0
23,36,101.39,0
23,44,237.037,1.84133
23,48,57.2014,0
23,59,149.626,0
23,69,240.15,0
23,76,252.792,0
23,83,179.789,0
23,84,185.267,0
23,85,36.2215,0
23,87,182.976,12.7308
23,88,169.859,0
23,90,261.358,0
23,92,68.2642,0
23,93,198.679,15.6125
23,97,244.876,3.26866
24,16,214.597,0
24,19,196.825,0
24,32,105.293,1.15587
24,33,151.433,0
24,44,67.5962,3.62123
24,59,242.405,0
24,61,96.1665,2.02341
24,63,130.364,2.45183
24,83,100,0
24,85,247.814,0
24,86,80.4828,1.19889
24,97,46.8885,1.4223
25,1,85.5102,0
25,5,123.146,0
25,7,110.44,0
25,8,52.3927,0
25,9,98.2904,0
25,11,91.2853,0
25,12,75.6902,0
25,15,41.2311,0
25,17,130.05,0
25,26,60.0333,0
25,39,28.178,0
25,41,63.7887,0
25,42,115.603,0
25,45,113.137,0
25,49,84.0773,0
25,53,128.32,0
25,54,105.948,0
25,57,81.3941,0
25,58,107.005,0
25,70,99.4636,0
25,73,82.7103,0
25,74,87,0
25,75,63.2851,0
25,77,131.685,0
25,82,86.3713,0
26,1,27.7849,0
26,5,79.0759,0
26,7,54.3783,0
26,8,111.45,0
26,9,68.593,0
26,11,65.0308,0
26,12,123.907,0
26,15,91.0824,0
26,17,129.031,0
26,25,60.0333,0
26,31,116.039,0
26,39,86.3134,0
26,41,17.1172,0
26,42,98.0204,0
26,43,107.336,0
26,49,39,0
26,54,54.4885,0
26,57,26.2488,0
26,63,127.456,0
26,70,123.065,0
26,74,27.074,0
26,75,118.14,0
26,82,108.074,0
27,3,44.1475,0
27,8,116,0
27,11,128.413,0
27,12,73.0068,0
27,13,121.696,0
27,15,99.2018,0
27,17,79.0063,0
27,20,106.405,0
27,22,103.368,0
27,38,93.4933,0
27,42,112.539,0
27,45,56.0803,0
27,47,64.846,0
27,52,89.5545,0
27,55,1.41421,0
27,58,71.5891,0
27,60,27.5136,0
27,66,6.7082,0
27,68,66.0303,0
27,70,45.3431,0
27,72,42.9418,0
27,73,110.86,0
27,75,95.0474,0
27,77,30.0666,0
27,79,100.09,0
27,82,60.1082,0
27,89,92.0978,0
27,96,88.0909,0
28,2,99.6776,4.33667
28,18,89.6772,0
28,29,217.218,12.73
28,34,92.1358,0
28,35,235.504,5.8054
28,51,42.9535,0
28,64,227.278,5.38291
28,81,91.4112,0
28,95,90.2109,0
28,98,123.649,0
29,2,172.244,0
29,28,217.218,12.73
29,35,61.3514,0
29,37,244.862,6.67869
29,50,38.448,3.204
29,51,105.156,5.1998
29,64,65.2993,0
29,67,147.527,12.2939
29,78,45.4905,1.18929
29,80,89.6228,5.74883
29,90,230.177,6.94245
29,91,130.225,5.00023
29,95,89.504,3.88233
29,98,68.6438,4.17711
30,4,38.9102,0
30,6,125.419,0
30,10,72.6911,0
30,14,64.0078,0
30,21,64.3506,0
30,37,90.0944,0
30,62,60.9016,0
30,69,125.144,8.98746
30,71,32.6956,0
30,87,83.1505,0
30,88,146.963,10.732
30,90,167.816,14.1758
30,93,77.8845,0
30,94,46.5296,0
30,99,70.4344,0
31,1,88.6172,0
31,5,49.2544,0
31,7,62.2415,0
31,9,82.0975,0
31,11,89.2749,0
31,16,90.7137,6.84767
31,19,173.888,14.2424
31,26,116.039,0
31,32,70.2282,0
31,41,125.865,0
31,42,96.566,0
31,43,35.3553,0
31,44,98.1122,0
31,48,190.233,14.8447
31,49,84.0952,0
31,54,120.341,0
31,57,113.851,0
31,59,87,6.43571
31,61,56.0357,0
31,63,27.4591,0
31,65,111.759,0
31,74,97.8366,0
31,86,75,0
31,97,111.414,0
32,5,116.559,0
32,7,112.614,0
32,16,129.961,8.66404
32,24,105.293,1.15587
32,31,70.2282,0
32,43,105.309,0
32,44,75.4321,0
32,56,75.9276,0
32,59,136.85,8.8911
32,61,24.1661,0
32,63,43.9318,0
32,65,58.0517,0
32,83,181.416,15.5527
32,86,25.632,0
32,97,83.3847,0
33,6,142.556,4.1052
33,14,195.697,16.3081
33,16,170.294,0
33,19,96.2081,0
33,23,140.684,0
33,24,151.433,0
33,36,173.367,0
33,44,141.427,5.41897
33,48,170.294,0
33,59,193.67,0
33,61,202.187,16.0618
33,83,51.8845,0
33,85,107.703,0
33,86,190.096,15.754
33,87,176.35,13.4952
33,92,166.481,0
33,93,184.525,14.79
33,97,149.831,0.509581
34,13,89.9611,0
34,18,6.7082,0
34,20,123.065,0
34,28,92.1358,0
34,38,81.2527,0
34,47,129.468,0
34,51,81.4371,0
34,52,129.619,0
34,68,116.211,0
34,79,123.357,0
34,81,11.1803,0
34,91,127.318,0
34,95,84.9058,0
34,96,95.5249,0
34,98,123.483,0
35,2,149.345,0
35,28,235.504,5.8054
35,29,61.3514,0
35,50,99.8577,4.93075
35,51,171.061,10.2844
35,64,10,0
35,67,215.683,13.0418
35,78,102.467,1.64889
35,80,153.274,13.075
35,95,133.749,11.0157
35,98,122.032,10.4625
36,6,115.358,9.52296
36,14,101.239,8.32525
36,16,244.818,0
36,19,169.186,0
36,23,101.39,0
36,33,173.367,0
36,37,228.893,6.62141
36,48,156,0
36,59,250.639,0
36,67,240.441,0
36,69,155.464,1.12606
36,71,128.748,9.96016
36,83,224.401,0
36,84,159.662,0
36,85,94.5304,0
36,87,89.5335,7.6307
36,88,92.0217,0
36,90,193.794,0
36,92,36.0555,0
36,93,105.655,8.33479
37,4,116.778,0
37,10,29.4109,0
37,14,102.956,0
37,21,60.2163,0
37,29,244.862,6.67869
37,30,90.0944,0
37,36,228.893,6.62141
37,50,195.433,14.0937
37,62,56.8507,0
37,67,142.236,4.61407
37,69,79.6991,4.19233
37,71,77.666,0
37,78,191,11.1712
37,80,172.697,10.4553
37,84,191.845,4.72146
37,87,116.606,0
37,88,149.626,4.81876
37,90,85.6919,3.95979
37,93,125.782,0
37,94,86.6833,0
38,3,89.2749,0
38,13,75.7166,0
38,18,83.0241,0
38,20,91.2195,0
38,27,93.4933,0
38,34,81.2527,0
38,45,128.725,0
38,47,50.636,0
38,52,86.0523,0
38,55,93.8136,0
38,60,74,0
38,66,90.2109,0
38,68,53.6004,0
38,72,105.948,0
38,77,111.036,0
38,79,60.1082,0
38,81,81.3941,0
38,91,128.701,0
38,96,46.8722,0
39,0,123.968,0
39,1,112.792,0
39,8,36.0694,0
39,9,125.399,0
39,11,118.191,0
39,12,73.1642,0
39,15,45.0111,0
39,25,28.178,0
39,26,86.3134,0
39,40,108.005,0
39,41,87.023,0
39,45,108.046,0
39,46,118.6,0
39,49,112.254,0
39,53,101.272,0
39,54,126.921,0
39,57,105.019,0
39,58,98.4073,0
39,70,111.288,0
39,73,64.6607,0
39,74,112.752,0
39,75,54.3783,0
39,82,100.449,0
39,89,124.197,0
40,0,25.2389,0
40,8,86.0233,0
40,12,106.405,0
40,15,116.469,0
40,39,108.005,0
40,45,107.912,0
40,46,30.8058,0
40,53,17,0
40,58,92.4392,0
40,73,63.5138,0
40,75,91.9239,0
40,89,82.0366,0
41,1,38.0132,0
41,5,93.0376,0
41,7,63.6553,0
41,8,116.181,0
41,9,85.2877,0
41,11,82,0
41,15,99.7647,0
41,25,63.7887,0
41,26,17.1172,0
41,31,125.865,0
41,39,87.023,0
41,42,115.07,0
41,43,120.83,0
41,49,54.5711,0
41,54,42.9418,0
41,57,18,0
41,74,29.1548,0
41,75,125.539,0
41,82,122.886,0
42,1,87.9318,0
42,5,53.8238,0
42,7,84.0536,0
42,9,31.9531,0
42,11,33.2415,0
42,12,118.849,0
42,15,108.074,0
42,16,158.386,13.4439
42,17,40.3609,0
42,22,72.5672,0
42,25,115.603,0
42,26,98.0204,0
42,27,112.539,0
42,31,96.566,0
42,41,115.07,0
42,43,62.6498,0
42,48,202.04,15.8007
42,49,64.2884,0
42,52,132.019,0
42,55,113.265,0
42,57,117.085,0
42,59,133.859,10.8248
42,63,123.033,0
42,66,111.319,0
42,70,75.0267,0
42,72,85.703,0
42,74,104.12,0
42,75,130.511,0
42,76,150.17,8.56122
42,77,84.5044,0
42,82,67.4685,0
43,1,83.1925,0
43,5,28.4253,0
43,7,61.6117,0
43,9,55.1543,0
43,11,62.7694,0
43,16,95.0247,8.01515
43,17,98.7927,0
43,19,182.437,13.2755
43,22,111.036,0
43,26,107.336,0
43,31,35.3553,0
43,32,105.309,0
43,41,120.83,0
43,42,62.6498,0
43,44,120.333,0
43,48,175.871,12.2578
43,49,69.527,0
43,54,127.577,0
43,57,113.296,0
43,59,83.4118,7.06027
43,61,89.0505,0
43,63,62.7694,0
43,74,96.7988,0
43,82,128.098,0
43,86,107.355,0
44,16,130.863,6.76803
44,19,153.556,1.87023
44,23,237.037,1.84133
44,24,67.5962,3.62123
44,31,98.1122,0
44,32,75.4321,0
44,33,141.427,5.41897
44,43,120.333,0
44,48,228.252,1.84967
44,59,152.45,8.39808
44,61,58.6686,0
44,63,89.1067,0
44,65,130.246,0
44,83,105.646,1.42538
44,85,220.545,1.67846
44,86,50.01,0
44,97,13.6015,0
45,3,40.4969,0
45,8,73.9256,0
45,12,37.5366,0
45,15,72.2496,0
45,17,117.784,0
45,25,113.137,0
45,27,56.0803,0
45,38,128.725,0
45,39,108.046,0
45,40,107.912,0
45,46,87.7268,0
45,47,82.28,0
45,53,117.924,0
45,55,54.7083,0
45,58,15.8114,0
45,60,57.0789,0
45,66,62.7694,0
45,68,118.14,0
45,70,65.521,0
45,72,95.462,0
45,73,59,0
45,75,53.7122,0
45,77,77.3369,0
45,79,106.4,0
45,82,72.2496,0
45,89,42.0595,0
46,0,51.4782,0
46,3,111.893,0
46,8,89.0898,0
46,12,96.2549,0
46,15,115.117,0
46,39,118.6,0
46,40,30.8058,0
46,45,87.7268,0
46,53,47.4342,0
46,58,73.6614,0
46,73,60.208,0
46,75,87.6641,0
46,89,54.7814,0
47,3,41.7852,0
47,12,116.846,0
47,13,116.211,0
47,18,132.095,0
47,20,119.62,0
47,27,64.846,0
47,34,129.468,0
47,38,50.636,0
47,45,82.28,0
47,52,107.912,0
47,55,64.4127,0
47,58,95.0789,0
47,60,37.7359,0
47,66,65.192,0
47,68,70.4911,0
47,70,109.293,0
47,72,96.421,0
47,77,92.0489,0
47,79,35.9026,0
47,81,131,0
47,82,123.458,0
47,89,90.6697,0
47,96,79.9812,0
48,6,249.554,6.11996
48,16,107.703,0
48,19,83.5225,0
48,22,201.353,3.78694
48,23,57.2014,0
48,31,190.233,14.8447
48,33,170.294,0
48,36,156,0
48,42,202.04,15.8007
48,43,175.871,12.2578
48,44,228.252,1.84967
48,59,102.703,0
48,76,227.772,0
48,83,197.312,0
48,84,202.237,0
48,85,86.0233,0
48,88,212.009,0
48,92,120.814,0
48,97,248.516,0
49,1,23.7697,0
49,5,41.1096,0
49,7,31.7805,0
49,8,128.655,0
49,9,32.5576,0
49,11,31.7805,0
49,12,128.133,0
49,15,101.178,0
49,17,100.648,0
49,25,84.0773,0
49,26,39,0
49,31,84.0952,0
49,39,112.254,0
49,41,54.5711,0
49,42,64.2884,0
49,43,69.527,0
49,54,77.1622,0
49,57,53.2353,0
49,59,152.579,9.19372
49,63,101.203,0
49,70,109.836,0
49,74,39.8497,0
49,75,129.097,0
49,82,95.8801,0
50,2,160.851,12.5572
50,13,131.674,0
50,29,38.448,3.204
50,35,99.8577,4.93075
50,37,195.433,14.0937
50,51,95.7549,0
50,64,102.091,5.38519
50,67,93.226,6.59174
50,69,218.867,14.5911
50,78,12.0416,0
50,80,50.6063,0
50,84,173.948,14.9055
50,90,165.462,12.8243
50,91,95.0211,0
50,95,70.214,0
50,98,38.0132,0
51,2,93.0615,5.87661
51,13,120.934,0
51,18,76.3217,0
51,28,42.9535,0
51,29,105.156,5.1998
51,34,81.4371,0
51,35,171.061,10.2844
51,50,95.7549,0
51,64,164.049,10.0251
51,78,105.906,0
51,80,129.074,0
51,81,75.5844,0
51,91,124.652,0
51,95,47.8017,0
51,98,81.0432,0
52,3,121.264,0
52,13,45.2769,0
52,17,93.4773,0
52,18,126.657,0
52,20,17.2627,0
52,22,69.8928,0
52,27,89.5545,0
52,34,129.619,0
52,38,86.0523,0
52,42,132.019,0
52,47,107.912,0
52,55,90.8735,0
52,60,95.7758,0
52,66,82.8553,0
52,68,37.5766,0
52,70,112.018,0
52,72,62.0322,0
52,76,68.9297,5.38545
52,77,80.2247,0
52,81,122.147,0
52,82,124.197,0
52,91,70.5195,0
52,95,125.419,0
52,96,40.4475,0
52,98,128.191,0
53,0,22.8035,0
53,8,84.5991,0
53,12,111.288,0
53,15,116.284,0
53,25,128.32,0
53,39,101.272,0
53,40,17,0
53,45,117.924,0
53,46,47.4342,0
53,58,102.157,0
53,73,67.2681,0
53,75,94.2603,0
53,89,96.1301,0
54,1,53.4509,0
54,5,104.019,0
54,7,66.2722,0
54,9,109.481,0
54,11,108.849,0
54,25,105.948,0
54,26,54.4885,0
54,31,120.341,0
54,39,126.921,0
54,41,42.9418,0
54,43,127.577,0
54,49,77.1622,0
54,57,28.2843,0
54,63,119.633,0
54,65,131.027,0
54,74,37.3363,0
55,3,42.9535,0
55,8,115.004,0
55,11,128.825,0
55,12,72,0
55,13,122.801,0
55,15,98.4937,0
55,17,80,0
55,20,107.703,0
55,22,104.695,0
55,27,1.41421,0
55,38,93.8136,0
55,42,113.265,0
55,45,54.7083,0
55,47,64.4127,0
55,52,90.8735,0
55,58,70.2353,0
55,60,26.9258,0
55,66,8.06226,0
55,68,67.0671,0
55,70,45.4533,0
55,72,44.2945,0
55,73,109.636,0
55,75,94.0213,0
55,77,31.1448,0
55,79,99.5389,0
55,82,60.1415,0
55,89,90.6863,0
55,96,89.0505,0
56,32,75.9276,0
56,61,99.4032,0
56,63,113.811,0
56,65,38.0132,0
56,86,91.236,0
57,1,31.257,0
57,5,86.8332,0
57,7,52.8394,0
57,9,85.7088,0
57,11,83.9524,0
57,15,115.953,0
57,25,81.3941,0
57,26,26.2488,0
57,31,113.851,0
57,39,105.019,0
57,41,18,0
57,42,117.085,0
57,43,113.296,0
57,49,53.2353,0
57,54,28.2843,0
57,63,119.633,0
57,74,16.5529,0
58,0,117.661,0
58,3,53.7587,0
58,8,62.9682,0
58,12,34.4819,0
58,15,67.6018,0
58,17,128.891,0
58,25,107.005,0
58,27,71.5891,0
58,39,98.4073,0
58,40,92.4392,0
58,45,15.8114,0
58,46,73.6614,0
58,47,95.0789,0
58,53,102.157,0
58,55,70.2353,0
58,60,72.4431,0
58,66,78.2943,0
58,70,75.5844,0
58,72,109.877,0
58,73,44.2832,0
58,75,44.5533,0
58,77,91.2195,0
58,79,116.108,0
58,82,79.8123,0
58,89,35.0571,0
59,5,112.284,8.47303
59,7,141.005,8.14427
59,9,136.047,9.83142
59,11,144.132,10.2517
59,16,28.0713,0
59,17,166.568,13.9607
59,19,103.479,0
59,22,209.248,5.89356
59,23,149.626,0
59,24,242.405,0
59,31,87,6.43571
59,32,136.85,8.8911
59,33,193.67,0
59,36,250.639,0
59,42,133.859,10.8248
59,43,83.4118,7.06027
59,44,152.45,8.39808
59,48,102.703,0
59,49,152.579,9.19372
59,61,114.018,8.55132
59,63,105.668,7.04454
59,83,193.598,0
59,85,162.69,0
59,86,129.949,10.0312
59,92,217.807,0
59,97,197.912,0.502289
60,3,25.4951,0
60,8,127.675,0
60,12,85.7263,0
60,13,118.596,0
60,15,116.73,0
60,17,105.475,0
60,20,111.018,0
60,22,124.724,0
60,27,27.5136,0
60,38,74,0
60,45,57.0789,0
60,47,37.7359,0
60,52,95.7758,0
60,55,26.9258,0
60,58,72.4431,0
60,66,29.1548,0
60,68,63.5059,0
60,70,71.5612,0
60,72,64.9384,0
60,73,116.039,0
60,75,106.513,0
60,77,56.4358,0
60,79,72.6154,0
60,82,85.8021,0
60,89,82.1523,0
60,96,82.0061,0
61,5,105.043,0
61,7,109.005,0
61,16,106.14,8.10749
61,19,169.229,14.1437
61,24,96.1665,2.02341
61,31,56.0357,0
61,32,24.1661,0
61,33,202.187,16.0618
61,43,89.0505,0
61,44,58.6686,0
61,56,99.4032,0
61,59,114.018,8.55132
61,63,35.4683,0
61,65,81.7435,0
61,83,152.843,13.0507
61,86,19.105,0
61,97,69.2026,0
62,4,70.1783,0
62,10,27.5862,0
62,14,108.407,0
62,21,5.09902,0
62,30,60.9016,0
62,37,56.8507,0
62,69,121.358,9.71097
62,71,72.111,0
62,87,127.016,0
62,88,175.503,15.0521
62,90,142.266,12.0925
62,93,128.456,0
62,94,32.8938,0
62,99,108.904,0
63,1,99.7447,0
63,5,72.6911,0
63,7,73.5391,0
63,9,105.575,0
63,11,112.285,0
63,16,105.573,7.44158
63,19,181.711,15.4597
63,24,130.364,2.45183
63,26,127.456,0
63,31,27.4591,0
63,32,43.9318,0
63,42,123.033,0
63,43,62.7694,0
63,44,89.1067,0
63,49,101.203,0
63,54,119.633,0
63,56,113.811,0
63,57,119.633,0
63,59,105.668,7.04454
63,61,35.4683,0
63,65,85.276,0
63,74,105.119,0
63,86,54.1202,0
63,97,101.237,0
64,2,139.442,0
64,28,227.278,5.38291
64,29,65.2993,0
64,35,10,0
64,50,102.091,5.38519
64,51,164.049,10.0251
64,67,218.627,13.9172
64,78,107.886,1.7361
64,80,156.841,13.3793
64,95,131.419,10.8238
64,98,120.388,10.2745
65,7,127.781,0
65,31,111.759,0
65,32,58.0517,0
65,44,130.246,0
65,54,131.027,0
65,56,38.0132,0
65,61,81.7435,0
65,63,85.276,0
65,86,81.0247,0
66,3,48.7032,0
66,8,122.037,0
66,11,128.798,0
66,12,79.1012,0
66,13,115.434,0
66,15,104.346,0
66,17,76.3217,0
66,20,99.7246,0
66,22,98.2344,0
66,27,6.7082,0
66,38,90.2109,0
66,42,111.319,0
66,45,62.7694,0
66,47,65.192,0
66,52,82.8553,0
66,55,8.06226,0
66,58,78.2943,0
66,60,29.1548,0
66,68,60.0083,0
66,70,47.5079,0
66,72,37.6962,0
66,73,117.444,0
66,75,101.178,0
66,76,139.474,5.99215
66,77,27.2947,0
66,79,100.881,0
66,82,62.482,0
66,89,98.3514,0
66,96,82.2982,0
67,10,171.388,12.3249
67,20,146.386,6.35661
67,29,147.527,12.2939
67,35,215.683,13.0418
67,36,240.441,0
67,37,142.236,4.61407
67,50,93.226,6.59174
67,64,218.627,13.9172
67,69,126.57,0
67,76,196.401,7.50495
67,78,103.162,8.82607
67,80,41.1798,3.24856
67,84,102.956,0
67,88,154.506,0
67,90,73.7564,0
67,91,93.4856,4.49204
67,92,241.479,0
67,95,128.018,3.73385
67,98,89.5614,4.01894
68,3,88.3233,0
68,13,56.0892,0
68,17,102.069,0
68,18,115.109,0
68,20,49.5782,0
68,22,94.8314,0
68,27,66.0303,0
68,34,116.211,0
68,38,53.6004,0
68,45,118.14,0
68,47,70.4911,0
68,52,37.5766,0
68,55,67.0671,0
68,60,63.5059,0
68,66,60.0083,0
68,70,101.193,0
68,72,58.4123,0
68,76,106.626,6.29748
68,77,69.857,0
68,79,99.3277,0
68,81,111.517,0
68,82,115.521,0
68,91,100.125,0
68,96,22.8035,0
69,6,163.278,12.0425
69,10,99.2375,8.51194
69,14,110.195,8.99208
69,21,126.627,10.0699
69,23,240.15,0
69,30,125.144,8.98746
69,36,155.464,1.12606
69,37,79.6991,4.19233
69,50,218.867,14.5911
69,62,121.358,9.71097
69,67,126.57,0
69,71,100.665,8.35783
69,78,222.854,10.8332
69,80,168.084,8.45685
69,84,127.201,0
69,85,246.982,0
69,87,119.2,9.69974
69,88,70.342,0
69,90,54.1479,0
69,92,176.511,0
69,93,131.529,9.86471
69,94,141.735,9.71649
70,1,130.096,0
70,3,79.555,0
70,5,122.483,0
70,8,92.477,0
70,9,90.4434,0
70,11,84.8646,0
70,12,55.4437,0
70,15,66.6108,0
70,17,53.535,0
70,20,129.097,0
70,22,94.4934,0
70,25,99.4636,0
70,26,123.065,0
70,27,45.3431,0
70,39,111.288,0
70,42,75.0267,0
70,45,65.521,0
70,47,109.293,0
70,49,109.836,0
70,52,112.018,0
70,55,45.4533,0
70,58,75.5844,0
70,60,71.5612,0
70,66,47.5079,0
70,68,101.193,0
70,72,50.1597,0
70,73,99.4887,0
70,75,74.793,0
70,77,32.249,0
70,82,15,0
70,89,107.564,0
70,96,123.968,0
71,4,71.5891,0
71,6,101.966,0
71,10,71.2811,0
71,14,36.7696,0
71,21,76.8505,0
71,30,32.6956,0
71,36,128.748,9.96016
71,37,77.666,0
71,62,72.111,0
71,69,100.665,8.35783
71,87,55.9732,0
71,88,115.532,9.50059
71,90,147.398,12.5204
71,92,165.65,14.1834
71,93,56.4004,0
71,94,71.5681,0
71,99,100.499,0
72,3,86.3771,0
72,9,113.172,0
72,11,110.39,0
72,12,100.846,0
72,13,104.048,0
72,15,116.726,0
72,17,46.0652,0
72,20,79.0063,0
72,22,60.5392,0
72,27,42.9418,0
72,38,105.948,0
72,42,85.703,0
72,45,95.462,0
72,47,96.421,0
72,52,62.0322,0
72,55,44.2945,0
72,58,109.877,0
72,60,64.9384,0
72,66,37.6962,0
72,68,58.4123,0
72,70,50.1597,0
72,75,122.09,0
72,76,107.886,5.98062
72,77,19.6977,0
72,79,132.098,0
72,82,62.2013,0
72,91,130.541,0
72,96,79.925,0
73,0,87.3212,0
73,3,98.0051,0
73,8,30.3645,0
73,12,44.0454,0
73,15,55.109,0
73,25,82.7103,0
73,27,110.86,0
73,39,64.6607,0
73,40,63.5138,0
73,45,59,0
73,46,60.208,0
73,53,67.2681,0
73,55,109.636,0
73,58,44.2832,0
73,60,116.039,0
73,66,117.444,0
73,70,99.4887,0
73,75,28.6356,0
73,77,123.944,0
73,82,97,0
73,89,60.959,0
74,1,16.2788,0
74,5,70.6116,0
74,7,36.3593,0
74,9,72.2772,0
74,11,71.5122,0
74,15,117.444,0
74,25,87,0
74,26,27.074,0
74,31,97.8366,0
74,39,112.752,0
74,41,29.1548,0
74,42,104.12,0
74,43,96.7988,0
74,49,39.8497,0
74,54,37.3363,0
74,57,16.5529,0
74,63,105.119,0
74,82,128.144,0
75,0,115.209,0
75,3,93.9415,0
75,8,21.2132,0
75,9,128.445,0
75,11,120.88,0
75,12,22.0907,0
75,15,28.0179,0
75,17,124.74,0
75,25,63.2851,0
75,26,118.14,0
75,27,95.0474,0
75,39,54.3783,0
75,40,91.9239,0
75,41,125.539,0
75,42,130.511,0
75,45,53.7122,0
75,46,87.6641,0
75,49,129.097,0
75,53,94.2603,0
75,55,94.0213,0
75,58,44.5533,0
75,60,106.513,0
75,66,101.178,0
75,70,74.793,0
75,72,122.09,0
75,73,28.6356,0
75,77,102.46,0
75,82,70.1783,0
75,89,74.2428,0
76,13,93.5538,6.51786
76,17,117.366,6.75376
76,20,64.0139,5.33449
76,22,76.571,6.38091
76,23,252.792,0
76,42,150.17,8.56122
76,48,227.772,0
76,52,68.9297,5.38545
76,66,139.474,5.99215
76,67,196.401,7.50495
76,68,106.626,6.29748
76,72,107.886,5.98062
76,77,127.253,6.09116
76,80,121.089,7.11583
76,84,165.614,0
76,88,260.714,0
76,90,261.266,0
76,91,74.3687,6.0472
76,92,262.427,0
76,96,106.918,6.31796
76,98,135.706,7.36299
77,3,73.9797,0
77,8,121.754,0
77,9,108.167,0
77,11,104.202,0
77,12,81.1542,0
77,13,120.208,0
77,15,98.1275,0
77,17,49.0918,0
77,20,97.4166,0
77,22,76.0066,0
77,25,131.685,0
77,27,30.0666,0
77,38,111.036,0
77,42,84.5044,0
77,45,77.3369,0
77,47,92.0489,0
77,52,80.2247,0
77,55,31.1448,0
77,58,91.2195,0
77,60,56.4358,0
77,66,27.2947,0
77,68,69.857,0
77,70,32.249,0
77,72,19.6977,0
77,73,123.944,0
77,75,102.46,0
77,76,127.253,6.09116
77,79,127.883,0
77,82,45.8803,0
77,89,117.346,0
77,96,92.477,0
78,2,188.188,10.2407
78,10,206.538,15.7979
78,29,45.4905,1.18929
78,35,102.467,1.64889
78,37,191,11.1712
78,50,12.0416,0
78,51,105.906,0
78,64,107.886,1.7361
78,67,103.162,8.82607
78,69,222.854,10.8332
78,80,52.8015,0
78,84,177.424,15.2103
78,90,165.133,11.2613
78,91,103.586,0
78,95,82.201,0
78,98,49.3964,0
79,3,68.6222,0
79,18,127.577,0
79,27,100.09,0
79,34,123.357,0
79,38,60.1082,0
79,45,106.4,0
79,47,35.9026,0
79,55,99.5389,0
79,58,116.108,0
79,60,72.6154,0
79,66,100.881,0
79,68,99.3277,0
79,72,132.098,0
79,77,127.883,0
79,81,127.883,0
79,89,100.896,0
79,96,102.577,0
80,10,199.464,15.8123
80,13,113.899,0
80,20,117.171,0
80,29,89.6228,5.74883
80,35,153.274,13.075
80,37,172.697,10.4553
80,50,50.6063,0
80,51,129.074,0
80,64,156.841,13.3793
80,67,41.1798,3.24856
80,69,168.084,8.45685
80,76,121.089,7.11583
80,78,52.8015,0
80,84,120.275,8.83029
80,88,192,9.63212
80,90,115.31,7.27695
80,91,64.1405,0
80,95,88.0057,0
80,98,48.3735,0
81,2,167.147,13.3618
81,13,81.0062,0
81,18,5.09902,0
81,20,114.586,0
81,28,91.4112,0
81,34,11.1803,0
81,38,81.3941,0
81,47,131,0
81,51,75.5844,0
81,52,122.147,0
81,68,111.517,0
81,79,127.883,0
81,91,116.52,0
81,95,74.6324,0
81,96,90,0
81,98,112.699,0
82,1,115.603,0
82,3,91.7606,0
82,5,111.306,0
82,7,126.574,0
82,8,85.5862,0
82,9,78.6448,0
82,11,72.5328,0
82,12,53.8238,0
82,15,56.921,0
82,17,54.5619,0
82,22,99.1262,0
82,25,86.3713,0
82,26,108.074,0
82,27,60.1082,0
82,39,100.449,0
82,41,122.886,0
82,42,67.4685,0
82,43,128.098,0
82,45,72.2496,0
82,47,123.458,0
82,49,95.8801,0
82,52,124.197,0
82,55,60.1415,0
82,58,79.8123,0
82,60,85.8021,0
82,66,62.482,0
82,68,115.521,0
82,70,15,0
82,72,62.2013,0
82,73,97,0
82,74,128.144,0
82,75,70.1783,0
82,77,45.8803,0
82,89,113.6,0
83,6,182.798,4.49881
83,16,166.769,0
83,19,114.63,0
83,23,179.789,0
83,24,100,0
83,32,181.416,15.5527
83,33,51.8845,0
83,36,224.401,0
83,44,105.646,1.42538
83,48,197.312,0
83,59,193.598,0
83,61,152.843,13.0507
83,85,150.904,0
83,86,155.847,13.0282
83,92,214.979,0
83,97,99.9655,0.494779
84,10,221.432,13.3894
84,14,205.195,15.9432
84,20,177.171,15.1568
84,22,241.613,4.11941
84,23,185.267,0
84,36,159.662,0
84,37,191.845,4.72146
84,48,202.237,0
84,50,173.948,14.9055
84,67,102.956,0
84,69,127.201,0
84,76,165.614,0
84,78,177.424,15.2103
84,80,120.275,8.83029
84,85,209.619,0
84,87,207.608,15.3121
84,88,99.96,0
84,90,108.259,0
84,91,138.417,11.2338
84,92,150.306,0
84,98,159.678,13.4725
85,6,163.474,5.80005
85,14,178.247,14.5452
85,16,152.971,0
85,19,74.6726,0
85,23,36.2215,0
85,24,247.814,0
85,33,107.703,0
85,36,94.5304,0
85,44,220.545,1.67846
85,48,86.0233,0
85,59,162.69,0
85,69,246.982,0
85,83,150.904,0
85,84,209.619,0
85,87,160.373,12.1419
85,88,177.279,0
85,92,70.6824,0
85,93,175.782,14.3692
85,97,219.151,5.55644
86,5,124.101,0
86,7,127.472,0
86,16,117.337,8.85734
86,19,174.15,14.5558
86,24,80.4828,1.19889
86,31,75,0
86,32,25.632,0
86,33,190.096,15.754
86,43,107.355,0
86,44,50.01,0
86,56,91.236,0
86,59,129.949,10.0312
86,61,19.105,0
86,63,54.1202,0
86,65,81.0247,0
86,83,155.847,13.0282
86,97,57.7754,0
87,4,118.609,0
87,6,47.2017,0
87,10,120.739,0
87,14,19.4165,0
87,21,131.928,0
87,23,182.976,12.7308
87,30,83.1505,0
87,33,176.35,13.4952
87,36,89.5335,7.6307
87,37,116.606,0
87,62,127.016,0
87,69,119.2,9.69974
87,71,55.9732,0
87,84,207.608,15.3121
87,85,160.373,12.1419
87,88,107.854,9.11009
87,90,173.265,14.6832
87,92,124.803,10.3388
87,93,17.8885,0
87,94,126.905,0
88,6,149.882,12.6649
88,10,162.031,12.6043
88,14,105.071,8.54863
88,19,249.84,0
88,21,180.16,15.4192
88,23,169.859,0
88,30,146.963,10.732
88,36,92.0217,0
88,37,149.626,4.81876
88,48,212.009,0
88,62,175.503,15.0521
88,67,154.506,0
88,69,70.342,0
88,71,115.532,9.50059
88,76,260.714,0
88,80,192,9.63212
88,84,99.96,0
88,85,177.279,0
88,87,107.854,9.11009
88,90,101.823,0
88,92,106.621,0
88,93,124.171,9.83508
89,0,105.513,0
89,3,57.2451,0
89,8,88.2383,0
89,12,69.0507,0
89,15,100.305,0
89,27,92.0978,0
89,39,124.197,0
89,40,82.0366,0
89,45,42.0595,0
89,46,54.7814,0
89,47,90.6697,0
89,53,96.1301,0
89,55,90.6863,0
89,58,35.0571,0
89,60,82.1523,0
89,66,98.3514,0
89,70,107.564,0
89,73,60.959,0
89,75,74.2428,0
89,77,117.346,0
89,79,100.896,0
89,82,113.6,0
90,10,114.964,9.6261
90,14,164.326,13.8744
90,21,146.336,12.3877
90,23,261.358,0
90,29,230.177,6.94245
90,30,167.816,14.1758
90,36,193.794,0
90,37,85.6919,3.95979
90,50,165.462,12.8243
90,62,142.266,12.0925
90,67,73.7564,0
90,69,54.1479,0
90,71,147.398,12.5204
90,76,261.266,0
90,78,165.133,11.2613
90,80,115.31,7.27695
90,84,108.259,0
90,87,173.265,14.6832
90,88,101.823,0
90,91,169.819,14.5105
90,92,204.685,0
90,94,172.032,13.9886
90,98,165.006,14.1514
91,13,53,0
91,18,121.594,0
91,20,53.4883,0
91,22,132.012,8.23458
91,29,130.225,5.00023
91,34,127.318,0
91,38,128.701,0
91,50,95.0211,0
91,51,124.652,0
91,52,70.5195,0
91,67,93.4856,4.49204
91,68,100.125,0
91,72,130.541,0
91,76,74.3687,6.0472
91,78,103.586,0
91,80,64.1405,0
91,81,116.52,0
91,84,138.417,11.2338
91,90,169.819,14.5105
91,95,77.0779,0
91,96,86.977,0
91,98,62.8172,0
92,6,146.172,10.0544
92,14,137.437,11.7338
92,16,214,0
92,19,143.68,0
92,23,68.2642,0
92,33,166.481,0
92,36,36.0555,0
92,48,120.814,0
92,59,217.807,0
92,67,241.479,0
92,69,176.511,0
92,71,165.65,14.1834
92,76,262.427,0
92,83,214.979,0
92,84,150.306,0
92,85,70.6824,0
92,87,124.803,10.3388
92,88,106.621,0
92,90,204.685,0
92,93,141.643,12.15
93,4,110.073,0
93,6,47.5395,0
93,10,125.992,0
93,14,22.8254,0
93,23,198.679,15.6125
93,30,77.8845,0
93,33,184.525,14.79
93,36,105.655,8.33479
93,37,125.782,0
93,62,128.456,0
93,69,131.529,9.86471
93,71,56.4004,0
93,85,175.782,14.3692
93,87,17.8885,0
93,88,124.171,9.83508
93,92,141.643,12.15
93,94,123.713,0
93,99,123.762,0
94,4,39.4588,0
94,10,58.8303,0
94,14,107.49,0
94,21,32.5576,0
94,30,46.5296,0
94,37,86.6833,0
94,62,32.8938,0
94,69,141.735,9.71649
94,71,71.5681,0
94,87,126.905,0
94,90,172.032,13.9886
94,93,123.713,0
94,99,77.0584,0
95,2,129.468,11.1063
95,13,82.6075,0
95,18,78.2304,0
95,20,110.055,0
95,28,90.2109,0
95,29,89.504,3.88233
95,34,84.9058,0
95,35,133.749,11.0157
95,50,70.214,0
95,51,47.8017,0
95,52,125.419,0
95,64,131.419,10.8238
95,67,128.018,3.73385
95,78,82.201,0
95,80,88.0057,0
95,81,74.6324,0
95,91,77.0779,0
95,96,115.213,0
95,98,40.6079,0
96,3,105.475,0
96,13,37.1214,0
96,17,121.696,0
96,18,93.8616,0
96,20,44.3847,0
96,22,107.838,0
96,27,88.0909,0
96,34,95.5249,0
96,38,46.8722,0
96,47,79.9812,0
96,52,40.4475,0
96,55,89.0505,0
96,60,82.0061,0
96,66,82.2982,0
96,68,22.8035,0
96,70,123.968,0
96,72,79.925,0
96,76,106.918,6.31796
96,77,92.477,0
96,79,102.577,0
96,81,90,0
96,91,86.977,0
96,95,115.213,0
96,98,130.74,0
97,16,170.791,0.505263
97,19,170.082,0
97,23,244.876,3.26866
97,24,46.8885,1.4223
97,31,111.414,0
97,32,83.3847,0
97,33,149.831,0.509581
97,44,13.6015,0
97,48,248.516,0
97,59,197.912,0.502289
97,61,69.2026,0
97,63,101.237,0
97,83,99.9655,0.494779
97,85,219.151,5.55644
97,86,57.7754,0
98,2,155.962,13.3389
98,13,93.9202,0
98,18,116.778,0
98,20,111.072,0
98,28,123.649,0
98,29,68.6438,4.17711
98,34,123.483,0
98,35,122.032,10.4625
98,50,38.0132,0
98,51,81.0432,0
98,52,128.191,0
98,64,120.388,10.2745
98,67,89.5614,4.01894
98,76,135.706,7.36299
98,78,49.3964,0
98,80,48.3735,0
98,81,112.699,0
98,84,159.678,13.4725
98,90,165.006,14.1514
98,91,62.8172,0
98,95,40.6079,0
98,96,130.74,0
99,4,39.0512,0
99,10,131.472,0
99,14,120.748,0
99,21,109.371,0
99,30,70.4344,0
99,62,108.904,0
99,71,100.499,0
99,93,123.762,0
99,94,77.0584,0
