0,21,104.019,0
0,70,179.644,0
0,87,84.006,0
0,92,178.71,5.67018
1,4,93.1678,7.95715
1,10,202.861,17.028
1,25,227.688,13.608
1,31,140.161,0
1,32,142.594,0
1,40,189.429,11.1346
1,41,92.8515,7.85068
1,50,115.145,8.68386
1,64,110.476,0
1,67,169.088,14.3421
1,81,68.5065,4.02865
1,83,257.927,22.1264
1,84,91,0
1,92,240.738,20.5686
2,5,140.071,0
2,9,109.289,0
2,12,137.827,11.0169
2,15,15.2971,0
2,19,44.0787,1.48532
2,20,147.846,11.7134
2,23,149.054,0
2,24,162.85,12.7755
2,30,129.402,0
2,38,51.9711,0
2,49,175.328,0
2,56,48.0104,0
2,57,65.7343,0
2,61,26.9258,0
2,63,154.175,0
2,65,164.502,0
2,68,103.619,0
2,71,90.5539,0
2,91,84.4808,0
3,5,207.756,14.9203
3,8,169.182,14.3352
3,13,255.905,20.7148
3,17,120.037,0
3,26,66.7083,0
3,27,119.144,9.92865
3,28,52.4786,0
3,29,56.2939,0
3,36,150.855,12.6531
3,39,204.274,12.4999
3,42,179.352,15.3532
3,48,139.815,10.6048
3,51,105.924,8.5686
3,52,109.11,0
3,53,167.371,12.7234
3,55,162.564,13.9403
3,63,197.569,14.2946
3,65,217.664,14.855
3,66,253.085,20.8603
3,69,223.887,18.7382
3,72,142.274,0
3,73,132.009,10.2412
3,76,153.108,12.525
3,77,56.7186,0
3,78,279.018,15.6281
3,79,89.5043,5.4121
3,80,19.105,0
3,85,10.6301,0
3,90,62.6658,4.12938
3,95,214.749,17.5762
3,97,138.969,10.0562
3,98,132.851,10.057
4,1,93.1678,7.95715
4,6,215.09,17.0253
4,10,323.119,17.0036
4,21,253.195,20.9193
4,25,233.444,19.7809
4,40,176.4,15.0548
4,41,128.115,9.45965
4,50,185.405,9.85563
4,60,273.187,17.4283
4,64,103.313,8.4825
4,67,187.463,7.90524
4,81,36,0
4,83,203.159,14.7769
4,84,77.5718,6.59517
4,92,197.784,10.2863
5,2,140.071,0
5,3,207.756,14.9203
5,7,182.88,0
5,9,158.455,0
5,12,130.188,0
5,14,126.905,0
5,15,131.795,0
5,19,210.267,16.9831
5,20,139.607,0
5,22,150.625,0
5,24,174.152,0
5,27,99.7647,0
5,29,173.908,8.03621
5,36,196.235,15.148
5,38,117.631,0
5,44,133.6,0
5,46,132.85,0
5,48,162.936,0
5,49,70.7107,0
5,51,163.575,10.905
5,55,87.7097,0
5,56,177.045,0
5,57,89.4707,0
5,59,178.281,0
5,61,187.767,14.2368
5,63,14.2127,0
5,65,33.0606,0
5,69,253.085,21.6057
5,71,55.4617,0
5,73,180.069,0
5,75,168.671,0
5,76,157.035,0
5,77,179.056,8.82748
5,78,145.104,3.06163
5,79,118.512,0
5,85,216.049,15.7914
5,95,102.533,0
6,4,215.09,17.0253
6,7,187.214,14.7309
6,18,271.542,17.7556
6,22,181.317,6.86809
6,25,273.04,21.348
6,33,299.667,17.4537
6,40,42.5,3.64583
6,41,196.495,16.7343
6,45,226.8,16.0364
6,47,251.207,16.9182
6,50,240.15,20.5069
6,58,194.833,15.3832
6,59,151.017,7.05263
6,60,247.76,11.3737
6,67,130.68,9.97734
6,75,187.443,13.0591
6,81,251.082,18.5798
6,82,228.637,15.4091
6,83,48.6845,4.15697
6,84,273.361,22.4485
6,89,197.22,15.5933
6,92,240.746,20.6073
6,94,259.004,22.1233
6,96,199.166,7.33967
7,5,182.88,0
7,6,187.214,14.7309
7,14,120.063,5.92842
7,16,174.627,7.71689
7,18,209.465,9.81536
7,22,79.4796,0
7,33,131.122,6.37401
7,40,180.473,3.745
7,44,76.3984,4.44973
7,45,92.6307,7.35164
7,46,58.0517,0
7,47,189.333,9.94127
7,49,115.624,0
7,55,182.631,0
7,58,233.654,16.3675
7,59,56.0089,0
7,63,177.406,0
7,65,150.572,0
7,75,16.2788,0
7,78,152.086,1.10962
7,83,199.613,15.8811
7,93,162.93,7.51829
7,95,157.29,0
7,96,240.374,20.2104
8,3,169.182,14.3352
8,13,116.276,0
8,17,280.094,10.689
8,22,281.472,19.922
8,26,215.833,17.2445
8,27,251.838,21.2944
8,28,198.947,16.4292
8,29,120.332,9.25113
8,36,113.508,0
8,37,255.9,21.8999
8,39,125.32,10.4433
8,42,46.1736,0
8,43,207.006,15.1504
8,51,154.932,0
8,52,250.951,21.4758
8,55,220.555,9.95138
8,66,86.093,0
8,69,109.179,0
8,72,144.385,11.5066
8,77,117.394,8.91886
8,78,209.122,0
8,79,202.634,14.3965
8,80,172.14,14.7216
8,82,315.31,16.0746
8,85,160.758,13.769
8,86,242.126,20.4064
8,90,220.529,17.1567
8,95,225.302,5.84361
8,97,175.478,9.89876
8,98,57.6888,0
9,2,109.289,0
9,5,158.455,0
9,14,113.442,0
9,15,95.4254,0
9,16,112.588,0
9,19,151.709,1.14876
9,23,79.4796,0
9,30,81.5659,0
9,34,90.4434,0
9,38,65,0
9,44,155.657,0
9,46,166.208,0
9,49,144.402,0
9,56,92.0706,0
9,57,81.2712,0
9,61,136.18,0
9,63,170.3,0
9,65,162.361,0
9,71,108.665,0
9,91,115.572,0
9,93,106.301,0
10,1,202.861,17.028
10,4,323.119,17.0036
10,11,171.712,0
10,25,89.1079,7.58027
10,31,62.8013,0
10,32,58.4637,0
10,35,91.0824,0
10,41,202.965,5.76612
10,50,145.742,5.45815
10,54,75.2861,0
10,67,267.135,11.8727
10,89,185.757,10.7727
10,94,138.311,1.94467
11,10,171.712,0
11,13,247.76,21.199
11,25,143.84,0
11,35,83.2406,0
11,37,24.5967,0
11,39,178.362,0
11,43,75.1532,0
11,66,198.348,14.3847
11,74,23.7697,0
11,82,117.277,0
11,86,39.3573,0
11,88,15,0
11,89,90.2718,0
11,94,69.3542,0
11,96,143.684,0
12,2,137.827,11.0169
12,5,130.188,0
12,15,140.289,10.0178
12,19,129.83,11.0193
12,20,10.8167,0
12,24,50.774,0
12,27,115.974,0
12,38,137.877,0
12,48,117.085,0
12,53,152.161,0
12,56,187.934,13.3811
12,57,127.311,0
12,61,127.2,10.9048
12,62,91.2195,0
12,63,139.058,0
12,65,163.248,0
12,68,194.031,14.0428
12,71,120.354,0
12,73,135.204,0
12,76,102.259,0
12,79,162.733,0
12,90,208.454,12.8271
12,91,223.053,15.3705
13,3,255.905,20.7148
13,8,116.276,0
13,11,247.76,21.199
13,22,193.22,15.4524
13,29,202.033,8.19953
13,36,120.88,0
13,37,223.033,19.0411
13,39,205.372,13.6915
13,42,152.801,0
13,43,171.561,12.0075
13,51,191.133,0
13,55,210.3,10.4547
13,59,217.756,18.4904
13,66,80.025,0
13,69,41.1825,0
13,72,241.948,16.7437
13,77,201.208,7.86721
13,78,140.014,0
13,79,284.513,6.07774
13,80,255.796,21.3983
13,82,214.93,13.5863
13,85,245.137,19.8088
13,86,207.683,17.4033
13,88,241.083,20.6166
13,89,241.317,19.3684
13,94,264.979,22.5358
13,95,187.373,5.96545
13,96,240.333,15.2492
13,97,291.45,11.1267
13,98,173.666,0
14,5,126.905,0
14,7,120.063,5.92842
14,9,113.442,0
14,15,170.026,0
14,16,87.2983,0
14,18,261.947,21.0703
14,22,140.004,0
14,23,184.043,0
14,33,147.872,12.1681
14,34,115.918,0
14,38,134.373,0
14,44,42.5206,0
14,45,189.134,16.222
14,46,53.7587,0
14,47,257.771,20.7344
14,49,65.4599,0
14,55,177.792,0
14,57,121.926,0
14,59,142.341,0
14,63,130.096,0
14,65,106.471,0
14,71,116.469,0
14,75,102.201,0
14,93,70.859,0
14,95,168.297,0
15,2,15.2971,0
15,5,131.795,0
15,9,95.4254,0
15,12,140.289,10.0178
15,14,170.026,0
15,19,60.1976,1.95279
15,20,152.148,11.0056
15,23,140.73,0
15,24,177.882,14.5656
15,30,122.984,0
15,38,36.6742,0
15,49,162.561,0
15,56,47.7598,0
15,57,52.2015,0
15,61,42.7248,0.53334
15,63,146,0
15,65,154.302,0
15,68,116.692,0
15,71,79.8123,0
15,91,87.2067,0
16,7,174.627,7.71689
16,9,112.588,0
16,14,87.2983,0
16,18,206.755,17.258
16,23,147.719,0
16,30,167.371,0
16,33,162.777,13.9614
16,34,45.607,0
16,38,167.263,0
16,44,115.261,0
16,45,233.623,18.2842
16,46,126.921,0
16,47,225.493,19.3384
16,49,152.315,0
16,57,169.402,0
16,71,179.744,0
16,75,173.637,5.59204
16,93,16.4924,0
17,3,120.037,0
17,8,280.094,10.689
17,26,82.9277,0
17,28,80.7775,0
17,29,204.211,17.4736
17,36,283.795,22.8194
17,39,207.105,16.9199
17,42,247.523,11.2428
17,48,208.675,11.3705
17,51,248.806,21.201
17,52,43.7727,1.94545
17,53,213.969,16.9307
17,72,157.857,6.22567
17,73,167.075,0
17,77,201.087,17.1972
17,79,209.19,15.3253
17,80,101.124,0
17,85,122.119,4.14565
17,90,120.748,0
17,97,108.146,1.03905
17,98,223.555,9.93579
17,99,174.003,1.47371
18,6,271.542,17.7556
18,7,209.465,9.81536
18,14,261.947,21.0703
18,16,206.755,17.258
18,33,116.619,0
18,44,249.46,16.8922
18,45,115.966,0
18,46,254.454,16.5836
18,47,24,0
18,58,52.0201,4.44616
18,59,249.865,20.624
18,60,158.979,13.603
18,70,143.516,6.50769
18,75,229.655,13.3165
18,83,209.704,17.9193
18,93,219.097,18.7951
19,2,44.0787,1.48532
19,5,210.267,16.9831
19,9,151.709,1.14876
19,12,129.83,11.0193
19,15,60.1976,1.95279
19,20,138.008,11.7028
19,23,181.756,0.593922
19,24,111.421,8.27553
19,30,159.079,0.564053
19,38,97.6381,2.45087
19,56,74.2213,0.57065
19,57,128,9.68627
19,61,30.0666,0
19,62,208.91,16.6207
19,63,222.125,17.1951
19,68,81.9791,1.3192
19,71,172.861,14.7902
19,91,98.026,0.500025
20,2,147.846,11.7134
20,5,139.607,0
20,12,10.8167,0
20,15,152.148,11.0056
20,19,138.008,11.7028
20,24,47.3814,0
20,27,118.697,0
20,38,148.003,0
20,48,113.323,0
20,53,146.014,0
20,56,199.035,14.5071
20,57,137.975,0
20,61,136.458,11.704
20,62,80.6598,0
20,63,148.014,0
20,65,172.653,0
20,68,159.327,0
20,71,131.126,0
20,73,130.817,0
20,76,98.2344,0
20,79,165.557,0
20,90,202.757,11.9235
21,0,104.019,0
21,4,253.195,20.9193
21,60,181.882,14.5413
21,64,137.248,8.2646
21,70,121.078,0
21,81,224.065,18.8729
21,84,168.422,13.3473
21,87,63.0317,0
21,92,75.5558,5.09087
22,5,150.625,0
22,6,181.317,6.86809
22,7,79.4796,0
22,8,281.472,19.922
22,13,193.22,15.4524
22,14,140.004,0
22,29,267.636,22.1801
22,33,212.424,18.1798
22,36,189.235,16.0521
22,40,224.054,15.9109
22,44,101.514,0
22,45,164.7,11.0336
22,46,89.493,0
22,49,106.019,0
22,51,216.906,18.3994
22,55,116.778,0
22,59,34.9857,0
22,63,140.036,0
22,65,118.849,0
22,66,273.135,18.516
22,69,176.57,14.7962
22,75,65.2534,0
22,77,263.545,22.3008
22,78,73.6974,1.1672
22,79,182.705,0
22,82,154.897,0
22,95,86.954,0
22,96,173.168,11.4886
23,2,149.054,0
23,9,79.4796,0
23,14,184.043,0
23,15,140.73,0
23,16,147.719,0
23,19,181.756,0.593922
23,30,26.8328,0
23,34,105.323,0
23,38,126.396,0
23,56,107.648,0
23,57,151.03,0
23,61,171.919,0
23,71,182.792,0
23,91,101.242,0
23,93,150.27,0
24,2,162.85,12.7755
24,5,174.152,0
24,12,50.774,0
24,15,177.882,14.5656
24,19,111.421,8.27553
24,20,47.3814,0
24,27,165.952,0
24,38,220.227,18.613
24,48,156.17,0
24,53,182.584,0
24,56,187.179,15.3498
24,57,148.142,0
24,61,131.525,8.56708
24,62,94.3663,0
24,68,117.686,0
24,71,151.99,0
24,73,172.169,0
24,76,140.943,0
24,91,189.98,10.9704
25,1,227.688,13.608
25,4,233.444,19.7809
25,6,273.04,21.348
25,10,89.1079,7.58027
25,11,143.84,0
25,31,163.81,13.8561
25,32,156.73,13.0907
25,35,63.2535,0
25,37,155.913,0
25,40,229.553,17.4823
25,41,132.315,9.07273
25,50,113.361,3.58179
25,54,147.049,7.77261
25,67,144.411,11.8351
25,74,163.417,0
25,81,253.894,20.6645
25,82,138.463,0
25,86,164.149,0
25,88,158.836,0
25,89,106.005,0
25,94,87.9318,0
25,96,198.856,17.0098
26,3,66.7083,0
26,8,215.833,17.2445
26,17,82.9277,0
26,27,192.378,16.3805
26,28,17.088,0
26,29,116.503,0
26,36,210.518,14.9891
26,42,203.061,15.0966
26,48,112.213,5.14821
26,51,160,6.72414
26,52,53.9351,0
26,53,130.089,10.5683
26,55,229.369,17.4261
26,72,203.215,17.4214
26,73,84.5281,0
26,76,121.077,2.53341
26,77,115.763,0
26,79,155.99,12.8939
26,80,52.0096,0
26,85,67.3573,0
26,90,39.8121,0
26,97,158.435,13.4579
26,98,160.486,8.24483
26,99,143.265,0
27,3,119.144,9.92865
27,5,99.7647,0
27,8,251.838,21.2944
27,12,115.974,0
27,20,118.697,0
27,24,165.952,0
27,26,192.378,16.3805
27,28,177.84,15.2183
27,29,119.573,8.84526
27,36,194.834,16.432
27,42,258.94,22.2093
27,48,82.4288,5.16118
27,49,163.6,0
27,51,129.643,10.7721
27,52,237.151,19.0817
27,53,146.477,11.4988
27,55,89.6772,0
27,57,169.239,0
27,62,147.868,0
27,63,95.2103,0
27,65,120.416,0
27,69,272.843,20.7846
27,71,139.904,0
27,73,100.643,6.70952
27,76,75.1394,2.4143
27,77,122.71,9.01474
27,78,192.004,14.0842
27,79,46.8615,0
27,80,138.225,11.8577
27,85,132.603,11.0056
27,90,174.479,7.75464
27,95,121.062,0
27,98,220.148,18.5216
28,3,52.4786,0
28,8,198.947,16.4292
28,17,80.7775,0
28,26,17.088,0
28,27,177.84,15.2183
28,29,99.8649,0
28,36,192.793,14.3064
28,39,198.304,9.76981
28,42,188.017,14.7837
28,48,132.419,10.7356
28,51,144.132,6.79481
28,52,59.3043,0
28,53,143.02,11.6872
28,55,209.124,15.5736
28,72,184.085,15.7107
28,73,101.598,5.81457
28,76,148.507,11.5565
28,77,99.0202,0
28,79,141.793,11.9794
28,80,36.0694,0
28,85,51.6624,0
28,90,40.8044,0
28,97,150.231,12.0779
28,98,144.115,8.06244
28,99,160.178,0
29,3,56.2939,0
29,5,173.908,8.03621
29,8,120.332,9.25113
29,13,202.033,8.19953
29,17,204.211,17.4736
29,22,267.636,22.1801
29,26,116.503,0
29,27,119.573,8.84526
29,28,99.8649,0
29,36,92.4215,6.47412
29,39,205.397,17.6138
29,42,141.805,10.3886
29,48,212.057,16.5019
29,51,48.75,3.51562
29,52,145.602,0
29,53,248.121,19.8097
29,55,110.209,9.43046
29,63,163.779,8.64252
29,65,178.365,9.46811
29,66,205.25,10.5029
29,69,168.384,7.62181
29,72,149.4,9.03386
29,73,210.971,16.7438
29,76,216.247,18.0636
29,77,3.16228,0
29,78,201.183,6.56128
29,79,72.901,6.17061
29,80,64.8845,0
29,85,50.6952,0
29,90,116.886,3.79172
29,95,148.747,11.8909
29,97,120.005,4.1353
29,98,97.321,8.3222
30,2,129.402,0
30,9,81.5659,0
30,15,122.984,0
30,16,167.371,0
30,19,159.079,0.564053
30,23,26.8328,0
30,34,127.393,0
30,38,114.856,0
30,56,84.9706,0
30,57,141.598,0
30,61,150.479,0
30,68,157.842,0
30,71,174.874,0
30,91,74.6324,0
30,93,167.92,0
31,1,140.161,0
31,10,62.8013,0
31,25,163.81,13.8561
31,32,5.83095,0
31,35,152.053,0
31,41,225.061,16.7087
31,50,175.57,14.009
31,54,73.7835,0
32,1,142.594,0
32,10,58.4637,0
32,25,156.73,13.0907
32,31,5.83095,0
32,35,147.003,0
32,41,229.74,16.0886
32,50,175.09,13.9143
32,54,68.6003,0
33,6,299.667,17.4537
33,7,131.122,6.37401
33,14,147.872,12.1681
33,16,162.777,13.9614
33,18,116.619,0
33,22,212.424,18.1798
33,34,206.513,16.4826
33,44,131.848,11.3071
33,45,70.9366,0
33,46,138.136,11.7821
33,47,109.836,0
33,49,194.82,14.6632
33,58,166.174,7.7353
33,59,183.245,15.7162
33,60,271.078,19.6224
33,75,147.752,9.42203
33,83,247.506,20.9281
33,93,163.367,13.7402
34,9,90.4434,0
34,14,115.918,0
34,16,45.607,0
34,23,105.323,0
34,30,127.393,0
34,33,206.513,16.4826
34,38,153.574,0
34,44,151.568,0
34,46,163.625,0
34,49,176,0
34,56,177.71,0
34,57,163.221,0
34,71,181.648,0
34,93,54.4059,0
35,10,91.0824,0
35,11,83.2406,0
35,25,63.2535,0
35,31,152.053,0
35,32,147.003,0
35,37,99.3277,0
35,40,272.65,22.4429
35,41,184.713,14.8766
35,43,141.227,0
35,50,177.316,15.1956
35,54,126.127,0
35,67,191.494,16.3154
35,74,101.045,0
35,82,121.824,0
35,86,110.218,0
35,88,98.1122,0
35,89,82.801,0
35,94,49.6488,0
35,96,167.551,12.3909
36,3,150.855,12.6531
36,5,196.235,15.148
36,8,113.508,0
36,13,120.88,0
36,17,283.795,22.8194
36,22,189.235,16.0521
36,26,210.518,14.9891
36,27,194.834,16.432
36,28,192.793,14.3064
36,29,92.4215,6.47412
36,39,238.521,14.7053
36,42,157.835,0
36,43,283.025,15.2502
36,49,217.743,17.2423
36,51,70.7107,0
36,55,108.96,7.91423
36,59,223.288,19.0814
36,63,181.862,14.5196
36,65,185.514,14.8417
36,66,161.22,0
36,69,81.2158,0
36,72,251.219,13.3041
36,77,93.3801,6.3896
36,78,115.378,0
36,79,164.045,5.6333
36,80,158.178,12.9019
36,82,330,15.0761
36,85,143.349,12.0028
36,90,222.724,18.79
36,95,113.128,5.16458
36,97,237.142,15.1973
36,98,143.402,0
37,8,255.9,21.8999
37,11,24.5967,0
37,13,223.033,19.0411
37,25,155.913,0
37,35,99.3277,0
37,39,158.474,0
37,42,238.65,20.2538
37,43,50.5668,0
37,66,174.706,13.7821
37,69,262.282,21.8056
37,74,37.5766,0
37,82,104.005,0
37,86,14.7648,0
37,88,22.3607,0
37,89,84.1546,0
37,94,72.8354,0
37,96,132.242,0
38,2,51.9711,0
38,5,117.631,0
38,9,65,0
38,12,137.877,0
38,14,134.373,0
38,15,36.6742,0
38,16,167.263,0
38,19,97.6381,2.45087
38,20,148.003,0
38,23,126.396,0
38,24,220.227,18.613
38,30,114.856,0
38,34,153.574,0
38,44,170.294,0
38,46,177.882,0
38,49,133.989,0
38,56,64.405,0
38,57,28.178,0
38,61,78.8459,0.518536
38,63,131.488,0
38,65,133.686,0
38,68,149.833,0
38,71,62.1691,0
38,91,103.276,0
38,93,156.924,0
39,3,204.274,12.4999
39,8,125.32,10.4433
39,11,178.362,0
39,13,205.372,13.6915
39,17,207.105,16.9199
39,28,198.304,9.76981
39,29,205.397,17.6138
39,36,238.521,14.7053
39,37,158.474,0
39,42,80.5037,6.53882
39,43,121.643,0
39,51,268.348,15.7998
39,52,234.016,19.8961
39,66,127.706,10.5476
39,69,220.65,13.8871
39,72,49.2544,0
39,74,171.003,0
39,77,201.422,17.2693
39,80,189.555,10.5079
39,85,194.828,12.6904
39,86,147.526,0
39,88,165.511,0
39,97,93.3224,4.03178
39,98,109.916,9.42543
40,1,189.429,11.1346
40,4,176.4,15.0548
40,6,42.5,3.64583
40,7,180.473,3.745
40,22,224.054,15.9109
40,25,229.553,17.4823
40,35,272.65,22.4429
40,41,164.599,14.106
40,45,269.692,20.1788
40,47,289.136,21.6852
40,50,219.666,16.2924
40,58,207.556,11.8235
40,59,174.779,8.78222
40,60,239.13,19.5355
40,67,90.0244,5.30569
40,75,179.011,0
40,81,211.184,17.4156
40,82,177.326,15.2115
40,83,53.0094,0
40,84,250.21,21.0508
40,89,206.859,16.6982
40,92,235.609,20.0532
40,94,252.879,18.4077
40,96,146.612,12.1614
41,1,92.8515,7.85068
41,4,128.115,9.45965
41,6,196.495,16.7343
41,10,202.965,5.76612
41,25,132.315,9.07273
41,31,225.061,16.7087
41,32,229.74,16.0886
41,35,184.713,14.8766
41,40,164.599,14.106
41,50,57.7235,0
41,54,277.75,22.8131
41,64,179.793,11.3693
41,67,111.027,7.71043
41,81,122.666,10.5142
41,82,305.487,17.6467
41,83,169.699,8.7935
41,84,170.343,14.2261
41,89,226.164,19.3751
41,94,167.114,5.93296
41,96,290.778,13.8036
42,3,179.352,15.3532
42,8,46.1736,0
42,13,152.801,0
42,17,247.523,11.2428
42,26,203.061,15.0966
42,27,258.94,22.2093
42,28,188.017,14.7837
42,29,141.805,10.3886
42,36,157.835,0
42,37,238.65,20.2538
42,39,80.5037,6.53882
42,43,200.155,15.5317
42,51,190.767,0
42,52,258.248,19.8642
42,55,262.858,10.0869
42,66,99.3177,0
42,69,152.643,0
42,72,96.6687,8.18593
42,77,138.192,9.96576
42,78,255.155,0
42,79,214.82,16.8552
42,80,168.264,14.1285
42,85,167.774,14.392
42,86,226.581,19.4325
42,90,216.395,15.9079
42,95,270.518,5.93401
42,97,132.401,10.2619
42,98,46.1736,0
43,8,207.006,15.1504
43,11,75.1532,0
43,13,171.561,12.0075
43,35,141.227,0
43,36,283.025,15.2502
43,37,50.5668,0
43,39,121.643,0
43,42,200.155,15.5317
43,66,124.839,10.6506
43,69,210.534,13.4218
43,72,168.656,0
43,74,82.8794,0
43,78,303.428,13.8383
43,82,94.414,0
43,86,35.8469,0
43,88,69.4046,0
43,89,94.8103,0
43,94,101.833,0
43,96,123.438,0
43,98,246.797,16.981
44,5,133.6,0
44,7,76.3984,4.44973
44,9,155.657,0
44,14,42.5206,0
44,16,115.261,0
44,18,249.46,16.8922
44,22,101.514,0
44,33,131.848,11.3071
44,34,151.568,0
44,38,170.294,0
44,45,159.994,12.8454
44,46,12.083,0
44,47,240.562,16.2896
44,49,62.9682,0
44,55,162.339,0
44,57,153.551,0
44,58,297.659,21.4658
44,59,100.265,0
44,63,132.201,0
44,65,105.262,0
44,71,140.161,0
44,75,59.9083,0
44,78,157.16,0.988103
44,93,100.225,0
44,95,146.164,0
45,6,226.8,16.0364
45,7,92.6307,7.35164
45,14,189.134,16.222
45,16,233.623,18.2842
45,18,115.966,0
45,22,164.7,11.0336
45,33,70.9366,0
45,40,269.692,20.1788
45,44,159.994,12.8454
45,46,165.495,11.9347
45,47,96.5401,0
45,49,229.255,19.64
45,58,147.236,7.59833
45,59,134.623,10.0496
45,60,242.43,16.846
45,70,245.203,20.6809
45,75,109.557,9.35919
45,83,179.541,15.0544
45,93,214.814,17.9012
46,5,132.85,0
46,7,58.0517,0
46,9,166.208,0
46,14,53.7587,0
46,16,126.921,0
46,18,254.454,16.5836
46,22,89.493,0
46,33,138.136,11.7821
46,34,163.625,0
46,38,177.882,0
46,44,12.083,0
46,45,165.495,11.9347
46,47,245.172,15.6965
46,49,62.3939,0
46,55,155.048,0
46,57,159.812,0
46,58,301.494,21.0157
46,59,88.6172,0
46,63,130.173,0
46,65,102.927,0
46,71,144.17,0
46,75,50.0899,0
46,78,146.506,0.989529
46,93,112.058,0
46,95,137.295,0
47,6,251.207,16.9182
47,7,189.333,9.94127
47,14,257.771,20.7344
47,16,225.493,19.3384
47,18,24,0
47,33,109.836,0
47,40,289.136,21.6852
47,44,240.562,16.2896
47,45,96.5401,0
47,46,245.172,15.6965
47,58,56.3498,4.76965
47,59,228.079,19.2496
47,60,159.224,13.6564
47,70,153.757,8.13398
47,75,206.647,13.7764
47,83,189.838,16.2752
47,93,241.109,19.6379
48,3,139.815,10.6048
48,5,162.936,0
48,12,117.085,0
48,17,208.675,11.3705
48,20,113.323,0
48,24,156.17,0
48,26,112.213,5.14821
48,27,82.4288,5.16118
48,28,132.419,10.7356
48,29,212.057,16.5019
48,51,264.38,13.1397
48,52,154.12,0
48,53,58.4457,4.32676
48,55,167.045,4.87214
48,62,99.4786,0
48,63,161.276,0
48,73,19.4165,0
48,76,15.2315,0
48,77,210.015,16.9722
48,79,149.127,12.0721
48,80,143.151,12.1127
48,85,149.745,12.2559
48,90,86.5149,7.42143
49,2,175.328,0
49,5,70.7107,0
49,7,115.624,0
49,9,144.402,0
49,14,65.4599,0
49,15,162.561,0
49,16,152.315,0
49,22,106.019,0
49,27,163.6,0
49,33,194.82,14.6632
49,34,176,0
49,36,217.743,17.2423
49,38,133.989,0
49,44,62.9682,0
49,45,229.255,19.64
49,46,62.3939,0
49,51,193.568,11.7045
49,55,112.787,0
49,57,110.494,0
49,59,124.064,0
49,63,69.527,0
49,65,43.1856,0
49,69,245.812,20.5131
49,71,87.4757,0
49,75,103.005,0
49,78,131.588,1.05214
49,79,168.621,0
49,93,135.823,0
49,95,106.569,0
50,1,115.145,8.68386
50,4,185.405,9.85563
50,6,240.15,20.5069
50,10,145.742,5.45815
50,25,113.361,3.58179
50,31,175.57,14.009
50,32,175.09,13.9143
50,35,177.316,15.1956
50,40,219.666,16.2924
50,41,57.7235,0
50,54,220.222,18.8717
50,64,216.339,16.0801
50,67,135.28,10.3833
50,81,176.212,13.0284
50,82,269.367,22.3607
50,83,224.76,17.7639
50,84,192.917,15.2694
50,89,197.857,15.6625
50,94,195.617,16.5465
50,96,287.502,17.8359
51,3,105.924,8.5686
51,5,163.575,10.905
51,8,154.932,0
51,13,191.133,0
51,17,248.806,21.201
51,22,216.906,18.3994
51,26,160,6.72414
51,27,129.643,10.7721
51,28,144.132,6.79481
51,29,48.75,3.51562
51,36,70.7107,0
51,39,268.348,15.7998
51,42,190.767,0
51,48,264.38,13.1397
51,49,193.568,11.7045
51,52,193.162,7.90208
51,53,318.14,16.2565
51,55,81.0144,6.60495
51,59,255.239,21.8812
51,63,150.151,10.5206
51,65,160.294,11.0505
51,66,221.883,0
51,69,151.908,0
51,72,233.37,18.031
51,73,276.712,12.0899
51,76,247.456,19.0601
51,77,50.8134,3.85149
51,78,159.223,0
51,79,93.3916,5.00312
51,80,107.886,6.24996
51,85,93.523,6.23487
51,90,219.823,15.0599
51,95,103.931,8.12272
51,97,156.528,8.60247
51,98,160.012,0
52,3,109.11,0
52,8,250.951,21.4758
52,17,43.7727,1.94545
52,26,53.9351,0
52,27,237.151,19.0817
52,28,59.3043,0
52,29,145.602,0
52,39,234.016,19.8961
52,42,258.248,19.8642
52,48,154.12,0
52,51,193.162,7.90208
52,53,178.793,15.0766
52,72,193.317,14.8646
52,73,141.553,2.06261
52,76,169.248,0
52,77,143.84,0
52,79,198.45,14.2952
52,80,90.4765,0
52,85,105.309,0
52,90,93.7443,0
52,97,138.228,10.5691
52,98,195.881,16.4395
52,99,136.066,0
53,3,167.371,12.7234
53,12,152.161,0
53,17,213.969,16.9307
53,20,146.014,0
53,24,182.584,0
53,26,130.089,10.5683
53,27,146.477,11.4988
53,28,143.02,11.6872
53,29,248.121,19.8097
53,48,58.4457,4.32676
53,51,318.14,16.2565
53,52,178.793,15.0766
53,62,104.01,0
53,73,45.5926,3.84457
53,76,55.9464,0
53,77,238.018,20.0885
53,79,220.838,14.7225
53,80,146.454,12.4966
53,85,170.292,14.2319
53,90,79.5071,6.80227
53,99,147.122,2.15946
54,10,75.2861,0
54,25,147.049,7.77261
54,31,73.7835,0
54,32,68.6003,0
54,35,126.127,0
54,41,277.75,22.8131
54,50,220.222,18.8717
54,94,175.775,0
55,3,162.564,13.9403
55,5,87.7097,0
55,7,182.631,0
55,8,220.555,9.95138
55,13,210.3,10.4547
55,14,177.792,0
55,22,116.778,0
55,26,229.369,17.4261
55,27,89.6772,0
55,28,209.124,15.5736
55,29,110.209,9.43046
55,36,108.96,7.91423
55,42,262.858,10.0869
55,44,162.339,0
55,46,155.048,0
55,48,167.045,4.87214
55,49,112.787,0
55,51,81.0144,6.60495
55,57,177.099,0
55,59,151.608,0
55,63,73.7902,0
55,65,79.511,0
55,66,266.519,10.9446
55,69,171.698,9.39791
55,71,143.126,0
55,73,206.837,15.2206
55,75,166.352,0
55,76,172.304,6.07484
55,77,116.85,10.0194
55,78,96.0843,8.22156
55,79,67.0075,0
55,80,163.853,12.0693
55,85,151.691,12.2807
55,90,246.842,19.984
55,95,31.4006,0
55,98,238.015,9.93505
56,2,48.0104,0
56,5,177.045,0
56,9,92.0706,0
56,12,187.934,13.3811
56,15,47.7598,0
56,19,74.2213,0.57065
56,20,199.035,14.5071
56,23,107.648,0
56,24,187.179,15.3498
56,30,84.9706,0
56,34,177.71,0
56,38,64.405,0
56,57,90.5207,0
56,61,65.7875,0
56,68,95.4254,0
56,71,122.788,0
56,91,40.2244,0
57,2,65.7343,0
57,5,89.4707,0
57,9,81.2712,0
57,12,127.311,0
57,14,121.926,0
57,15,52.2015,0
57,16,169.402,0
57,19,128,9.68627
57,20,137.975,0
57,23,151.03,0
57,24,148.142,0
57,27,169.239,0
57,30,141.598,0
57,34,163.221,0
57,38,28.178,0
57,44,153.551,0
57,46,159.812,0
57,49,110.494,0
57,55,177.099,0
57,56,90.5207,0
57,61,92.0061,2.35648
57,63,103.31,0
57,65,106.217,0
57,68,168.867,0
57,71,34.0147,0
57,91,130.231,0
57,93,157,0
58,6,194.833,15.3832
58,7,233.654,16.3675
58,18,52.0201,4.44616
58,33,166.174,7.7353
58,40,207.556,11.8235
58,44,297.659,21.4658
58,45,147.236,7.59833
58,46,301.494,21.0157
58,47,56.3498,4.76965
58,59,255.781,21.8918
58,60,107.119,9.02917
58,70,97.8008,0
58,75,248.682,19.4628
58,83,149.281,8.58725
58,92,240.717,20.3518
59,5,178.281,0
59,6,151.017,7.05263
59,7,56.0089,0
59,13,217.756,18.4904
59,14,142.341,0
59,18,249.865,20.624
59,22,34.9857,0
59,33,183.245,15.7162
59,36,223.288,19.0814
59,40,174.779,8.78222
59,44,100.265,0
59,45,134.623,10.0496
59,46,88.6172,0
59,47,228.079,19.2496
59,49,124.064,0
59,51,255.239,21.8812
59,55,151.608,0
59,58,255.781,21.8918
59,63,169.003,0
59,65,145.496,0
59,69,209.915,17.9616
59,75,46.8402,0
59,78,106.765,1.31636
59,82,155.476,2.87032
59,83,196.973,15.2786
59,95,121.939,0
59,96,191.964,16.4117
60,4,273.187,17.4283
60,6,247.76,11.3737
60,18,158.979,13.603
60,21,181.882,14.5413
60,33,271.078,19.6224
60,40,239.13,19.5355
60,45,242.43,16.846
60,47,159.224,13.6564
60,58,107.119,9.02917
60,64,220.528,18.0189
60,70,91.0075,5.41711
60,81,271.991,21.1107
60,83,191.945,7.71541
60,84,186.594,10.1582
60,87,238.389,19.8936
60,92,134.71,10.0297
61,2,26.9258,0
61,5,187.767,14.2368
61,9,136.18,0
61,12,127.2,10.9048
61,15,42.7248,0.53334
61,19,30.0666,0
61,20,136.458,11.704
61,23,171.919,0
61,24,131.525,8.56708
61,30,150.479,0
61,38,78.8459,0.518536
61,56,65.7875,0
61,57,92.0061,2.35648
61,62,220.253,17.8919
61,63,200.845,14.5024
61,65,216.33,15.2702
61,68,91.4466,0.609418
61,71,142.663,11.9959
61,91,95.0053,0
62,12,91.2195,0
62,19,208.91,16.6207
62,20,80.6598,0
62,24,94.3663,0
62,27,147.868,0
62,48,99.4786,0
62,53,104.01,0
62,61,220.253,17.8919
62,73,107.168,0
62,76,87.7268,0
62,90,165.927,5.71777
63,2,154.175,0
63,3,197.569,14.2946
63,5,14.2127,0
63,7,177.406,0
63,9,170.3,0
63,12,139.058,0
63,14,130.096,0
63,15,146,0
63,19,222.125,17.1951
63,20,148.014,0
63,22,140.036,0
63,27,95.2103,0
63,29,163.779,8.64252
63,36,181.862,14.5196
63,38,131.488,0
63,44,132.201,0
63,46,130.173,0
63,48,161.276,0
63,49,69.527,0
63,51,150.151,10.5206
63,55,73.7902,0
63,57,103.31,0
63,59,169.003,0
63,61,200.845,14.5024
63,65,27.2947,0
63,69,238.869,20.4914
63,71,69.3542,0
63,73,177.598,0
63,75,162.641,0
63,76,156.646,0
63,77,165.869,8.3072
63,78,131.111,2.99254
63,79,108.853,0
63,80,217.348,15.0043
63,85,205.128,15.1096
63,95,88.4138,0
64,1,110.476,0
64,4,103.313,8.4825
64,21,137.248,8.2646
64,41,179.793,11.3693
64,50,216.339,16.0801
64,60,220.528,18.0189
64,67,288.826,21.9238
64,81,75.2455,3.75771
64,83,258.782,22.1215
64,84,25.4558,0
64,87,113.508,0
64,92,133.587,11.0747
65,2,164.502,0
65,3,217.664,14.855
65,5,33.0606,0
65,7,150.572,0
65,9,162.361,0
65,12,163.248,0
65,14,106.471,0
65,15,154.302,0
65,20,172.653,0
65,22,118.849,0
65,27,120.416,0
65,29,178.365,9.46811
65,36,185.514,14.8417
65,38,133.686,0
65,44,105.262,0
65,46,102.927,0
65,49,43.1856,0
65,51,160.294,11.0505
65,55,79.511,0
65,57,106.217,0
65,59,145.496,0
65,61,216.33,15.2702
65,63,27.2947,0
65,69,234.307,20.0987
65,71,74.5185,0
65,75,136.062,0
65,76,183.6,0
65,77,182.291,9.85222
65,78,120.31,1.89546
65,79,127.812,0
65,85,219.807,14.4054
65,93,174.977,0
65,95,84.119,0
66,3,253.085,20.8603
66,8,86.093,0
66,11,198.348,14.3847
66,13,80.025,0
66,22,273.135,18.516
66,29,205.25,10.5029
66,36,161.22,0
66,37,174.706,13.7821
66,39,127.706,10.5476
66,42,99.3177,0
66,43,124.839,10.6506
66,51,221.883,0
66,55,266.519,10.9446
66,69,105.622,0
66,72,166.338,14.1561
66,74,201.933,14.2781
66,77,200.605,10.6667
66,78,215.87,0
66,79,293.446,12.3323
66,80,258.227,20.7248
66,82,234.566,15.0175
66,85,245.78,19.5364
66,86,159.873,13.0919
66,88,190.088,13.9558
66,89,234.729,19.9302
66,94,239.093,19.9519
66,95,254.912,6.03738
66,96,265.331,18.1353
66,97,228.603,13.3705
66,98,136.894,0
67,1,169.088,14.3421
67,4,187.463,7.90524
67,6,130.68,9.97734
67,10,267.135,11.8727
67,25,144.411,11.8351
67,35,191.494,16.3154
67,40,90.0244,5.30569
67,41,111.027,7.71043
67,50,135.28,10.3833
67,64,288.826,21.9238
67,81,222.421,6.54541
67,82,224.282,9.47733
67,83,119.196,8.09461
67,84,264.546,16.6002
67,89,210.399,9.44134
67,94,202.96,15.5187
67,96,204.797,1.04466
68,2,103.619,0
68,12,194.031,14.0428
68,15,116.692,0
68,19,81.9791,1.3192
68,20,159.327,0
68,24,117.686,0
68,30,157.842,0
68,38,149.833,0
68,56,95.4254,0
68,57,168.867,0
68,61,91.4466,0.609418
68,91,83.3547,0
69,3,223.887,18.7382
69,5,253.085,21.6057
69,8,109.179,0
69,13,41.1825,0
69,22,176.57,14.7962
69,27,272.843,20.7846
69,29,168.384,7.62181
69,36,81.2158,0
69,37,262.282,21.8056
69,39,220.65,13.8871
69,42,152.643,0
69,43,210.534,13.4218
69,49,245.812,20.5131
69,51,151.908,0
69,55,171.698,9.39791
69,59,209.915,17.9616
69,63,238.869,20.4914
69,65,234.307,20.0987
69,66,105.622,0
69,72,252.097,15.1331
69,75,241.764,19.8612
69,77,167.179,7.63758
69,78,111.158,0
69,79,245.266,5.93792
69,80,227.821,19.3804
69,82,250.295,14.0026
69,85,216.111,17.9202
69,86,248.116,19.7456
69,89,279.484,21.0312
69,95,151.395,5.44049
69,96,270.82,15.6288
69,97,283.182,10.9589
69,98,162.432,0
70,0,179.644,0
70,18,143.516,6.50769
70,21,121.078,0
70,45,245.203,20.6809
70,47,153.757,8.13398
70,58,97.8008,0
70,60,91.0075,5.41711
70,83,279.094,22.5883
70,87,181.463,0
70,92,172.884,14.5671
71,2,90.5539,0
71,5,55.4617,0
71,9,108.665,0
71,12,120.354,0
71,14,116.469,0
71,15,79.8123,0
71,16,179.744,0
71,19,172.861,14.7902
71,20,131.126,0
71,23,182.792,0
71,24,151.99,0
71,27,139.904,0
71,30,174.874,0
71,34,181.648,0
71,38,62.1691,0
71,44,140.161,0
71,46,144.17,0
71,49,87.4757,0
71,55,143.126,0
71,56,122.788,0
71,57,34.0147,0
71,61,142.663,11.9959
71,63,69.3542,0
71,65,74.5185,0
71,76,181.835,0
71,79,168.502,0
71,91,162.89,0
71,93,165.469,0
71,95,155.862,0
72,3,142.274,0
72,8,144.385,11.5066
72,13,241.948,16.7437
72,17,157.857,6.22567
72,26,203.215,17.4214
72,28,184.085,15.7107
72,29,149.4,9.03386
72,36,251.219,13.3041
72,39,49.2544,0
72,42,96.6687,8.18593
72,43,168.656,0
72,51,233.37,18.031
72,52,193.317,14.8646
72,66,166.338,14.1561
72,69,252.097,15.1331
72,77,146.234,8.98408
72,79,210.997,14.8435
72,80,129.402,0
72,85,131.822,0
72,90,214.334,16.075
72,97,48.6286,3.98694
72,98,107.856,8.94424
73,3,132.009,10.2412
73,5,180.069,0
73,12,135.204,0
73,17,167.075,0
73,20,130.817,0
73,24,172.169,0
73,26,84.5281,0
73,27,100.643,6.70952
73,28,101.598,5.81457
73,29,210.971,16.7438
73,48,19.4165,0
73,51,276.712,12.0899
73,52,141.553,2.06261
73,53,45.5926,3.84457
73,55,206.837,15.2206
73,62,107.168,0
73,63,177.598,0
73,76,33.0606,0
73,77,213.462,16.8803
73,79,172.301,11.5659
73,80,127.443,10.9294
73,85,140.456,11.7047
73,90,63.5279,5.35695
73,97,267.043,22.6942
73,99,228.85,19.1935
74,11,23.7697,0
74,25,163.417,0
74,35,101.045,0
74,37,37.5766,0
74,39,171.003,0
74,43,82.8794,0
74,66,201.933,14.2781
74,82,139.043,0
74,86,50.2195,0
74,88,15.2315,0
74,89,113.745,0
74,94,92.8493,0
74,96,166.193,0
75,5,168.671,0
75,6,187.443,13.0591
75,7,16.2788,0
75,14,102.201,0
75,16,173.637,5.59204
75,18,229.655,13.3165
75,22,65.2534,0
75,33,147.752,9.42203
75,40,179.011,0
75,44,59.9083,0
75,45,109.557,9.35919
75,46,50.0899,0
75,47,206.647,13.7764
75,49,103.005,0
75,55,166.352,0
75,58,248.682,19.4628
75,59,46.8402,0
75,63,162.641,0
75,65,136.062,0
75,69,241.764,19.8612
75,78,136.866,1.08567
75,83,212.762,16.8664
75,93,159.24,4.76679
75,95,141.113,0
75,96,236.748,19.889
76,3,153.108,12.525
76,5,157.035,0
76,12,102.259,0
76,20,98.2344,0
76,24,140.943,0
76,26,121.077,2.53341
76,27,75.1394,2.4143
76,28,148.507,11.5565
76,29,216.247,18.0636
76,48,15.2315,0
76,51,247.456,19.0601
76,52,169.248,0
76,53,55.9464,0
76,55,172.304,6.07484
76,62,87.7268,0
76,63,156.646,0
76,65,183.6,0
76,71,181.835,0
76,73,33.0606,0
76,77,217.539,18.2898
76,79,115.541,5.3259
76,80,161.002,13.7407
76,85,162.826,13.8156
76,90,101.712,8.44472
77,3,56.7186,0
77,5,179.056,8.82748
77,8,117.394,8.91886
77,13,201.208,7.86721
77,17,201.087,17.1972
77,22,263.545,22.3008
77,26,115.763,0
77,27,122.71,9.01474
77,28,99.0202,0
77,29,3.16228,0
77,36,93.3801,6.3896
77,39,201.422,17.2693
77,42,138.192,9.96576
77,48,210.015,16.9722
77,51,50.8134,3.85149
77,52,143.84,0
77,53,238.018,20.0885
77,55,116.85,10.0194
77,63,165.869,8.3072
77,65,182.291,9.85222
77,66,200.605,10.6667
77,69,167.179,7.63758
77,72,146.234,8.98408
77,73,213.462,16.8803
77,76,217.539,18.2898
77,78,196.558,8.82527
77,79,75.2443,6.44262
77,80,64.405,0
77,85,50.5964,0
77,90,115.156,2.8858
77,95,153.517,12.0586
77,97,117.02,4.12571
77,98,94.8296,8.03686
78,3,279.018,15.6281
78,5,145.104,3.06163
78,7,152.086,1.10962
78,8,209.122,0
78,13,140.014,0
78,22,73.6974,1.1672
78,27,192.004,14.0842
78,29,201.183,6.56128
78,36,115.378,0
78,42,255.155,0
78,43,303.428,13.8383
78,44,157.16,0.988103
78,46,146.506,0.989529
78,49,131.588,1.05214
78,51,159.223,0
78,55,96.0843,8.22156
78,59,106.765,1.31636
78,63,131.111,2.99254
78,65,120.31,1.89546
78,66,215.87,0
78,69,111.158,0
78,75,136.866,1.08567
78,77,196.558,8.82527
78,79,212.875,12.0879
78,80,268.521,21.2929
78,82,283.143,13.8398
78,85,253.025,18.8069
78,95,51.1345,4.2897
78,96,248.898,20.185
78,98,252.389,0
79,3,89.5043,5.4121
79,5,118.512,0
79,8,202.634,14.3965
79,12,162.733,0
79,13,284.513,6.07774
79,17,209.19,15.3253
79,20,165.557,0
79,22,182.705,0
79,26,155.99,12.8939
79,27,46.8615,0
79,28,141.793,11.9794
79,29,72.901,6.17061
79,36,164.045,5.6333
79,42,214.82,16.8552
79,48,149.127,12.0721
79,49,168.621,0
79,51,93.3916,5.00312
79,52,198.45,14.2952
79,53,220.838,14.7225
79,55,67.0075,0
79,63,108.853,0
79,65,127.812,0
79,66,293.446,12.3323
79,69,245.266,5.93792
79,71,168.502,0
79,72,210.997,14.8435
79,73,172.301,11.5659
79,76,115.541,5.3259
79,77,75.2443,6.44262
79,78,212.875,12.0879
79,80,107.843,8.83698
79,85,95.5625,6.03455
79,90,179.636,3.5797
79,95,95.7706,0
79,97,174.231,9.94211
79,98,170.082,14.4957
80,3,19.105,0
80,8,172.14,14.7216
80,13,255.796,21.3983
80,17,101.124,0
80,26,52.0096,0
80,27,138.225,11.8577
80,28,36.0694,0
80,29,64.8845,0
80,36,158.178,12.9019
80,39,189.555,10.5079
80,42,168.264,14.1285
80,48,143.151,12.1127
80,51,107.886,6.24996
80,52,90.4765,0
80,53,146.454,12.4966
80,55,163.853,12.0693
80,63,217.348,15.0043
80,66,258.227,20.7248
80,69,227.821,19.3804
80,72,129.402,0
80,73,127.443,10.9294
80,76,161.002,13.7407
80,77,64.405,0
80,78,268.521,21.2929
80,79,107.843,8.83698
80,85,15.6205,0
80,90,49.4975,0
80,95,221.726,19.0124
80,97,147.699,12.1989
80,98,123.639,8.47593
81,1,68.5065,4.02865
81,4,36,0
81,6,251.082,18.5798
81,21,224.065,18.8729
81,25,253.894,20.6645
81,40,211.184,17.4156
81,41,122.666,10.5142
81,50,176.212,13.0284
81,60,271.991,21.1107
81,64,75.2455,3.75771
81,67,222.421,6.54541
81,83,239.476,15.6388
81,84,52.0967,3.90725
81,87,189.041,5.54278
81,92,186.571,13.6532
82,6,228.637,15.4091
82,8,315.31,16.0746
82,11,117.277,0
82,13,214.93,13.5863
82,22,154.897,0
82,25,138.463,0
82,35,121.824,0
82,36,330,15.0761
82,37,104.005,0
82,40,177.326,15.2115
82,41,305.487,17.6467
82,43,94.414,0
82,50,269.367,22.3607
82,59,155.476,2.87032
82,66,234.566,15.0175
82,67,224.282,9.47733
82,69,250.295,14.0026
82,74,139.043,0
82,78,283.143,13.8398
82,83,266.343,21.0886
82,86,97.7394,0
82,88,124.487,0
82,89,39.0512,0
82,94,73.5391,0
82,96,29.4109,0
83,1,257.927,22.1264
83,4,203.159,14.7769
83,6,48.6845,4.15697
83,7,199.613,15.8811
83,18,209.704,17.9193
83,33,247.506,20.9281
83,40,53.0094,0
83,41,169.699,8.7935
83,45,179.541,15.0544
83,47,189.838,16.2752
83,50,224.76,17.7639
83,58,149.281,8.58725
83,59,196.973,15.2786
83,60,191.945,7.71541
83,64,258.782,22.1215
83,67,119.196,8.09461
83,70,279.094,22.5883
83,75,212.762,16.8664
83,81,239.476,15.6388
83,82,266.343,21.0886
83,84,260.046,18.7533
83,92,191.476,16.4207
83,96,244.813,14.0849
84,1,91,0
84,4,77.5718,6.59517
84,6,273.361,22.4485
84,21,168.422,13.3473
84,40,250.21,21.0508
84,41,170.343,14.2261
84,50,192.917,15.2694
84,60,186.594,10.1582
84,64,25.4558,0
84,67,264.546,16.6002
84,81,52.0967,3.90725
84,83,260.046,18.7533
84,87,136.015,0
84,92,134.45,11.2955
85,3,10.6301,0
85,5,216.049,15.7914
85,8,160.758,13.769
85,13,245.137,19.8088
85,17,122.119,4.14565
85,26,67.3573,0
85,27,132.603,11.0056
85,28,51.6624,0
85,29,50.6952,0
85,36,143.349,12.0028
85,39,194.828,12.6904
85,42,167.774,14.392
85,48,149.745,12.2559
85,51,93.523,6.23487
85,52,105.309,0
85,53,170.292,14.2319
85,55,151.691,12.2807
85,63,205.128,15.1096
85,65,219.807,14.4054
85,66,245.78,19.5364
85,69,216.111,17.9202
85,72,131.822,0
85,73,140.456,11.7047
85,76,162.826,13.8156
85,77,50.5964,0
85,78,253.025,18.8069
85,79,95.5625,6.03455
85,80,15.6205,0
85,90,60.2151,0.493287
85,95,206.587,17.4616
85,97,127.456,9.35746
85,98,121.422,9.37291
86,8,242.126,20.4064
86,11,39.3573,0
86,13,207.683,17.4033
86,25,164.149,0
86,35,110.218,0
86,37,14.7648,0
86,39,147.526,0
86,42,226.581,19.4325
86,43,35.8469,0
86,66,159.873,13.0919
86,69,248.116,19.7456
86,74,50.2195,0
86,82,97.7394,0
86,88,35.4683,0
86,89,83.3547,0
86,94,78.2368,0
86,96,126.752,0
86,98,274.761,22.9782
87,0,84.006,0
87,21,63.0317,0
87,60,238.389,19.8936
87,64,113.508,0
87,70,181.463,0
87,81,189.041,5.54278
87,84,136.015,0
87,92,127.681,7.95604
88,11,15,0
88,13,241.083,20.6166
88,25,158.836,0
88,35,98.1122,0
88,37,22.3607,0
88,39,165.511,0
88,43,69.4046,0
88,66,190.088,13.9558
88,74,15.2315,0
88,82,124.487,0
88,86,35.4683,0
88,89,100.807,0
88,94,82.8553,0
88,96,152.013,0
89,6,197.22,15.5933
89,10,185.757,10.7727
89,11,90.2718,0
89,13,241.317,19.3684
89,25,106.005,0
89,35,82.801,0
89,37,84.1546,0
89,40,206.859,16.6982
89,41,226.164,19.3751
89,43,94.8103,0
89,50,197.857,15.6625
89,66,234.729,19.9302
89,67,210.399,9.44134
89,69,279.484,21.0312
89,74,113.745,0
89,82,39.0512,0
89,86,83.3547,0
89,88,100.807,0
89,94,34.8281,0
89,96,75.2946,6.21028
90,3,62.6658,4.12938
90,8,220.529,17.1567
90,12,208.454,12.8271
90,17,120.748,0
90,20,202.757,11.9235
90,26,39.8121,0
90,27,174.479,7.75464
90,28,40.8044,0
90,29,116.886,3.79172
90,36,222.724,18.79
90,42,216.395,15.9079
90,48,86.5149,7.42143
90,51,219.823,15.0599
90,52,93.7443,0
90,53,79.5071,6.80227
90,55,246.842,19.984
90,62,165.927,5.71777
90,72,214.334,16.075
90,73,63.5279,5.35695
90,76,101.712,8.44472
90,77,115.156,2.8858
90,79,179.636,3.5797
90,80,49.4975,0
90,85,60.2151,0.493287
90,97,190.904,16.3632
90,98,172.976,9.17802
90,99,159.906,0
91,2,84.4808,0
91,9,115.572,0
91,12,223.053,15.3705
91,15,87.2067,0
91,19,98.026,0.500025
91,23,101.242,0
91,24,189.98,10.9704
91,30,74.6324,0
91,38,103.276,0
91,56,40.2244,0
91,57,130.231,0
91,61,95.0053,0
91,68,83.3547,0
91,71,162.89,0
92,0,178.71,5.67018
92,1,240.738,20.5686
92,4,197.784,10.2863
92,6,240.746,20.6073
92,21,75.5558,5.09087
92,40,235.609,20.0532
92,58,240.717,20.3518
92,60,134.71,10.0297
92,64,133.587,11.0747
92,70,172.884,14.5671
92,81,186.571,13.6532
92,83,191.476,16.4207
92,84,134.45,11.2955
92,87,127.681,7.95604
93,7,162.93,7.51829
93,9,106.301,0
93,14,70.859,0
93,16,16.4924,0
93,18,219.097,18.7951
93,23,150.27,0
93,30,167.92,0
93,33,163.367,13.7402
93,34,54.4059,0
93,38,156.924,0
93,44,100.225,0
93,45,214.814,17.9012
93,46,112.058,0
93,47,241.109,19.6379
93,49,135.823,0
93,57,157,0
93,65,174.977,0
93,71,165.469,0
93,75,159.24,4.76679
94,6,259.004,22.1233
94,10,138.311,1.94467
94,11,69.3542,0
94,13,264.979,22.5358
94,25,87.9318,0
94,35,49.6488,0
94,37,72.8354,0
94,40,252.879,18.4077
94,41,167.114,5.93296
94,43,101.833,0
94,50,195.617,16.5465
94,54,175.775,0
94,66,239.093,19.9519
94,67,202.96,15.5187
94,74,92.8493,0
94,82,73.5391,0
94,86,78.2368,0
94,88,82.8553,0
94,89,34.8281,0
94,96,111.259,7.91872
95,3,214.749,17.5762
95,5,102.533,0
95,7,157.29,0
95,8,225.302,5.84361
95,13,187.373,5.96545
95,14,168.297,0
95,22,86.954,0
95,27,121.062,0
95,29,148.747,11.8909
95,36,113.128,5.16458
95,42,270.518,5.93401
95,44,146.164,0
95,46,137.295,0
95,49,106.569,0
95,51,103.931,8.12272
95,55,31.4006,0
95,59,121.939,0
95,63,88.4138,0
95,65,84.119,0
95,66,254.912,6.03738
95,69,151.395,5.44049
95,71,155.862,0
95,75,141.113,0
95,77,153.517,12.0586
95,78,51.1345,4.2897
95,79,95.7706,0
95,80,221.726,19.0124
95,85,206.587,17.4616
95,98,253.345,6.66953
96,6,199.166,7.33967
96,7,240.374,20.2104
96,11,143.684,0
96,13,240.333,15.2492
96,22,173.168,11.4886
96,25,198.856,17.0098
96,35,167.551,12.3909
96,37,132.242,0
96,40,146.612,12.1614
96,41,290.778,13.8036
96,43,123.438,0
96,50,287.502,17.8359
96,59,191.964,16.4117
96,66,265.331,18.1353
96,67,204.797,1.04466
96,69,270.82,15.6288
96,74,166.193,0
96,75,236.748,19.889
96,78,248.898,20.185
96,82,29.4109,0
96,83,244.813,14.0849
96,86,126.752,0
96,88,152.013,0
96,89,75.2946,6.21028
96,94,111.259,7.91872
97,3,138.969,10.0562
97,8,175.478,9.89876
97,13,291.45,11.1267
97,17,108.146,1.03905
97,26,158.435,13.4579
97,28,150.231,12.0779
97,29,120.005,4.1353
97,36,237.142,15.1973
97,39,93.3224,4.03178
97,42,132.401,10.2619
97,51,156.528,8.60247
97,52,138.228,10.5691
97,66,228.603,13.3705
97,69,283.182,10.9589
97,72,48.6286,3.98694
97,73,267.043,22.6942
97,77,117.02,4.12571
97,79,174.231,9.94211
97,80,147.699,12.1989
97,85,127.456,9.35746
97,90,190.904,16.3632
97,98,121.004,8.43623
98,3,132.851,10.057
98,8,57.6888,0
98,13,173.666,0
98,17,223.555,9.93579
98,26,160.486,8.24483
98,27,220.148,18.5216
98,28,144.115,8.06244
98,29,97.321,8.3222
98,36,143.402,0
98,39,109.916,9.42543
98,42,46.1736,0
98,43,246.797,16.981
98,51,160.012,0
98,52,195.881,16.4395
98,55,238.015,9.93505
98,66,136.894,0
98,69,162.432,0
98,72,107.856,8.94424
98,77,94.8296,8.03686
98,78,252.389,0
98,79,170.082,14.4957
98,80,123.639,8.47593
98,85,121.422,9.37291
98,86,274.761,22.9782
98,90,172.976,9.17802
98,95,253.345,6.66953
98,97,121.004,8.43623
99,17,174.003,1.47371
99,26,143.265,0
99,28,160.178,0
99,52,136.066,0
99,53,147.122,2.15946
99,73,228.85,19.1935
99,90,159.906,0
