0,10,174.995,9.50574
0,40,179.805,0
0,67,196.004,12.2894
1,2,47.0744,0
1,3,274.351,23.29
1,5,323.02,21.1736
1,20,175.767,2.92223
1,22,302.687,13.169
1,24,215.149,0
1,25,269.094,22.9848
1,26,171.076,11.3169
1,29,289.64,16.6026
1,32,222.452,19.0252
1,36,173.504,11.6136
1,37,292.902,14.2383
1,44,139.628,10.3613
1,45,27.6586,0
1,46,165.366,0
1,48,293.795,24.1021
1,49,94.1541,0
1,50,198.036,15.1493
1,54,270.357,23.1919
1,58,289.737,24.7276
1,63,174.519,4.3138
1,66,148.57,11.5596
1,68,218.468,5.24153
1,77,243.279,19.2604
1,83,152.436,10.5824
1,89,348.717,23.4462
1,91,305.107,18.872
1,92,282.435,22.952
1,94,209.695,6.05254
1,95,179.1,5.28477
1,97,148.497,4.33115
2,1,47.0744,0
2,5,299.276,13.0117
2,20,244.999,21.0166
2,22,253.828,2.3928
2,25,297.456,25.4062
2,26,180.009,8.60438
2,29,235.625,9.90234
2,32,256.545,1.77264
2,36,216.459,17.8121
2,37,241.923,5.93283
2,44,173.595,9.64285
2,45,19.4165,0
2,46,211.002,0
2,49,168.728,14.0607
2,50,135.923,9.46969
2,54,207.374,17.7376
2,58,332.234,26.2767
2,63,218.525,2.96165
2,66,184.603,1.65698
2,68,290.95,24.9321
2,77,319.059,26.5301
2,83,141.122,1.43875
2,84,270.036,22.6342
2,87,403.569,7.6231
2,89,295.964,18.8942
2,91,246.254,12.5949
2,95,235.445,9.86787
2,97,196.563,4.86133
3,1,274.351,23.29
3,9,74.9667,0
3,12,214.51,18.2211
3,20,215.035,17.779
3,24,127.91,0
3,25,47.9767,2.93577
3,30,281.785,17.0976
3,31,213.666,12.4335
3,34,219.836,9.44469
3,45,311.887,26.7528
3,46,134.192,8.85196
3,47,293.879,24.6848
3,48,88.8344,7.58156
3,49,192.761,16.0189
3,56,204.707,0
3,57,301.355,25.7429
3,63,172.06,9.04291
3,68,224.211,19.2343
3,73,137.516,8.52257
3,77,109.228,3.98921
3,83,302.036,25.6411
3,86,195.563,0
3,92,105.415,8.60923
3,95,223.33,9.42236
3,96,122.019,10.4457
3,97,176.021,7.66767
4,11,173.003,0
4,14,220.511,0
4,15,115.104,0
4,18,154.081,0
4,19,56.8507,0
4,21,132.257,0
4,27,214.348,0
4,38,221.557,10.6348
4,39,191.672,0
4,41,97.5141,0
4,55,94.8262,0
4,60,70.5195,0
4,61,133.899,0
4,62,192.481,0
4,64,100.623,0
4,71,122.016,0
4,76,16.1245,0
4,81,98.2344,0
4,88,127.016,0
4,93,72.8629,0
5,1,323.02,21.1736
5,2,299.276,13.0117
5,20,117.004,0
5,22,62.6498,0
5,37,58.1808,0
5,45,311.792,15.4284
5,48,224.321,0
5,49,152.856,0
5,50,215.531,13.2132
5,54,143.056,0
5,68,122.711,0
5,77,223.535,9.43099
5,83,171.854,10.2744
5,84,140.911,0
5,89,39.4588,0
5,92,213.284,0
6,7,70.1783,0
6,8,96.1769,0
6,10,205.096,17.4684
6,11,176.343,0
6,14,210.523,0
6,16,184.505,0
6,17,110.023,0
6,18,195.126,0
6,27,140.684,0
6,28,94.1541,0
6,33,221.4,14.808
6,40,112.161,0
6,42,181.403,9.11761
6,53,144.361,0
6,58,292.416,25.0842
6,59,198.371,5.75561
6,65,131.366,0
6,67,209.689,17.0529
6,74,127.44,0
6,78,117.324,0
6,85,170.602,0
7,6,70.1783,0
7,8,146.031,0
7,10,145.227,9.23234
7,11,127.883,0
7,14,140.417,0
7,16,115.676,0
7,17,170.857,0
7,18,147.258,0
7,27,83.6002,0
7,28,160.031,0
7,40,88.5268,0
7,42,193.034,5.74061
7,53,75,0
7,65,200.943,0
7,67,165.236,12.4926
7,74,167.505,0
7,78,186.038,0
7,85,102.956,0
8,6,96.1769,0
8,7,146.031,0
8,11,192.762,0
8,17,38.2753,0
8,18,206.891,0
8,26,287.036,22.6828
8,27,178.331,0
8,28,51.6236,0
8,33,123.776,10.5981
8,36,210.325,14.2581
8,40,208.062,0
8,42,123.593,10.5913
8,53,217.463,0
8,58,198.224,11.0016
8,59,131.672,4.52457
8,65,99.1817,0
8,69,280.406,23.8531
8,74,36.0694,0
8,78,81.0247,0
8,98,243.641,20.2443
9,3,74.9667,0
9,12,136.332,10.781
9,20,284.007,23.2102
9,24,123.849,7.86499
9,25,122.33,7.86264
9,30,149.398,12.7964
9,31,171.314,14.6926
9,34,199.944,17.0669
9,35,225.197,4.77162
9,46,148.744,10.7083
9,47,160.674,12.0037
9,48,186.777,15.4577
9,49,227.671,12.4569
9,51,212.745,16.3706
9,56,184.75,8.98091
9,57,167.224,11.2941
9,63,184.742,11.8328
9,70,263.597,20.1122
9,72,305.779,26.0423
9,73,77.0174,5.42676
9,75,242.074,16.2464
9,77,175.08,14.56
9,86,184.164,8.03123
9,92,193.329,16.4451
9,95,236.63,12.2928
9,96,157.219,8.58
9,97,203.979,12.0864
10,0,174.995,9.50574
10,6,205.096,17.4684
10,7,145.227,9.23234
10,14,226.11,13.9964
10,16,181.038,13.0707
10,27,219.04,11.2163
10,40,57.6379,3.62756
10,53,161.984,12.0575
10,67,53.2541,0
10,85,165.019,12.5893
11,4,173.003,0
11,6,176.343,0
11,7,127.883,0
11,8,192.762,0
11,14,121.594,0
11,16,141.947,0
11,18,19.4165,0
11,19,133.664,0
11,27,47.1699,0
11,40,208.147,0
11,41,216.474,0
11,42,166.581,1.6983
11,53,122.919,0
11,64,183.382,0
11,69,179.694,0
11,71,209.48,0
11,74,189.526,0
11,76,157.003,0
11,81,164.195,0
11,85,144.755,0
11,88,171.945,0
12,3,214.51,18.2211
12,9,136.332,10.781
12,13,193.317,12.6485
12,23,233.657,5.4569
12,24,100.779,1.11858
12,25,264.76,22.6837
12,30,205.642,11.7549
12,31,51.738,3.83519
12,34,98.0358,8.11107
12,35,175.597,6.90755
12,46,145.358,1.03783
12,47,124.771,5.5454
12,48,320.238,26.3433
12,51,96.3661,4.28294
12,56,141.803,11.39
12,57,130.185,5.83163
12,63,163.896,1.15372
12,70,160.023,7.26845
12,72,147.44,5.3086
12,73,194.378,15.0145
12,75,132.469,4.33578
12,77,316.155,26.859
12,82,235.283,14.7587
12,86,133.503,3.23813
12,90,184.311,7.42879
12,92,317.587,27.123
12,94,211.31,1.28807
12,95,206.711,1.31619
12,96,283.363,18.8908
12,97,191.103,1.12381
13,12,193.317,12.6485
13,21,324.909,21.5818
13,23,197.193,9.58577
13,24,177.397,8.62347
13,31,141.593,8.74542
13,34,118.438,9.70735
13,38,234.146,18.8192
13,41,362.015,25.8569
13,43,242.774,20.8154
13,46,218.745,9.34272
13,51,99.2851,7.48986
13,52,202.773,7.0192
13,56,96.7134,6.9957
13,63,204.121,10.4988
13,64,358.323,26.0871
13,69,392.66,14.3803
13,70,243.622,9.03079
13,71,318.005,23.1046
13,72,150.501,8.82915
13,75,62.7052,5.34781
13,79,279.887,6.77611
13,80,153.353,12.9177
13,82,184.143,2.93185
13,86,121.998,8.8327
13,88,360.864,21.2304
13,94,229,19.5912
13,95,219.13,15.377
13,97,230.049,11.5705
14,4,220.511,0
14,6,210.523,0
14,7,140.417,0
14,10,226.11,13.9964
14,11,121.594,0
14,16,45.8912,0
14,18,128.787,0
14,19,210.278,0
14,27,100,0
14,40,171.172,0
14,53,70.9366,0
14,67,198.437,8.58568
14,76,208.435,0
14,81,150.814,0
14,85,61.131,0
15,4,115.104,0
15,19,145.523,0
15,21,86.0523,0
15,38,167.604,14.2015
15,39,205.292,0
15,41,86.764,0
15,43,182.486,3.10253
15,55,62.1691,0
15,60,48.1041,0
15,61,189.283,0
15,62,78.1025,0
15,64,125.252,0
15,71,120.95,0
15,76,128.378,0
15,80,213.244,0
15,81,201.675,0
15,88,159.154,0
15,93,50.1597,0
16,6,184.505,0
16,7,115.676,0
16,10,181.038,13.0707
16,11,141.947,0
16,14,45.8912,0
16,18,154.052,0
16,27,106.367,0
16,40,128.32,0
16,53,40.8167,0
16,67,152.556,8.21639
16,81,196.705,0
16,85,16.7631,0
17,6,110.023,0
17,7,170.857,0
17,8,38.2753,0
17,26,313.021,26.3144
17,27,213.038,0
17,28,25.807,0
17,32,372.281,19.3038
17,33,154.558,11.4954
17,36,264.87,21.706
17,40,241.56,9.51978
17,42,161.883,13.8289
17,58,162.841,11.1597
17,59,96.507,4.7466
17,65,63.3877,0
17,74,62.3699,0
17,78,46.3249,0
17,98,169.26,13.9908
18,4,154.081,0
18,6,195.126,0
18,7,147.258,0
18,8,206.891,0
18,11,19.4165,0
18,14,128.787,0
18,16,154.052,0
18,19,114.285,0
18,27,65.7419,0
18,41,197.677,0
18,42,173.933,1.82276
18,53,138.6,0
18,55,213.178,0
18,60,221.653,0
18,64,165.324,0
18,69,173.416,0
18,71,191.815,0
18,74,201.02,0
18,76,138.033,0
18,81,151.344,0
18,85,158.446,0
18,88,155.621,0
18,93,209.571,0
19,4,56.8507,0
19,11,133.664,0
19,14,210.278,0
19,15,145.523,0
19,18,114.285,0
19,21,125.873,0
19,27,179.335,0
19,38,195.266,1.96407
19,41,88.5268,0
19,55,100.24,0
19,60,111.879,0
19,61,185.432,0
19,62,216.002,0
19,64,68.1542,0
19,69,172.534,0
19,71,95.7079,0
19,76,44.0454,0
19,79,282.344,23.0667
19,81,127.193,0
19,88,82.0549,0
19,93,95.5249,0
20,1,175.767,2.92223
20,2,244.999,21.0166
20,3,215.035,17.779
20,5,117.004,0
20,9,284.007,23.2102
20,22,198.153,15.2626
20,25,168.072,14.2262
20,37,191.851,15.0351
20,45,230.644,19.5181
20,46,270.161,21.2828
20,48,107.787,0
20,49,89.9714,3.64428
20,68,38,0
20,73,328.379,25.4139
20,77,107.233,7.99781
20,83,122.963,6.08032
20,89,156.08,0
20,92,96.7471,0
20,96,184.296,0
21,4,132.257,0
21,13,324.909,21.5818
21,15,86.0523,0
21,19,125.873,0
21,38,83.1604,6.28907
21,41,37.6431,0
21,43,190.292,14.1573
21,55,40.05,0
21,60,104.139,0
21,62,125.371,4.61184
21,64,68.7095,0
21,69,196.642,0.51745
21,71,48.0416,0
21,76,136.85,0
21,79,322.029,21.4686
21,80,221.922,18.7173
21,82,294.214,25.0751
21,88,93.1933,0
21,93,71.1126,0
22,1,302.687,13.169
22,2,253.828,2.3928
22,5,62.6498,0
22,20,198.153,15.2626
22,26,392.475,17.8081
22,29,244.013,20.927
22,32,360.036,21.8932
22,37,6.32456,0
22,45,274.281,6.60925
22,49,233.293,19.9291
22,50,147.874,10.2357
22,54,86.2079,1.97962
22,66,315.29,20.78
22,68,204.088,12.6236
22,83,159.401,5.49287
22,84,92.6842,1.5076
22,89,49.8197,0
22,91,242.799,20.8017
23,12,233.657,5.4569
23,13,197.193,9.58577
23,31,198.386,0
23,34,204.397,2.95683
23,35,179.978,0
23,38,235.952,9.32158
23,43,147.959,0
23,51,164.575,0
23,52,21.2603,0
23,56,224.056,0
23,70,151.568,0
23,72,86.3539,0
23,75,158.202,0
23,80,117.597,0
23,90,152.971,0
24,1,215.149,0
24,3,127.91,0
24,9,123.849,7.86499
24,12,100.779,1.11858
24,13,177.397,8.62347
24,25,194.227,15.8399
24,30,279.762,23.9364
24,31,93.2631,0
24,34,107.821,7.69528
24,44,177.505,0
24,46,50.0899,0
24,47,238.095,14.727
24,48,216.771,10.6731
24,49,233.915,15.3883
24,51,145.462,9.59979
24,56,79.2086,0
24,57,241.419,13.5874
24,63,63.2456,0
24,72,204.083,0
24,73,205.306,17.3906
24,75,139.789,0
24,77,261.368,22.351
24,79,221.807,13.9599
24,82,159.604,7.92248
24,86,67.7791,0
24,92,249.042,19.248
24,94,121.852,0
24,95,109.809,0
24,96,277.314,23.5399
24,97,90.3549,0
25,1,269.094,22.9848
25,2,297.456,25.4062
25,3,47.9767,2.93577
25,9,122.33,7.86264
25,12,264.76,22.6837
25,20,168.072,14.2262
25,24,194.227,15.8399
25,30,329.649,17.9687
25,31,256.3,17.8425
25,34,269.374,18.1444
25,45,250.589,18.3924
25,46,148.309,9.64093
25,47,354.051,27.0939
25,48,86.0172,5.04101
25,49,161.705,13.1488
25,63,186.446,10.3805
25,68,181.404,15.4834
25,73,181.267,9.71071
25,77,66.4831,0
25,83,277.269,22.6562
25,86,261.335,18.1535
25,92,85.4527,5.35787
25,95,243.704,13.9474
25,96,121.936,8.77306
25,97,208.034,15.8996
26,1,171.076,11.3169
26,2,180.009,8.60438
26,8,287.036,22.6828
26,17,313.021,26.3144
26,22,392.475,17.8081
26,29,232.775,0
26,32,142.479,1.89679
26,33,159.75,5.79967
26,36,89.4055,4.67113
26,37,380.027,21.0667
26,42,315.759,26.4892
26,44,138.005,9.47405
26,45,160.302,11.684
26,49,265.912,22.4548
26,50,245.88,13.3651
26,54,297.776,25.022
26,58,150.293,12.5781
26,59,297.203,16.9173
26,63,250.567,13.4233
26,66,97.6934,0
26,74,278.702,23.7956
26,83,321.086,10.6965
26,87,333.089,0
26,91,266.271,0
26,94,237.437,10.2829
26,95,221.418,11.288
26,97,222.154,13.1275
26,98,288.138,3.7856
27,4,214.348,0
27,6,140.684,0
27,7,83.6002,0
27,8,178.331,0
27,10,219.04,11.2163
27,11,47.1699,0
27,14,100,0
27,16,106.367,0
27,17,213.038,0
27,18,65.7419,0
27,19,179.335,0
27,28,211.454,0
27,40,161.059,0
27,42,176.388,2.5011
27,53,79.6492,0
27,67,217.266,10.2944
27,69,214.114,0
27,74,184.024,0
27,76,198.708,0
27,81,188.322,0
27,85,105.304,0
27,88,218.449,0
28,6,94.1541,0
28,7,160.031,0
28,8,51.6236,0
28,17,25.807,0
28,27,211.454,0
28,33,180.227,15.2109
28,36,289.104,24.6775
28,40,234.621,13.9193
28,42,178.005,14.3773
28,58,178.82,15.1471
28,59,104.14,5.11
28,65,50,0
28,74,83.2586,0
28,78,31.6228,0
28,98,180.321,14.8175
29,1,289.64,16.6026
29,2,235.625,9.90234
29,22,244.013,20.927
29,26,232.775,0
29,32,111.803,0
29,36,304.411,22.9092
29,37,253.92,21.7408
29,45,263.31,10.8439
29,50,106.019,0
29,54,178.904,14.3032
29,58,360.139,0
29,59,379.104,0
29,66,135.823,0
29,83,291.583,21.0914
29,84,218.371,18.73
29,87,166.193,0
29,89,265.854,18.0023
29,91,34,0
29,98,284.12,4.23931
30,3,281.785,17.0976
30,9,149.398,12.7964
30,12,205.642,11.7549
30,24,279.762,23.9364
30,25,329.649,17.9687
30,31,220.278,18.8225
30,34,277.08,23.7174
30,35,142.618,0
30,46,303.983,25.8413
30,47,42.4853,0
30,48,260.186,22.3133
30,51,236.762,15.1089
30,57,52.9245,0
30,70,151.727,0
30,72,213.009,0
30,73,148.625,8.26502
30,77,365.53,19.0411
30,90,167.296,0
30,92,273.128,23.3859
30,96,152.222,12.8586
30,99,199.06,0
31,3,213.666,12.4335
31,9,171.314,14.6926
31,12,51.738,3.83519
31,13,141.593,8.74542
31,23,198.386,0
31,24,93.2631,0
31,25,256.3,17.8425
31,30,220.278,18.8225
31,34,43.534,3.39226
31,35,175,0
31,46,143.056,0
31,47,147.363,0
31,51,46.6476,0
31,52,218.387,0
31,56,98.8539,8.20451
31,57,150.233,0
31,63,151.242,0
31,70,151.717,0
31,72,113.508,0
31,73,232.154,19.8853
31,75,81.9329,0
31,79,308.552,26.3847
31,80,206.228,0
31,82,211.022,16.7478
31,86,114.321,6.93095
31,90,175.775,0
31,94,193.665,4.35253
31,95,185.569,0
31,96,325.56,25.6981
31,97,179.805,0
32,1,222.452,19.0252
32,2,256.545,1.77264
32,17,372.281,19.3038
32,22,360.036,21.8932
32,26,142.479,1.89679
32,29,111.803,0
32,33,296.071,20.5431
32,36,207.171,17.3879
32,37,351.035,24.2982
32,44,277.194,23.3586
32,45,243.864,12.7537
32,50,197.741,2.0579
32,54,277.046,18.3855
32,58,243.846,2.80608
32,59,292.335,0
32,65,374.206,18.5505
32,66,75.0733,0
32,74,391.683,21.0718
32,78,358.468,23.9755
32,83,357.06,13.5923
32,84,320.381,25.4766
32,87,187.723,0
32,91,144.361,0
32,98,207.647,3.79853
33,6,221.4,14.808
33,8,123.776,10.5981
33,17,154.558,11.4954
33,26,159.75,5.79967
33,28,180.227,15.2109
33,32,296.071,20.5431
33,36,106.714,7.72613
33,42,120.412,7.05672
33,44,195.683,15.0474
33,58,115.856,2.97741
33,59,234.199,9.48212
33,65,215.472,18.4439
33,66,259.923,22.2967
33,69,270.857,18.4387
33,74,100.238,5.80686
33,78,199.564,17.0083
33,79,308.759,25.5474
33,94,313.861,26.0467
33,95,329.363,25.925
33,98,268.811,11.5213
34,3,219.836,9.44469
34,9,199.944,17.0669
34,12,98.0358,8.11107
34,13,118.438,9.70735
34,23,204.397,2.95683
34,24,107.821,7.69528
34,25,269.374,18.1444
34,30,277.08,23.7174
34,31,43.534,3.39226
34,35,209.904,3.29318
34,46,156.542,8.34173
34,47,189.927,4.00319
34,51,39.8678,2.50916
34,52,223.009,2.99541
34,56,57.5129,4.859
34,57,191.726,3.59626
34,63,154.416,7.8299
34,70,183.44,3.00988
34,72,124.109,2.39707
34,73,273.922,23.3456
34,75,64.022,2.89524
34,79,280.172,23.6463
34,80,192.271,2.70335
34,82,169.728,13.6812
34,86,84.9868,5.98188
34,90,206.629,2.94658
34,94,173.059,6.9938
34,95,179.033,7.28533
34,97,182.864,8.05024
35,9,225.197,4.77162
35,12,175.597,6.90755
35,23,179.978,0
35,30,142.618,0
35,31,175,0
35,34,209.904,3.29318
35,47,100.305,0
35,51,185.691,0
35,52,197.96,0
35,57,89.6939,0
35,70,32.7567,0
35,72,136.341,0
35,73,285.315,23.0688
35,75,213.701,0
35,90,28.8444,0
35,99,113.159,0
36,1,173.504,11.6136
36,2,216.459,17.8121
36,8,210.325,14.2581
36,17,264.87,21.706
36,26,89.4055,4.67113
36,28,289.104,24.6775
36,29,304.411,22.9092
36,32,207.171,17.3879
36,33,106.714,7.72613
36,42,238.841,14.8875
36,44,77.7946,0
36,45,178.465,10.0442
36,46,218.497,0
36,50,331.604,27.4005
36,58,103.99,6.60716
36,59,280.602,19.2633
36,63,191.207,0
36,65,265.306,19.4246
36,66,175.694,15.0558
36,69,307.3,19.6179
36,74,215.009,18.0709
36,78,280.19,23.7003
36,79,306.172,22.9272
36,82,289.414,23.1023
36,87,374.168,24.4661
36,91,338.377,24.1768
36,94,161.047,0
36,95,151.638,0
36,97,165.759,0
36,98,242.182,20.6366
37,1,292.902,14.2383
37,2,241.923,5.93283
37,5,58.1808,0
37,20,191.851,15.0351
37,22,6.32456,0
37,26,380.027,21.0667
37,29,253.92,21.7408
37,32,351.035,24.2982
37,45,263.58,8.833
37,49,222.899,19.0988
37,50,159.302,12.3406
37,54,97.2375,4.21778
37,66,306.676,22.4083
37,68,199.307,12.9489
37,83,151.869,4.75892
37,84,99.0067,1.51229
37,89,49.3356,0
37,91,255.719,21.6106
38,4,221.557,10.6348
38,13,234.146,18.8192
38,15,167.604,14.2015
38,19,195.266,1.96407
38,21,83.1604,6.28907
38,23,235.952,9.32158
38,41,118.643,6.35586
38,43,91.2414,0
38,51,314.313,26.9439
38,52,219.244,3.52807
38,55,128.637,9.69474
38,60,199.026,15.2249
38,62,105.418,0
38,64,128.845,0
38,71,102.343,0
38,75,283.546,23.4435
38,76,224.575,9.71658
38,79,343.454,20.361
38,80,141.167,12.0922
38,82,328.117,18.4854
38,88,143.6,0
38,93,162.295,12.0807
39,4,191.672,0
39,15,205.292,0
39,60,178.037,0
39,61,78.1601,0
39,76,203.769,0
39,81,169.517,0
39,93,212.906,0
40,0,179.805,0
40,6,112.161,0
40,7,88.5268,0
40,8,208.062,0
40,10,57.6379,3.62756
40,11,208.147,0
40,14,171.172,0
40,16,128.32,0
40,17,241.56,9.51978
40,27,161.059,0
40,28,234.621,13.9193
40,53,104.173,0
40,67,85.8991,4.28443
40,78,255.936,15.8398
40,85,111.611,0
41,4,97.5141,0
41,11,216.474,0
41,13,362.015,25.8569
41,15,86.764,0
41,18,197.677,0
41,19,88.5268,0
41,21,37.6431,0
41,38,118.643,6.35586
41,43,227.276,15.0262
41,55,24.5967,0
41,60,85.7555,0
41,61,221.531,0
41,62,138.521,0
41,64,40.1995,0
41,69,183.807,0
41,71,36.1248,0
41,76,100.464,0
41,79,246.133,18.744
41,80,247.439,17.809
41,81,195.133,0
41,82,331.581,26.7095
41,88,72.7324,0
41,93,50.4777,0
42,6,181.403,9.11761
42,7,193.034,5.74061
42,8,123.593,10.5913
42,11,166.581,1.6983
42,17,161.883,13.8289
42,18,173.933,1.82276
42,26,315.759,26.4892
42,27,176.388,2.5011
42,28,178.005,14.3773
42,33,120.412,7.05672
42,36,238.841,14.8875
42,44,299.066,23.1513
42,58,240.72,7.93584
42,59,323.418,15.5358
42,65,225.94,17.0335
42,69,171.072,14.6283
42,74,99.3518,4.13027
42,78,207.273,16.0528
42,79,357.234,0
42,88,213.407,1.97455
42,94,343.126,24.3513
42,95,357.873,26.4404
42,98,379.263,16.782
43,13,242.774,20.8154
43,15,182.486,3.10253
43,21,190.292,14.1573
43,23,147.959,0
43,38,91.2414,0
43,41,227.276,15.0262
43,51,222.865,0
43,52,137.928,0
43,55,225.993,16.6511
43,60,231.394,4.77972
43,62,114.07,0
43,64,228.738,4.60387
43,71,193.28,0
43,72,194.095,0
43,75,192.354,0
43,80,63.1269,0
43,93,212.695,4.60379
44,1,139.628,10.3613
44,2,173.595,9.64285
44,24,177.505,0
44,26,138.005,9.47405
44,32,277.194,23.3586
44,33,195.683,15.0474
44,36,77.7946,0
44,42,299.066,23.1513
44,45,158.15,9.78963
44,46,140.73,0
44,49,179.694,0
44,56,207.099,0
44,58,181.979,7.3954
44,63,114.28,0
44,66,236.501,19.9632
44,69,235.623,19.0452
44,74,318.196,26.2271
44,79,209.856,17.2687
44,82,179.355,2.98189
44,83,284.884,24.4028
44,86,176.505,0
44,94,100.975,0
44,95,81.7435,0
44,97,88.0909,0
45,1,27.6586,0
45,2,19.4165,0
45,3,311.887,26.7528
45,5,311.792,15.4284
45,20,230.644,19.5181
45,22,274.281,6.60925
45,25,250.589,18.3924
45,26,160.302,11.684
45,29,263.31,10.8439
45,32,243.864,12.7537
45,36,178.465,10.0442
45,37,263.58,8.833
45,44,158.15,9.78963
45,46,192.065,0
45,49,102.616,0
45,50,152.364,9.16034
45,54,235.814,20.1515
45,58,310.559,26.2691
45,63,199.113,2.95141
45,66,165.317,11.8572
45,68,266.256,21.2489
45,77,254.538,19.4911
45,83,144.091,4.80706
45,84,293.454,24.8954
45,87,416.926,12.6469
45,89,320.006,20.0454
45,91,280.413,12.3892
45,94,246.007,10.3105
45,95,211.227,7.62321
45,97,176.136,4.37764
46,1,165.366,0
46,2,211.002,0
46,3,134.192,8.85196
46,9,148.744,10.7083
46,12,145.358,1.03783
46,13,218.745,9.34272
46,20,270.161,21.2828
46,24,50.0899,0
46,25,148.309,9.64093
46,30,303.983,25.8413
46,31,143.056,0
46,34,156.542,8.34173
46,36,218.497,0
46,44,140.73,0
46,45,192.065,0
46,48,246.793,21.1639
46,49,176.418,10.9676
46,51,196.41,10.8729
46,56,120.934,0
46,63,39.0512,0
46,73,207.706,16.4846
46,75,185.93,0
46,77,210.299,17.823
46,79,225.526,13.5166
46,82,180.368,9.17178
46,83,275.787,20.8664
46,86,99.905,0
46,92,233.875,19.5457
46,94,115.017,0
46,95,91.5915,0
46,96,253.954,21.1628
46,97,54.0833,0
47,3,293.879,24.6848
47,9,160.674,12.0037
47,12,124.771,5.5454
47,24,238.095,14.727
47,25,354.051,27.0939
47,30,42.4853,0
47,31,147.363,0
47,34,189.927,4.00319
47,35,100.305,0
47,48,339.283,28.0497
47,51,181.339,0
47,56,253.061,13.8363
47,57,11.0454,0
47,70,109.809,0
47,72,179.778,0
47,73,192.058,14.9225
47,75,217.745,0
47,90,124.824,0
47,96,213.095,18.2156
47,99,167.72,0
48,1,293.795,24.1021
48,3,88.8344,7.58156
48,5,224.321,0
48,9,186.777,15.4577
48,12,320.238,26.3433
48,20,107.787,0
48,24,216.771,10.6731
48,25,86.0172,5.04101
48,30,260.186,22.3133
48,46,246.793,21.1639
48,47,339.283,28.0497
48,49,198.357,16.689
48,63,272.135,21.6368
48,68,109.882,0
48,73,149.738,12.7946
48,77,48.4683,4.15658
48,83,241.612,16.4248
48,92,11.0454,0
48,96,76.6877,0
48,97,294.051,24.9904
49,1,94.1541,0
49,2,168.728,14.0607
49,3,192.761,16.0189
49,5,152.856,0
49,9,227.671,12.4569
49,20,89.9714,3.64428
49,22,233.293,19.9291
49,24,233.915,15.3883
49,25,161.705,13.1488
49,26,265.912,22.4548
49,37,222.899,19.0988
49,44,179.694,0
49,45,102.616,0
49,46,176.418,10.9676
49,48,198.357,16.689
49,50,328.808,26.4126
49,54,330.082,27.5068
49,63,171.33,0
49,66,278.579,23.6489
49,68,125.634,2.86319
49,73,335.031,24.8614
49,77,150.33,12.4683
49,83,108.216,9.19558
49,89,201.952,7.94428
49,92,183.263,15.5762
49,95,200.25,0
49,96,307.3,25.279
49,97,156.339,0
50,1,198.036,15.1493
50,2,135.923,9.46969
50,5,215.531,13.2132
50,22,147.874,10.2357
50,26,245.88,13.3651
50,29,106.019,0
50,32,197.741,2.0579
50,36,331.604,27.4005
50,37,159.302,12.3406
50,45,152.364,9.16034
50,49,328.808,26.4126
50,54,73.6667,3.75556
50,66,156.617,10.7517
50,83,222.032,17.507
50,84,118.314,5.56237
50,87,257.721,0
50,89,171.917,1.97382
50,91,95.5196,0
50,98,389.707,4.30429
51,9,212.745,16.3706
51,12,96.3661,4.28294
51,13,99.2851,7.48986
51,23,164.575,0
51,24,145.462,9.59979
51,30,236.762,15.1089
51,31,46.6476,0
51,34,39.8678,2.50916
51,35,185.691,0
51,38,314.313,26.9439
51,43,222.865,0
51,46,196.41,10.8729
51,47,181.339,0
51,52,183.12,0
51,56,66.4831,0
51,57,182.016,0
51,63,186.029,7.64617
51,70,157.003,0
51,72,86.8332,0
51,73,278.054,23.1711
51,75,37.2156,0
51,79,311.83,25.328
51,80,159.806,0
51,82,193.014,16.1213
51,86,96.7678,0
51,90,179.067,0
51,94,182.937,0
51,95,191.76,0
51,97,213.222,7.35792
52,13,202.773,7.0192
52,23,21.2603,0
52,31,218.387,0
52,34,223.009,2.99541
52,35,197.96,0
52,38,219.244,3.52807
52,43,137.928,0
52,51,183.12,0
52,70,170.578,0
52,72,107.187,0
52,75,174.103,0
52,80,116.692,0
52,90,170.329,0
53,6,144.361,0
53,7,75,0
53,8,217.463,0
53,10,161.984,12.0575
53,11,122.919,0
53,14,70.9366,0
53,16,40.8167,0
53,18,138.6,0
53,27,79.6492,0
53,40,104.173,0
53,67,143.455,8.38551
53,81,214.021,0
53,85,30.4138,0
54,1,270.357,23.1919
54,2,207.374,17.7376
54,5,143.056,0
54,22,86.2079,1.97962
54,26,297.776,25.022
54,29,178.904,14.3032
54,32,277.046,18.3855
54,37,97.2375,4.21778
54,45,235.814,20.1515
54,49,330.082,27.5068
54,50,73.6667,3.75556
54,66,210.943,17.6755
54,83,222.514,17.2508
54,84,41.8688,0
54,87,301.973,19.3965
54,89,117.201,0
54,91,159.583,13.1624
55,4,94.8262,0
55,15,62.1691,0
55,18,213.178,0
55,19,100.24,0
55,21,40.05,0
55,38,128.637,9.69474
55,41,24.5967,0
55,43,225.993,16.6511
55,60,66.1287,0
55,61,209.038,0
55,62,118.258,0
55,64,63.7887,0
55,69,208.403,0
55,71,59.6657,0
55,76,101.607,0
55,79,301.547,25.7388
55,80,268.578,22.4114
55,81,192.837,0
55,88,97.1442,0
55,93,31.5753,0
56,3,204.707,0
56,9,184.75,8.98091
56,12,141.803,11.39
56,13,96.7134,6.9957
56,23,224.056,0
56,24,79.2086,0
56,31,98.8539,8.20451
56,34,57.5129,4.859
56,44,207.099,0
56,46,120.934,0
56,47,253.061,13.8363
56,51,66.4831,0
56,57,246.211,9.95309
56,63,109.041,0
56,69,333.884,27.622
56,70,233.207,6.59411
56,72,152.315,0
56,73,269.428,21.2232
56,75,67.2681,0
56,79,208.514,17.8846
56,80,216.851,11.72
56,82,108.527,7.33541
56,86,30.5941,0
56,94,116.765,0
56,95,125.634,0
56,97,135.831,0
57,3,301.355,25.7429
57,9,167.224,11.2941
57,12,130.185,5.83163
57,24,241.419,13.5874
57,30,52.9245,0
57,31,150.233,0
57,34,191.726,3.59626
57,35,89.6939,0
57,47,11.0454,0
57,51,182.016,0
57,56,246.211,9.95309
57,70,100.658,0
57,72,175.208,0
57,73,204.092,16.5564
57,75,217.938,0
57,90,114.739,0
57,96,222.724,18.79
57,99,157.848,0
58,1,289.737,24.7276
58,2,332.234,26.2767
58,6,292.416,25.0842
58,8,198.224,11.0016
58,17,162.841,11.1597
58,26,150.293,12.5781
58,28,178.82,15.1471
58,29,360.139,0
58,32,243.846,2.80608
58,33,115.856,2.97741
58,36,103.99,6.60716
58,42,240.72,7.93584
58,44,181.979,7.3954
58,45,310.559,26.2691
58,59,166.481,0
58,65,196.087,15.9143
58,66,242.605,11.7555
58,69,377.194,23.1904
58,74,148.106,12.3891
58,78,179.215,15.1983
58,87,355.179,0
58,91,390.825,0
58,98,154.009,9.69289
59,6,198.371,5.75561
59,8,131.672,4.52457
59,17,96.507,4.7466
59,26,297.203,16.9173
59,28,104.14,5.11
59,29,379.104,0
59,32,292.335,0
59,33,234.199,9.48212
59,36,280.602,19.2633
59,42,323.418,15.5358
59,58,166.481,0
59,65,86,7.10769
59,66,349.09,0
59,74,212.763,15.6484
59,78,85.7777,5.76644
59,87,255.51,15.1614
59,91,400.704,0
59,98,78.6332,4.12877
60,4,70.5195,0
60,15,48.1041,0
60,18,221.653,0
60,19,111.879,0
60,21,104.139,0
60,38,199.026,15.2249
60,39,178.037,0
60,41,85.7555,0
60,43,231.394,4.77972
60,55,66.1287,0
60,61,148.223,0
60,62,125.992,0
60,64,114.691,0
60,71,121.495,0
60,76,85.3756,0
60,81,153.574,0
60,88,149.037,0
60,93,35.3553,0
61,4,133.899,0
61,15,189.283,0
61,19,185.432,0
61,39,78.1601,0
61,41,221.531,0
61,55,209.038,0
61,60,148.223,0
61,76,142.215,0
61,81,91.5478,0
61,93,178.011,0
62,4,192.481,0
62,15,78.1025,0
62,19,216.002,0
62,21,125.371,4.61184
62,38,105.418,0
62,41,138.521,0
62,43,114.07,0
62,55,118.258,0
62,60,125.992,0
62,64,178.18,0
62,71,162.693,0
62,76,204.941,0
62,80,166.172,0
62,88,207.292,0
62,93,122.54,0
63,1,174.519,4.3138
63,2,218.525,2.96165
63,3,172.06,9.04291
63,9,184.742,11.8328
63,12,163.896,1.15372
63,13,204.121,10.4988
63,24,63.2456,0
63,25,186.446,10.3805
63,26,250.567,13.4233
63,31,151.242,0
63,34,154.416,7.8299
63,36,191.207,0
63,44,114.28,0
63,45,199.113,2.95141
63,46,39.0512,0
63,48,272.135,21.6368
63,49,171.33,0
63,51,186.029,7.64617
63,56,109.041,0
63,69,240.003,11.0466
63,73,246.383,18.1923
63,75,176.309,0
63,77,252.316,20.8412
63,79,188.129,12.9627
63,82,149.6,9.44356
63,86,81.5966,0
63,92,271.625,21.3557
63,94,76.1052,0
63,95,53.1601,0
63,97,28.6356,0
64,4,100.623,0
64,11,183.382,0
64,13,358.323,26.0871
64,15,125.252,0
64,18,165.324,0
64,19,68.1542,0
64,21,68.7095,0
64,38,128.845,0
64,41,40.1995,0
64,43,228.738,4.60387
64,55,63.7887,0
64,60,114.691,0
64,62,178.18,0
64,69,147.027,0
64,71,28.0179,0
64,76,97.0206,0
64,79,220.26,17.9397
64,80,270.234,19.167
64,81,190.948,0
64,82,312.491,23.9573
64,88,34.6699,0
64,93,82.0975,0
65,6,131.366,0
65,7,200.943,0
65,8,99.1817,0
65,17,63.3877,0
65,28,50,0
65,32,374.206,18.5505
65,33,215.472,18.4439
65,36,265.306,19.4246
65,42,225.94,17.0335
65,58,196.087,15.9143
65,59,86,7.10769
65,74,125.603,0
65,78,18.4391,0
65,87,393.205,8.46803
65,98,167.362,13.2674
66,1,148.57,11.5596
66,2,184.603,1.65698
66,22,315.29,20.78
66,26,97.6934,0
66,29,135.823,0
66,32,75.0733,0
66,33,259.923,22.2967
66,36,175.694,15.0558
66,37,306.676,22.4083
66,44,236.501,19.9632
66,45,165.317,11.8572
66,49,278.579,23.6489
66,50,156.617,10.7517
66,54,210.943,17.6755
66,58,242.605,11.7555
66,59,349.09,0
66,83,321.116,1.03577
66,84,249.705,18.888
66,87,256.632,0
66,91,168.962,0
66,98,273.218,3.57617
67,0,196.004,12.2894
67,6,209.689,17.0529
67,7,165.236,12.4926
67,10,53.2541,0
67,14,198.437,8.58568
67,16,152.556,8.21639
67,27,217.266,10.2944
67,40,85.8991,4.28443
67,53,143.455,8.38551
67,85,137.859,8.11221
68,1,218.468,5.24153
68,2,290.95,24.9321
68,3,224.211,19.2343
68,5,122.711,0
68,20,38,0
68,22,204.088,12.6236
68,25,181.404,15.4834
68,37,199.307,12.9489
68,45,266.256,21.2489
68,48,109.882,0
68,49,125.634,2.86319
68,73,259.649,18.0956
68,77,115.453,6.81878
68,83,153.446,5.69695
68,89,161.818,0
68,92,99.4585,0
68,96,182.222,0
69,8,280.406,23.8531
69,11,179.694,0
69,13,392.66,14.3803
69,18,173.416,0
69,19,172.534,0
69,21,196.642,0.51745
69,27,214.114,0
69,33,270.857,18.4387
69,36,307.3,19.6179
69,41,183.807,0
69,42,171.072,14.6283
69,44,235.623,19.0452
69,55,208.403,0
69,56,333.884,27.622
69,58,377.194,23.1904
69,63,240.003,11.0466
69,64,147.027,0
69,71,150.785,0
69,74,283.773,19.9072
69,76,216.453,0
69,79,125.375,7.37288
69,82,230.292,12.4268
69,86,289.07,24.7853
69,88,112.361,0
69,94,164.038,10.2542
69,95,220.04,18.3642
69,97,277.635,22.7953
70,9,263.597,20.1122
70,12,160.023,7.26845
70,13,243.622,9.03079
70,23,151.568,0
70,30,151.727,0
70,31,151.717,0
70,34,183.44,3.00988
70,35,32.7567,0
70,47,109.809,0
70,51,157.003,0
70,52,170.578,0
70,56,233.207,6.59411
70,57,100.658,0
70,72,103.586,0
70,73,267.868,18.6195
70,75,183.098,0
70,90,24.3516,0
70,99,144.139,0
71,4,122.016,0
71,11,209.48,0
71,13,318.005,23.1046
71,15,120.95,0
71,18,191.815,0
71,19,95.7079,0
71,21,48.0416,0
71,38,102.343,0
71,41,36.1248,0
71,43,193.28,0
71,55,59.6657,0
71,60,121.495,0
71,62,162.693,0
71,64,28.0179,0
71,69,150.785,0
71,76,120.814,0
71,79,209.945,17.2518
71,80,242.842,18.4933
71,81,215.856,0
71,82,296.467,20.7976
71,88,45.1774,0
71,93,86.4002,0
72,9,305.779,26.0423
72,12,147.44,5.3086
72,13,150.501,8.82915
72,23,86.3539,0
72,24,204.083,0
72,30,213.009,0
72,31,113.508,0
72,34,124.109,2.39707
72,35,136.341,0
72,43,194.095,0
72,47,179.778,0
72,51,86.8332,0
72,52,107.187,0
72,56,152.315,0
72,57,175.208,0
72,70,103.586,0
72,75,95.5249,0
72,80,139.435,0
72,82,276.738,21.3993
72,86,182.888,0
72,90,118.309,0
73,3,137.516,8.52257
73,9,77.0174,5.42676
73,12,194.378,15.0145
73,20,328.379,25.4139
73,24,205.306,17.3906
73,25,181.267,9.71071
73,30,148.625,8.26502
73,31,232.154,19.8853
73,34,273.922,23.3456
73,35,285.315,23.0688
73,46,207.706,16.4846
73,47,192.058,14.9225
73,48,149.738,12.7946
73,49,335.031,24.8614
73,51,278.054,23.1711
73,56,269.428,21.2232
73,57,204.092,16.5564
73,63,246.383,18.1923
73,68,259.649,18.0956
73,70,267.868,18.6195
73,77,222.066,9.66141
73,86,262.185,18.8772
73,92,161.019,13.8126
73,96,88.9369,2.15717
73,97,254.325,16.0324
74,6,127.44,0
74,7,167.505,0
74,8,36.0694,0
74,11,189.526,0
74,17,62.3699,0
74,18,201.02,0
74,26,278.702,23.7956
74,27,184.024,0
74,28,83.2586,0
74,32,391.683,21.0718
74,33,100.238,5.80686
74,36,215.009,18.0709
74,42,99.3518,4.13027
74,44,318.196,26.2271
74,58,148.106,12.3891
74,59,212.763,15.6484
74,65,125.603,0
74,69,283.773,19.9072
74,78,108.683,0
74,98,286.429,16.5362
75,9,242.074,16.2464
75,12,132.469,4.33578
75,13,62.7052,5.34781
75,23,158.202,0
75,24,139.789,0
75,31,81.9329,0
75,34,64.022,2.89524
75,35,213.701,0
75,38,283.546,23.4435
75,43,192.354,0
75,46,185.93,0
75,47,217.745,0
75,51,37.2156,0
75,52,174.103,0
75,56,67.2681,0
75,57,217.938,0
75,63,176.309,0
75,70,183.098,0
75,72,95.5249,0
75,79,299.83,20.0904
75,80,129.418,0
75,82,178.854,15.2388
75,86,96.2549,0
75,90,203.342,0
75,94,174.141,0
75,95,188.767,0
75,97,202.941,0
76,4,16.1245,0
76,11,157.003,0
76,14,208.435,0
76,15,128.378,0
76,18,138.033,0
76,19,44.0454,0
76,21,136.85,0
76,27,198.708,0
76,38,224.575,9.71658
76,39,203.769,0
76,41,100.464,0
76,55,101.607,0
76,60,85.3756,0
76,61,142.215,0
76,62,204.941,0
76,64,97.0206,0
76,69,216.453,0
76,71,120.814,0
76,81,95.3415,0
76,88,120.071,0
76,93,83.4086,0
77,1,243.279,19.2604
77,2,319.059,26.5301
77,3,109.228,3.98921
77,5,223.535,9.43099
77,9,175.08,14.56
77,12,316.155,26.859
77,20,107.233,7.99781
77,24,261.368,22.351
77,25,66.4831,0
77,30,365.53,19.0411
77,45,254.538,19.4911
77,46,210.299,17.823
77,48,48.4683,4.15658
77,49,150.33,12.4683
77,63,252.316,20.8412
77,68,115.453,6.81878
77,73,222.066,9.66141
77,83,228.526,19.3114
77,92,40.4232,3.40866
77,96,135.125,10.6163
77,97,295.759,23.6065
78,6,117.324,0
78,7,186.038,0
78,8,81.0247,0
78,17,46.3249,0
78,28,31.6228,0
78,32,358.468,23.9755
78,33,199.564,17.0083
78,36,280.19,23.7003
78,40,255.936,15.8398
78,42,207.273,16.0528
78,58,179.215,15.1983
78,59,85.7777,5.76644
78,65,18.4391,0
78,74,108.683,0
78,87,381.603,20.0963
78,98,166.246,14.2333
79,13,279.887,6.77611
79,19,282.344,23.0667
79,21,322.029,21.4686
79,24,221.807,13.9599
79,31,308.552,26.3847
79,33,308.759,25.5474
79,34,280.172,23.6463
79,36,306.172,22.9272
79,38,343.454,20.361
79,41,246.133,18.744
79,42,357.234,0
79,44,209.856,17.2687
79,46,225.526,13.5166
79,51,311.83,25.328
79,55,301.547,25.7388
79,56,208.514,17.8846
79,63,188.129,12.9627
79,64,220.26,17.9397
79,69,125.375,7.37288
79,71,209.945,17.2518
79,75,299.83,20.0904
79,82,118.406,0
79,86,172.732,14.2698
79,88,201.076,17.1072
79,94,116.332,9.97342
79,95,147.053,12.0056
79,97,193.474,13.6295
80,13,153.353,12.9177
80,15,213.244,0
80,21,221.922,18.7173
80,23,117.597,0
80,31,206.228,0
80,34,192.271,2.70335
80,38,141.167,12.0922
80,41,247.439,17.809
80,43,63.1269,0
80,51,159.806,0
80,52,116.692,0
80,55,268.578,22.4114
80,56,216.851,11.72
80,62,166.172,0
80,64,270.234,19.167
80,71,242.842,18.4933
80,72,139.435,0
80,75,129.418,0
80,82,334.765,19.808
80,86,258.523,18.0437
81,4,98.2344,0
81,11,164.195,0
81,14,150.814,0
81,15,201.675,0
81,16,196.705,0
81,18,151.344,0
81,19,127.193,0
81,27,188.322,0
81,39,169.517,0
81,41,195.133,0
81,53,214.021,0
81,55,192.837,0
81,60,153.574,0
81,61,91.5478,0
81,64,190.948,0
81,71,215.856,0
81,76,95.3415,0
81,85,211.589,0
81,88,209.239,0
81,93,168.241,0
82,12,235.283,14.7587
82,13,184.143,2.93185
82,21,294.214,25.0751
82,24,159.604,7.92248
82,31,211.022,16.7478
82,34,169.728,13.6812
82,36,289.414,23.1023
82,38,328.117,18.4854
82,41,331.581,26.7095
82,44,179.355,2.98189
82,46,180.368,9.17178
82,51,193.014,16.1213
82,56,108.527,7.33541
82,63,149.6,9.44356
82,64,312.491,23.9573
82,69,230.292,12.4268
82,71,296.467,20.7976
82,72,276.738,21.3993
82,75,178.854,15.2388
82,79,118.406,0
82,80,334.765,19.808
82,86,95.2001,6.91063
82,88,249.421,21.318
82,94,80.0278,2.9581
82,95,112.411,4.72417
82,97,155.416,6.8537
83,1,152.436,10.5824
83,2,141.122,1.43875
83,3,302.036,25.6411
83,5,171.854,10.2744
83,20,122.963,6.08032
83,22,159.401,5.49287
83,25,277.269,22.6562
83,26,321.086,10.6965
83,29,291.583,21.0914
83,32,357.06,13.5923
83,37,151.869,4.75892
83,44,284.884,24.4028
83,45,144.091,4.80706
83,46,275.787,20.8664
83,48,241.612,16.4248
83,49,108.216,9.19558
83,50,222.032,17.507
83,54,222.514,17.2508
83,66,321.116,1.03577
83,68,153.446,5.69695
83,77,228.526,19.3114
83,84,251.223,20.7564
83,89,189.301,14.7217
83,91,305.47,20.5822
83,92,208.861,8.4183
83,97,263.787,19.4631
84,2,270.036,22.6342
84,5,140.911,0
84,22,92.6842,1.5076
84,29,218.371,18.73
84,32,320.381,25.4766
84,37,99.0067,1.51229
84,45,293.454,24.8954
84,50,118.314,5.56237
84,54,41.8688,0
84,66,249.705,18.888
84,83,251.223,20.7564
84,87,308.014,26.0538
84,89,106.794,0
84,91,194.382,16.5507
85,6,170.602,0
85,7,102.956,0
85,10,165.019,12.5893
85,11,144.755,0
85,14,61.131,0
85,16,16.7631,0
85,18,158.446,0
85,27,105.304,0
85,40,111.611,0
85,53,30.4138,0
85,67,137.859,8.11221
85,81,211.589,0
86,3,195.563,0
86,9,184.164,8.03123
86,12,133.503,3.23813
86,13,121.998,8.8327
86,24,67.7791,0
86,25,261.335,18.1535
86,31,114.321,6.93095
86,34,84.9868,5.98188
86,44,176.505,0
86,46,99.905,0
86,51,96.7678,0
86,56,30.5941,0
86,63,81.5966,0
86,69,289.07,24.7853
86,72,182.888,0
86,73,262.185,18.8772
86,75,96.2549,0
86,79,172.732,14.2698
86,80,258.523,18.0437
86,82,95.2001,6.91063
86,94,87.9204,0
86,95,95.0789,0
86,97,107.079,0
87,2,403.569,7.6231
87,26,333.089,0
87,29,166.193,0
87,32,187.723,0
87,36,374.168,24.4661
87,45,416.926,12.6469
87,50,257.721,0
87,54,301.973,19.3965
87,58,355.179,0
87,59,255.51,15.1614
87,65,393.205,8.46803
87,66,256.632,0
87,78,381.603,20.0963
87,84,308.014,26.0538
87,91,162.825,0
87,98,196.403,6.11312
88,4,127.016,0
88,11,171.945,0
88,13,360.864,21.2304
88,15,159.154,0
88,18,155.621,0
88,19,82.0549,0
88,21,93.1933,0
88,27,218.449,0
88,38,143.6,0
88,41,72.7324,0
88,42,213.407,1.97455
88,55,97.1442,0
88,60,149.037,0
88,62,207.292,0
88,64,34.6699,0
88,69,112.361,0
88,71,45.1774,0
88,76,120.071,0
88,79,201.076,17.1072
88,81,209.239,0
88,82,249.421,21.318
88,93,116.765,0
88,94,315.085,26.9722
89,1,348.717,23.4462
89,2,295.964,18.8942
89,5,39.4588,0
89,20,156.08,0
89,22,49.8197,0
89,29,265.854,18.0023
89,37,49.3356,0
89,45,320.006,20.0454
89,49,201.952,7.94428
89,50,171.917,1.97382
89,54,117.201,0
89,68,161.818,0
89,83,189.301,14.7217
89,84,106.794,0
89,91,271.994,20.9534
90,12,184.311,7.42879
90,23,152.971,0
90,30,167.296,0
90,31,175.775,0
90,34,206.629,2.94658
90,35,28.8444,0
90,47,124.824,0
90,51,179.067,0
90,52,170.329,0
90,57,114.739,0
90,70,24.3516,0
90,72,118.309,0
90,75,203.342,0
90,99,127.016,0
91,1,305.107,18.872
91,2,246.254,12.5949
91,22,242.799,20.8017
91,26,266.271,0
91,29,34,0
91,32,144.361,0
91,36,338.377,24.1768
91,37,255.719,21.6106
91,45,280.413,12.3892
91,50,95.5196,0
91,54,159.583,13.1624
91,58,390.825,0
91,59,400.704,0
91,66,168.962,0
91,83,305.47,20.5822
91,84,194.382,16.5507
91,87,162.825,0
91,89,271.994,20.9534
91,98,302.886,4.75197
92,1,282.435,22.952
92,3,105.415,8.60923
92,5,213.284,0
92,9,193.329,16.4451
92,12,317.587,27.123
92,20,96.7471,0
92,24,249.042,19.248
92,25,85.4527,5.35787
92,30,273.128,23.3859
92,46,233.875,19.5457
92,48,11.0454,0
92,49,183.263,15.5762
92,63,271.625,21.3557
92,68,99.4585,0
92,73,161.019,13.8126
92,77,40.4232,3.40866
92,83,208.861,8.4183
92,96,87.6641,0
92,97,307.753,26.3566
93,4,72.8629,0
93,15,50.1597,0
93,18,209.571,0
93,19,95.5249,0
93,21,71.1126,0
93,38,162.295,12.0807
93,39,212.906,0
93,41,50.4777,0
93,43,212.695,4.60379
93,55,31.5753,0
93,60,35.3553,0
93,61,178.011,0
93,62,122.54,0
93,64,82.0975,0
93,71,86.4002,0
93,76,83.4086,0
93,81,168.241,0
93,88,116.765,0
94,1,209.695,6.05254
94,12,211.31,1.28807
94,13,229,19.5912
94,24,121.852,0
94,26,237.437,10.2829
94,31,193.665,4.35253
94,33,313.861,26.0467
94,34,173.059,6.9938
94,36,161.047,0
94,42,343.126,24.3513
94,44,100.975,0
94,45,246.007,10.3105
94,46,115.017,0
94,51,182.937,0
94,56,116.765,0
94,63,76.1052,0
94,69,164.038,10.2542
94,75,174.141,0
94,79,116.332,9.97342
94,82,80.0278,2.9581
94,86,87.9204,0
94,88,315.085,26.9722
94,95,31.4006,0
94,97,76.9675,0
95,1,179.1,5.28477
95,2,235.445,9.86787
95,3,223.33,9.42236
95,9,236.63,12.2928
95,12,206.711,1.31619
95,13,219.13,15.377
95,24,109.809,0
95,25,243.704,13.9474
95,26,221.418,11.288
95,31,185.569,0
95,33,329.363,25.925
95,34,179.033,7.28533
95,36,151.638,0
95,42,357.873,26.4404
95,44,81.7435,0
95,45,211.227,7.62321
95,46,91.5915,0
95,49,200.25,0
95,51,191.76,0
95,56,125.634,0
95,63,53.1601,0
95,69,220.04,18.3642
95,75,188.767,0
95,79,147.053,12.0056
95,82,112.411,4.72417
95,86,95.0789,0
95,94,31.4006,0
95,97,46.8402,0
96,3,122.019,10.4457
96,9,157.219,8.58
96,12,283.363,18.8908
96,20,184.296,0
96,24,277.314,23.5399
96,25,121.936,8.77306
96,30,152.222,12.8586
96,31,325.56,25.6981
96,46,253.954,21.1628
96,47,213.095,18.2156
96,48,76.6877,0
96,49,307.3,25.279
96,57,222.724,18.79
96,68,182.222,0
96,73,88.9369,2.15717
96,77,135.125,10.6163
96,92,87.6641,0
97,1,148.497,4.33115
97,2,196.563,4.86133
97,3,176.021,7.66767
97,9,203.979,12.0864
97,12,191.103,1.12381
97,13,230.049,11.5705
97,24,90.3549,0
97,25,208.034,15.8996
97,26,222.154,13.1275
97,31,179.805,0
97,34,182.864,8.05024
97,36,165.759,0
97,44,88.0909,0
97,45,176.136,4.37764
97,46,54.0833,0
97,48,294.051,24.9904
97,49,156.339,0
97,51,213.222,7.35792
97,56,135.831,0
97,63,28.6356,0
97,69,277.635,22.7953
97,73,254.325,16.0324
97,75,202.941,0
97,77,295.759,23.6065
97,79,193.474,13.6295
97,82,155.416,6.8537
97,83,263.787,19.4631
97,86,107.079,0
97,92,307.753,26.3566
97,94,76.9675,0
97,95,46.8402,0
98,8,243.641,20.2443
98,17,169.26,13.9908
98,26,288.138,3.7856
98,28,180.321,14.8175
98,29,284.12,4.23931
98,32,207.647,3.79853
98,33,268.811,11.5213
98,36,242.182,20.6366
98,42,379.263,16.782
98,50,389.707,4.30429
98,58,154.009,9.69289
98,59,78.6332,4.12877
98,65,167.362,13.2674
98,66,273.218,3.57617
98,74,286.429,16.5362
98,78,166.246,14.2333
98,87,196.403,6.11312
98,91,302.886,4.75197
99,30,199.06,0
99,35,113.159,0
99,47,167.72,0
99,57,157.848,0
99,70,144.139,0
99,90,127.016,0
