0,17,157.813,0
0,25,158.685,0
0,29,175.345,0
0,32,60.2993,0
0,42,141.676,0
0,67,168.241,0
1,2,148.946,0
1,14,88.2553,0
1,18,150.588,12.7287
1,22,195.278,14.9614
1,30,118.204,7.78434
1,50,85.5173,1.33333
1,53,107.238,6.90975
1,55,157.006,13.1629
1,60,78.3901,0
1,61,144.101,0
1,62,113.745,0
1,68,81.4125,0
1,69,87.2344,6.04776
1,70,70.0643,0
1,77,104.623,0
1,97,140.472,4.28962
2,1,148.946,0
2,6,190.932,3.20984
2,9,166.142,7.69532
2,10,59.4643,0
2,13,184.929,6.86881
2,14,83.7377,0
2,18,167.475,0
2,19,221.754,14.977
2,20,62.3699,0
2,23,175.362,0
2,33,216.651,16.2929
2,34,169.722,11.5831
2,37,90.802,0
2,41,138.752,0
2,50,118.87,0
2,51,217.101,13.2848
2,53,241.76,20.1467
2,57,199.992,12.988
2,60,101.045,0
2,61,144.693,0
2,62,50.2494,0
2,68,119.101,0
2,69,138.526,4.14284
2,70,213.762,15.819
2,77,105.437,0
2,78,196.233,12.8934
2,87,179.134,9.94522
2,94,196.111,14.0039
3,4,332.223,0
3,26,329.102,0
3,28,150.266,0
3,33,364.165,0
3,34,304.484,16.7208
3,35,360.976,0
3,38,142.239,0
3,39,262.252,0
3,45,301.921,0
3,56,338.804,0
3,57,323.84,8.25229
3,65,346.733,0
3,66,143.388,0
3,74,206.184,0
3,76,267.055,2.30075
3,80,129.12,0
3,86,305,7.60248
4,3,332.223,0
4,10,273.99,21.8488
4,13,82.5557,6.25197
4,18,180.656,7.93797
4,20,249.627,21.1181
4,22,161.818,11.8451
4,26,132.061,0
4,28,188.254,4.97326
4,33,76.075,4.82698
4,34,211.206,0
4,38,225.418,5.8382
4,45,101.39,0
4,50,195.132,7.74471
4,57,112.089,0
4,66,231.461,5.43083
4,76,117.22,4.83824
4,80,366.939,0
4,87,113,5.15873
4,90,262.759,16.8839
4,94,99.1263,6.09567
4,96,234.58,0
5,6,82.675,5.01235
5,9,119.766,5.67735
5,12,152.712,0
5,17,173.22,0
5,19,69.4622,0
5,21,155.929,0
5,23,117.341,0
5,24,72.9932,0
5,27,91.6079,0
5,31,145.279,0
5,46,75.1332,0
5,47,92.9139,0
5,49,11.3137,0
5,52,55.5788,0
5,58,176.309,0
5,63,120.905,0
5,67,175.308,0
5,72,172.905,0
5,79,61.6117,0
5,82,128.456,0
5,85,145.365,4.34735
5,92,169.189,0
5,93,127.287,0
6,2,190.932,3.20984
6,5,82.675,5.01235
6,9,81.0507,6.29203
6,19,32.1424,1.81316
6,21,159.578,2.06941
6,23,71.8872,4.52437
6,24,34.1538,2.4874
6,27,161.344,4.87467
6,31,186.568,6.21795
6,37,202.241,8.12927
6,41,158.095,7.59655
6,46,125.95,3.23682
6,47,74.4856,5.14832
6,49,75.0098,5.13776
6,51,267.114,21.0616
6,52,98.8527,4.34003
6,61,263.679,22.5468
6,63,127.078,8.02182
6,73,208.177,11.6749
6,79,80.7913,5.16438
6,81,206.23,11.6562
6,82,100.93,4.77259
6,85,196.631,5.42182
6,93,111.474,4.9935
7,9,233.879,17.9512
7,21,72.0625,0
7,46,177.31,4.01059
7,51,97.3388,8.17933
7,54,43.6807,0
7,58,76.3675,0
7,61,179.733,14.0959
7,63,116.297,0
7,68,212.091,15.7262
7,73,43.3244,0
7,77,224.667,19.1425
7,81,45.2217,0
7,83,181.234,1.95733
7,85,166.508,0
7,89,21.095,0
7,97,134.111,6.85922
8,11,30.4631,0
8,13,152.434,0
8,18,105.309,0
8,22,84.4038,0
8,30,141.183,12.082
8,50,163.397,3.2561
8,53,135.391,10.4513
8,55,80.4475,0.502634
8,60,186.406,4.79051
8,69,186.853,13.6693
8,70,170.556,14.3872
8,90,85,0
8,95,89.8528,2.50494
8,96,137.825,6.94845
8,99,96.4813,1.53613
9,2,166.142,7.69532
9,5,119.766,5.67735
9,6,81.0507,6.29203
9,7,233.879,17.9512
9,10,204.36,8.53938
9,19,53.1453,4.55865
9,21,161.055,13.0524
9,23,116.996,8.81926
9,24,110.06,8.70341
9,27,171.013,2.89112
9,37,194.556,9.67202
9,41,167.686,8.31741
9,46,130.502,2.40927
9,47,144.196,11.9277
9,49,107.432,5.08002
9,51,216.782,12.2093
9,52,161.076,9.4155
9,54,281.57,15.4648
9,58,206.826,14.1025
9,61,205.381,16.2371
9,63,112.431,9.31194
9,68,219.199,17.1294
9,73,176.888,13.17
9,77,190.95,15.6039
9,79,156.597,12.8018
9,81,175.147,13.136
9,82,155.896,10.1545
9,89,246.504,20.9502
9,93,171,10.669
10,2,59.4643,0
10,4,273.99,21.8488
10,9,204.36,8.53938
10,13,147.12,2.14373
10,14,108.904,0
10,18,175.636,0
10,20,7.61577,0
10,23,182.472,0
10,33,162.35,11.6619
10,34,107.431,8.23684
10,37,50.0899,0
10,41,117.796,0
10,50,137.266,0
10,57,181,15.2336
10,60,125.132,0
10,62,78.0577,0
10,65,275.822,23.2153
10,68,176.502,0
10,69,161.749,4.82917
10,76,188.799,16.0335
10,77,164.624,0
10,78,160.416,12.829
10,86,209.843,17.6948
10,87,126.096,5.40987
10,88,164.034,7.1366
10,94,133.304,5.11847
11,8,30.4631,0
11,13,174.413,0
11,18,135.595,0
11,22,111.732,0
11,30,170.262,14.3395
11,53,165.595,11.368
11,55,110.417,0.511098
11,69,217.325,14.3864
11,70,203.561,16.5709
11,90,74.6257,0
11,95,59.3856,2.39122
11,96,135.124,6.95619
11,99,66.0833,1.49474
12,5,152.712,0
12,17,167.027,0
12,21,198.141,6.94867
12,25,145.89,0
12,27,66.3702,0
12,29,142.524,0
12,36,156.975,0
12,40,94.255,0
12,42,177.282,0
12,44,88.2383,0
12,46,106.17,0
12,48,78.2304,0
12,49,157.204,0
12,58,177.614,9.92687
12,59,68.7677,0
12,67,140.036,0
12,72,26.9258,0
12,75,100.285,0
12,83,157.918,0
12,85,82.7656,6.51779
12,91,78.9177,0
12,92,20.8806,0
12,98,88.7525,0
13,2,184.929,6.86881
13,4,82.5557,6.25197
13,8,152.434,0
13,10,147.12,2.14373
13,11,174.413,0
13,14,150.161,10.2581
13,18,99.8098,0
13,20,139.514,2.1419
13,22,76,0
13,26,194.48,14.9126
13,28,278.33,17.0315
13,30,193.312,14.0669
13,33,61.063,5.22129
13,34,177.622,10.0197
13,37,186.935,1.20561
13,38,312.566,19.3714
13,45,176.064,13.865
13,50,112.446,0
13,53,153.154,7.62239
13,55,132.004,0
13,57,98.6431,7.32646
13,60,126.276,1.68856
13,62,133.09,0
13,69,135.514,5.59334
13,70,178.849,12.3451
13,76,143.198,11.8901
13,87,73.0548,6.0879
13,90,150.243,0
13,94,46.906,3.87818
13,96,216.584,14.0992
14,1,88.2553,0
14,2,83.7377,0
14,10,108.904,0
14,13,150.161,10.2581
14,18,86.093,0
14,20,105.233,0
14,22,118.6,0
14,30,206.984,12.9086
14,33,173.56,10.503
14,34,217.559,18.643
14,37,157.178,0
14,50,35.4683,0
14,53,159.736,11.2945
14,55,192.385,14.2314
14,57,178.191,10.6066
14,60,17.4929,0
14,61,166.721,0
14,62,34.4819,0
14,68,111.485,0
14,69,55.7368,3.82633
14,70,135.282,11.1734
14,76,222.573,14.7153
14,77,117.085,0
14,87,144.063,3.86662
14,94,142.716,4.66699
15,16,196.865,0
15,35,281.887,0
15,41,185.868,8.8291
15,56,328.219,0
15,64,185.909,15.9482
15,65,298.188,0
15,71,251.603,0
15,78,171.808,10.0758
15,82,176.94,8.60125
15,84,94.2056,7.5399
15,86,330.636,8.93366
15,88,243.233,13.1287
15,93,171.529,8.28669
16,15,196.865,0
16,35,84.8528,2.47487
16,37,276.157,21.6663
16,39,293.096,4.40237
16,41,220.087,18.7118
16,56,146.617,3.83313
16,65,101.823,2.5307
16,71,49.9449,2.38337
16,74,346.723,4.31623
16,78,182.692,10.1005
16,80,304.935,3.06717
16,84,204.017,16.4663
16,86,167.188,2.25572
16,88,143.124,0.493483
17,0,157.813,0
17,5,173.22,0
17,12,167.027,0
17,25,82.7647,0
17,27,171.956,0
17,29,112.681,0
17,31,133.81,0
17,32,115.486,0
17,42,16.4012,0
17,43,169.84,5.22144
17,49,184.448,0
17,52,153.708,0
17,67,34.4093,0
17,75,195.497,6.15373
17,79,181.838,0
17,92,162.635,0
18,1,150.588,12.7287
18,2,167.475,0
18,4,180.656,7.93797
18,8,105.309,0
18,10,175.636,0
18,11,135.595,0
18,13,99.8098,0
18,14,86.093,0
18,20,169.594,0
18,22,43.6578,0
18,30,96.6966,6.59927
18,33,163.722,9.30558
18,34,218.213,14.7326
18,50,51.4782,0
18,53,54.3135,4.47675
18,55,40.1622,0
18,57,192.646,14.0763
18,60,71.1758,0
18,62,117.29,0
18,68,218.004,15.9889
18,69,80.6226,5.37484
18,70,78.403,6.01777
18,87,157.56,7.94661
18,90,159.013,0
18,94,140.12,5.16795
18,96,190.234,9.50017
19,2,221.754,14.977
19,5,69.4622,0
19,6,32.1424,1.81316
19,9,53.1453,4.55865
19,21,127.472,0
19,23,98.4125,4.88503
19,24,66.0531,5.59958
19,27,135.34,0
19,41,161.245,0
19,46,99.2975,0
19,47,108.005,7.56572
19,49,58.5918,0
19,51,232.233,17.5899
19,52,103.942,0
19,54,275.017,22.4319
19,58,166.973,0
19,61,226.65,19.4239
19,63,94.1597,5.87842
19,73,171.487,8.04381
19,77,217.412,14.4941
19,79,88.3233,0
19,81,168.508,7.64399
19,82,133.07,6.60039
19,85,164.283,0
19,89,204.494,9.7341
19,93,145.339,7.56041
20,2,62.3699,0
20,4,249.627,21.1181
20,10,7.61577,0
20,13,139.514,2.1419
20,14,105.233,0
20,18,169.594,0
20,22,217.732,14.5784
20,33,154.978,11.4432
20,34,105.91,8.7947
20,37,56.0803,0
20,41,124.652,0
20,50,132.439,0
20,57,173.059,14.3788
20,60,121.062,0
20,62,75.6637,0
20,68,177.553,0
20,69,157.021,4.77257
20,76,183.317,15.6728
20,77,166.712,0
20,78,166.801,13.3564
20,86,217.243,18.5934
20,87,118.754,5.35474
20,88,167.366,7.16798
20,94,125.792,5.07242
21,5,155.929,0
21,6,159.578,2.06941
21,7,72.0625,0
21,9,161.055,13.0524
21,12,198.141,6.94867
21,19,127.472,0
21,24,193.722,8.03813
21,27,135.949,0
21,40,185.043,0
21,46,101.71,0
21,49,147.275,0
21,51,83.8484,6.95607
21,54,75,0
21,58,54.0833,0
21,61,183.779,13.0716
21,63,49.3964,0
21,68,246.441,21.1171
21,72,198.005,7.82664
21,73,35.3553,0
21,77,209.66,17.225
21,81,33.6155,0
21,83,185.054,0
21,85,119.407,0
21,89,64.5136,0
21,91,169.756,0
21,97,238.016,19.8908
22,1,195.278,14.9614
22,4,161.818,11.8451
22,8,84.4038,0
22,11,111.732,0
22,13,76,0
22,14,118.6,0
22,18,43.6578,0
22,20,217.732,14.5784
22,26,271.941,19.7431
22,30,114.894,9.42692
22,33,136.019,6.9343
22,34,212.702,15.2755
22,45,263.818,19.9966
22,50,88.2043,0
22,53,92.9091,7.23967
22,55,59.9416,0
22,57,175.228,13.7478
22,60,106.921,0
22,62,144.586,0
22,69,112.571,8.57158
22,70,122.139,10.271
22,76,217.093,16.8201
22,87,145.233,9.0936
22,90,119.218,0
22,94,121.499,4.97041
22,95,165.771,1.83995
22,96,146.586,8.95795
22,99,169.838,0
23,2,175.362,0
23,5,117.341,0
23,6,71.8872,4.52437
23,9,116.996,8.81926
23,10,182.472,0
23,19,98.4125,4.88503
23,24,46.1411,0
23,31,178.393,6.7573
23,37,146.25,0
23,41,88.5664,0
23,46,186.64,4.06484
23,47,38.9102,0
23,49,112.539,0
23,52,105.906,0
23,63,200.808,14.4478
23,64,172.409,0
23,78,163.005,10.2591
23,79,77.4661,0
23,82,39.6232,0
23,84,142.172,0
23,88,193.225,8.25277
23,93,57.9396,0
24,5,72.9932,0
24,6,34.1538,2.4874
24,9,110.06,8.70341
24,19,66.0531,5.59958
24,21,193.722,8.03813
24,23,46.1411,0
24,27,160.225,0
24,31,155.724,0
24,37,182.395,0
24,41,132.185,0
24,46,132.201,0
24,47,40.3113,0
24,49,67.0522,0
24,52,77.1038,0
24,63,160.143,11.9656
24,64,185.973,0
24,78,208.734,10.9964
24,79,52.345,0
24,82,70.2353,0
24,84,171.563,0
24,93,79.3095,0
25,0,158.685,0
25,12,145.89,0
25,17,82.7647,0
25,27,182.036,0
25,29,30.4795,0
25,32,99.0404,0
25,42,77.4661,0
25,59,173.934,0
25,67,54.1295,0
25,72,164.344,0
25,75,145.65,11.0999
25,92,131.848,0
26,3,329.102,0
26,4,132.061,0
26,13,194.48,14.9126
26,22,271.941,19.7431
26,28,178.997,0
26,33,208.135,6.12109
26,34,320.249,6.60649
26,38,196.01,0
26,45,40.4969,0
26,57,241.404,0
26,66,198.04,0
26,76,227.933,3.56966
26,87,245.029,5.84566
26,90,213.134,17.6281
26,94,226.453,8.76354
26,96,147.543,11.3644
27,5,91.6079,0
27,6,161.344,4.87467
27,9,171.013,2.89112
27,12,66.3702,0
27,17,171.956,0
27,19,135.34,0
27,21,135.949,0
27,24,160.225,0
27,25,182.036,0
27,40,155.962,8.82884
27,42,186.215,0
27,44,149.875,7.01246
27,46,42.0595,0
27,47,184.491,0
27,48,130.357,0
27,49,94.0213,0
27,52,136.4,0
27,58,125.543,0
27,59,128.95,0
27,63,131.034,0
27,67,155.926,0
27,72,82.4621,0
27,73,170.552,0
27,75,165.245,0
27,79,151.38,0
27,81,169.009,0
27,83,212.947,12.2602
27,85,60.0833,3.85403
27,91,138.438,9.22917
27,92,86.0058,0
27,98,140.663,0
28,3,150.266,0
28,4,188.254,4.97326
28,13,278.33,17.0315
28,26,178.997,0
28,33,251.757,2.04015
28,34,257.175,14.3235
28,38,45.6508,0
28,45,152.21,0
28,57,247.2,0
28,66,51.8845,0
28,74,355.578,0
28,76,187.107,2.10005
28,80,237.394,0
28,87,279.893,0
28,94,284.274,1.3797
28,96,337.294,11.623
29,0,175.345,0
29,12,142.524,0
29,17,112.681,0
29,25,30.4795,0
29,32,115.109,0
29,42,107.935,0
29,48,202.162,9.22292
29,59,183.245,10.4746
29,67,82.0792,0
29,72,156.774,0
29,75,131.278,11.2576
29,92,125.431,0
30,1,118.204,7.78434
30,8,141.183,12.082
30,11,170.262,14.3395
30,13,193.312,14.0669
30,14,206.984,12.9086
30,18,96.6966,6.59927
30,22,114.894,9.42692
30,50,170.374,3.10725
30,53,51.923,0
30,55,56.5685,0
30,60,189.892,7.84656
30,62,241.803,19.396
30,68,197.35,8.48649
30,69,152.013,0
30,70,56.757,4.0609
30,90,205.797,12.6295
30,95,233.293,18.9489
31,5,145.279,0
31,6,186.568,6.21795
31,17,133.81,0
31,23,178.393,6.7573
31,24,155.724,0
31,42,143.951,0
31,43,56.0089,0
31,47,126.669,0
31,49,153.942,0
31,52,91.5915,0
31,64,80.9197,0
31,67,162.459,0
31,79,105.119,0
31,82,159.042,10.0912
31,84,131.939,0
31,93,138.681,9.5071
32,0,60.2993,0
32,17,115.486,0
32,25,99.0404,0
32,29,115.109,0
32,42,99.2975,0
32,67,116.692,0
33,2,216.651,16.2929
33,3,364.165,0
33,4,76.075,4.82698
33,10,162.35,11.6619
33,13,61.063,5.22129
33,14,173.56,10.503
33,18,163.722,9.30558
33,20,154.978,11.4432
33,22,136.019,6.9343
33,26,208.135,6.12109
33,28,251.757,2.04015
33,34,137.361,0
33,37,247.088,20.6347
33,38,295.935,1.98985
33,45,177.214,5.67193
33,50,188.563,15.1995
33,53,217.534,15.5256
33,55,193.851,8.18393
33,57,38.4708,0
33,60,198.968,16.3212
33,62,188.983,14.956
33,66,301.738,1.97574
33,69,193.357,13.7556
33,76,82.1417,6.08894
33,80,343.147,10.4612
33,86,263.7,22.6126
33,87,36.2215,0
33,90,241.098,20.2286
33,94,31.241,0
33,96,250.997,15.9188
34,2,169.722,11.5831
34,3,304.484,16.7208
34,4,211.206,0
34,10,107.431,8.23684
34,13,177.622,10.0197
34,14,217.559,18.643
34,18,218.213,14.7326
34,20,105.91,8.7947
34,22,212.702,15.2755
34,26,320.249,6.60649
34,28,257.175,14.3235
34,33,137.361,0
34,35,309.194,9.90046
34,37,111.345,3.73135
34,38,302.807,14.7964
34,41,175.018,3.58943
34,45,272.011,10.2401
34,50,217.178,17.8805
34,57,102.078,0
34,60,224.28,19.1537
34,62,169.589,12.7742
34,65,292.432,10.4919
34,66,309.134,14.8731
34,69,242.086,20.381
34,71,346.012,9.71778
34,76,73.3123,6.18375
34,78,194.559,16.3762
34,80,231.989,18.959
34,86,223.114,9.62742
34,87,110,0
34,88,275.542,6.5776
34,94,136.484,0
35,3,360.976,0
35,15,281.887,0
35,16,84.8528,2.47487
35,34,309.194,9.90046
35,37,211.647,18.0895
35,39,271.249,0
35,41,239.008,16.8228
35,56,145.89,0
35,65,16.9706,0
35,71,36.7151,0
35,74,310.483,0
35,76,231.495,17.4661
35,78,163.417,8.75446
35,80,232.207,0
35,86,85.44,0
35,88,106.301,0
36,12,156.975,0
36,40,65.9469,0
36,44,69.1158,0
36,48,79.4796,0
36,58,179.201,0
36,59,96.8814,0
36,72,130.177,0
36,75,158.493,0
36,83,74.4352,6.10586
36,85,167.968,5.38181
36,91,85.5862,0
36,92,154.651,0
36,98,69.5701,0
37,2,90.802,0
37,6,202.241,8.12927
37,9,194.556,9.67202
37,10,50.0899,0
37,13,186.935,1.20561
37,14,157.178,0
37,16,276.157,21.6663
37,20,56.0803,0
37,23,146.25,0
37,24,182.395,0
37,33,247.088,20.6347
37,34,111.345,3.73135
37,35,211.647,18.0895
37,41,70.2922,0
37,47,184.48,0
37,57,218.967,18.6802
37,60,173.922,0
37,62,124.459,0
37,65,203.056,17.1803
37,71,240.073,20.4718
37,76,176.437,8.73959
37,78,109.965,9.37558
37,82,166.364,0
37,86,168.511,14.2685
37,87,210.109,18.0198
37,88,127.109,8.79643
37,93,185.715,0
37,94,199.864,15.3215
38,3,142.239,0
38,4,225.418,5.8382
38,13,312.566,19.3714
38,26,196.01,0
38,28,45.6508,0
38,33,295.935,1.98985
38,34,302.807,14.7964
38,45,176.918,0
38,57,292.479,0
38,66,6.32456,0
38,74,347.252,0
38,76,232.634,2.13274
38,80,239.175,4.81393
38,87,324.863,0
38,94,327.156,1.98617
39,3,262.252,0
39,16,293.096,4.40237
39,35,271.249,0
39,56,148.661,0
39,65,268.403,0
39,71,271.035,0
39,74,70.7107,0
39,80,194.01,0
39,86,302.185,0
40,12,94.255,0
40,21,185.043,0
40,27,155.962,8.82884
40,36,65.9469,0
40,44,11.4018,0
40,46,177.036,8.31451
40,48,27.7849,0
40,58,143.901,3.81155
40,59,51,0
40,72,67.4463,0
40,75,127.581,0
40,83,67.897,0
40,85,105.105,5.57923
40,91,20,0
40,92,96.3328,0
40,98,26.4008,0
41,2,138.752,0
41,6,158.095,7.59655
41,9,167.686,8.31741
41,10,117.796,0
41,15,185.868,8.8291
41,16,220.087,18.7118
41,19,161.245,0
41,20,124.652,0
41,23,88.5664,0
41,24,132.185,0
41,34,175.018,3.58943
41,35,239.008,16.8228
41,37,70.2922,0
41,47,123.199,0
41,62,183.175,0
41,65,242.869,16.4855
41,71,239.725,18.2924
41,78,79.8812,6.65676
41,79,164.076,0
41,82,99.3277,0
41,84,154.871,0
41,86,200.114,16.9436
41,88,135.384,11.5474
41,93,117.546,0
42,0,141.676,0
42,12,177.282,0
42,17,16.4012,0
42,25,77.4661,0
42,27,186.215,0
42,29,107.935,0
42,31,143.951,0
42,32,99.2975,0
42,43,163.783,0
42,52,169.366,0
42,67,38.6394,0
42,75,204.529,9.13387
42,92,171.292,0
43,17,169.84,5.22144
43,31,56.0089,0
43,42,163.783,0
43,47,172.54,0
43,52,147.105,0
43,64,63.1269,0
43,79,164.123,3.0115
43,82,171.33,0
43,84,131.214,0
43,93,150.814,0
44,12,88.2383,0
44,27,149.875,7.01246
44,36,69.1158,0
44,40,11.4018,0
44,46,183.492,10.1217
44,48,16.5529,0
44,58,146.415,1.00936
44,59,39.8121,0
44,72,61.327,0
44,75,116.211,0
44,83,78.1025,0
44,85,107.204,5.695
44,91,23.1948,0
44,92,88.2836,0
44,98,15.6525,0
45,3,301.921,0
45,4,101.39,0
45,13,176.064,13.865
45,22,263.818,19.9966
45,26,40.4969,0
45,28,152.21,0
45,33,177.214,5.67193
45,34,272.011,10.2401
45,38,176.918,0
45,57,206.039,0
45,66,180.056,0
45,76,181.744,5.99156
45,80,371.295,0
45,87,216.443,4.16618
45,90,250.584,17.8685
45,94,200.35,7.3326
45,96,189.242,9.49372
46,5,75.1332,0
46,6,125.95,3.23682
46,7,177.31,4.01059
46,9,130.502,2.40927
46,12,106.17,0
46,19,99.2975,0
46,21,101.71,0
46,23,186.64,4.06484
46,24,132.201,0
46,27,42.0595,0
46,40,177.036,8.31451
46,44,183.492,10.1217
46,47,162.733,0
46,48,189.913,12.2487
46,49,72.4224,0
46,51,191.738,13.5252
46,52,129.027,0
46,54,176.409,0
46,58,106,0
46,59,196.733,13.4456
46,63,89.6939,0
46,72,135.786,7.70477
46,73,137.058,0
46,79,136.341,0
46,81,135.326,0
46,85,71.9341,2.68489
46,89,165.484,0
46,91,155.804,7.66906
46,92,126.57,0
46,98,194.376,10.6946
47,5,92.9139,0
47,6,74.4856,5.14832
47,9,144.196,11.9277
47,19,108.005,7.56572
47,23,38.9102,0
47,24,40.3113,0
47,27,184.491,0
47,31,126.669,0
47,37,184.48,0
47,41,123.199,0
47,43,172.54,0
47,46,162.733,0
47,49,91.4385,0
47,52,69.0652,0
47,63,200.118,12.8523
47,64,146.973,0
47,78,192.803,10.3724
47,79,41.0488,0
47,82,35.609,0
47,84,131.867,0
47,93,39.5601,0
48,12,78.2304,0
48,27,130.357,0
48,29,202.162,9.22292
48,36,79.4796,0
48,40,27.7849,0
48,44,16.5529,0
48,46,189.913,12.2487
48,58,154.984,0
48,59,23.2594,0
48,72,52.0096,0
48,75,99.8649,0
48,83,94.3716,0
48,85,109.844,6.15
48,91,32.311,0
48,92,75.2861,0
48,98,10.6301,0
49,5,11.3137,0
49,6,75.0098,5.13776
49,9,107.432,5.08002
49,12,157.204,0
49,17,184.448,0
49,19,58.5918,0
49,21,147.275,0
49,23,112.539,0
49,24,67.0522,0
49,27,94.0213,0
49,31,153.942,0
49,46,72.4224,0
49,47,91.4385,0
49,51,228.59,16.7561
49,52,63,0
49,58,170.262,0
49,63,110.68,0
49,67,186.067,0
49,72,176.204,0
49,73,179.889,0
49,79,64.405,0
49,81,177.91,0
49,82,127.016,0
49,85,144.108,3.90245
49,92,174.451,0
49,93,127.664,0
50,1,85.5173,1.33333
50,2,118.87,0
50,4,195.132,7.74471
50,8,163.397,3.2561
50,10,137.266,0
50,13,112.446,0
50,14,35.4683,0
50,18,51.4782,0
50,20,132.439,0
50,22,88.2043,0
50,30,170.374,3.10725
50,33,188.563,15.1995
50,34,217.178,17.8805
50,53,119.538,3.12519
50,55,154.273,5.84366
50,57,206.927,17.3666
50,60,19.6977,0
50,62,68.884,0
50,68,130.863,0
50,69,25.0555,1.67037
50,70,107.696,3.88678
50,77,142.004,0
50,87,171.837,13.0887
50,94,160,11.5385
51,2,217.101,13.2848
51,6,267.114,21.0616
51,7,97.3388,8.17933
51,9,216.782,12.2093
51,19,232.233,17.5899
51,21,83.8484,6.95607
51,46,191.738,13.5252
51,49,228.59,16.7561
51,54,67.2054,2.9869
51,58,129.266,8.18196
51,61,94.1625,3.37838
51,63,116.361,9.11373
51,68,157.967,13.4865
51,73,64.6817,5.10256
51,77,141.176,12.1101
51,81,63.2991,5.12176
51,85,203.524,9.298
51,89,76.7378,6.44824
51,97,186.625,7.43666
52,5,55.5788,0
52,6,98.8527,4.34003
52,9,161.076,9.4155
52,17,153.708,0
52,19,103.942,0
52,23,105.906,0
52,24,77.1038,0
52,27,136.4,0
52,31,91.5915,0
52,42,169.366,0
52,43,147.105,0
52,46,129.027,0
52,47,69.0652,0
52,49,63,0
52,63,171.607,0
52,64,161.548,5.76218
52,67,166.595,0
52,79,28.4429,0
52,82,98.8433,0
52,84,164.939,0
52,85,194.506,4.47503
52,93,89.6939,0
53,1,107.238,6.90975
53,2,241.76,20.1467
53,8,135.391,10.4513
53,11,165.595,11.368
53,13,153.154,7.62239
53,14,159.736,11.2945
53,18,54.3135,4.47675
53,22,92.9091,7.23967
53,30,51.923,0
53,33,217.534,15.5256
53,50,119.538,3.12519
53,55,54.9181,0
53,60,141.139,7.36185
53,62,193.426,16.4077
53,68,199.787,13.6916
53,69,103.479,0
53,70,36.4027,1.6179
53,77,225.368,16.1726
53,87,210.325,14.2581
53,90,197.09,9.37237
53,94,193.397,11.9771
54,7,43.6807,0
54,9,281.57,15.4648
54,19,275.017,22.4319
54,21,75,0
54,46,176.409,0
54,51,67.2054,2.9869
54,58,111.335,3.06989
54,61,135.282,3.48512
54,63,138.339,11.5283
54,68,174.568,14.8676
54,73,40.3113,0
54,77,179.276,14.9827
54,81,41.7732,0
54,89,24.0208,0
54,97,106.915,7.90887
55,1,157.006,13.1629
55,8,80.4475,0.502634
55,11,110.417,0.511098
55,13,132.004,0
55,14,192.385,14.2314
55,18,40.1622,0
55,22,59.9416,0
55,30,56.5685,0
55,33,193.851,8.18393
55,50,154.273,5.84366
55,53,54.9181,0
55,60,184.558,8.38285
55,62,196.508,15.5959
55,69,150.426,0
55,70,89.0805,2.23606
55,87,195.458,8.87794
55,90,151.403,0.511448
55,94,175.058,5.16001
55,95,169.563,3.00153
55,96,189.414,8.19755
55,99,176.406,2.02536
56,3,338.804,0
56,15,328.219,0
56,16,146.617,3.83313
56,35,145.89,0
56,39,148.661,0
56,65,150.266,0
56,71,133.056,0
56,74,208.087,0
56,78,309.566,9.47947
56,80,222.396,0
56,86,208.096,0
56,88,251.603,0
57,2,199.992,12.988
57,3,323.84,8.25229
57,4,112.089,0
57,10,181,15.2336
57,13,98.6431,7.32646
57,14,178.191,10.6066
57,18,192.646,14.0763
57,20,173.059,14.3788
57,22,175.228,13.7478
57,26,241.404,0
57,28,247.2,0
57,33,38.4708,0
57,34,102.078,0
57,37,218.967,18.6802
57,38,292.479,0
57,45,206.039,0
57,50,206.927,17.3666
57,60,197.686,14.8823
57,62,200.382,16.9735
57,66,298.53,0
57,69,228.239,19.3603
57,76,51.9624,4.44456
57,80,296.046,15.0738
57,86,226.457,19.2249
57,87,34.9857,0
57,94,54.3323,0
57,96,283.047,17.3455
58,5,176.309,0
58,7,76.3675,0
58,9,206.826,14.1025
58,12,177.614,9.92687
58,19,166.973,0
58,21,54.0833,0
58,27,125.543,0
58,36,179.201,0
58,40,143.901,3.81155
58,44,146.415,1.00936
58,46,106,0
58,48,154.984,0
58,49,170.262,0
58,51,129.266,8.18196
58,54,111.335,3.06989
58,59,171.619,0
58,61,223.435,19.1341
58,63,97.6166,0
58,72,157.5,5.71121
58,73,69.2315,0
58,81,68.884,0
58,83,130.973,0
58,85,90.4268,0
58,89,93.1811,4.14138
58,91,122.801,0
58,92,204.138,12.8796
58,98,159.59,0
59,12,68.7677,0
59,25,173.934,0
59,27,128.95,0
59,29,183.245,10.4746
59,36,96.8814,0
59,40,51,0
59,44,39.8121,0
59,46,196.733,13.4456
59,48,23.2594,0
59,58,171.619,0
59,72,46.5188,0
59,75,77.0065,0
59,83,117.341,0
59,85,117.09,6.40198
59,91,51.8556,0
59,92,60.208,0
59,98,29.1548,0
60,1,78.3901,0
60,2,101.045,0
60,8,186.406,4.79051
60,10,125.132,0
60,13,126.276,1.68856
60,14,17.4929,0
60,18,71.1758,0
60,20,121.062,0
60,22,106.921,0
60,30,189.892,7.84656
60,33,198.968,16.3212
60,34,224.28,19.1537
60,37,173.922,0
60,50,19.6977,0
60,53,141.139,7.36185
60,55,184.558,8.38285
60,57,197.686,14.8823
60,61,173.649,0
60,62,51.9711,0
60,68,114.983,0
60,69,37.3053,3.02767
60,70,119.654,8.06215
60,77,124.197,0
60,87,166.619,10.6065
60,94,168.291,12.367
61,1,144.101,0
61,2,144.693,0
61,6,263.679,22.5468
61,7,179.733,14.0959
61,9,205.381,16.2371
61,14,166.721,0
61,19,226.65,19.4239
61,21,183.779,13.0716
61,51,94.1625,3.37838
61,54,135.282,3.48512
61,58,223.435,19.1341
61,60,173.649,0
61,62,158.773,0
61,63,141.281,11.4267
61,68,63.7887,0
61,73,166.088,7.24298
61,77,49.6488,0
61,81,162.01,8.37006
61,89,159.132,9.9943
61,97,89.2379,3.20978
62,1,113.745,0
62,2,50.2494,0
62,10,78.0577,0
62,13,133.09,0
62,14,34.4819,0
62,18,117.29,0
62,20,75.6637,0
62,22,144.586,0
62,30,241.803,19.396
62,33,188.983,14.956
62,34,169.589,12.7742
62,37,124.459,0
62,41,183.175,0
62,50,68.884,0
62,53,193.426,16.4077
62,55,196.508,15.5959
62,57,200.382,16.9735
62,60,51.9711,0
62,61,158.773,0
62,68,113.358,0
62,69,89.9202,4.17586
62,70,170.069,14.483
62,76,246.703,21.1282
62,77,110.941,0
62,87,168.419,13.1847
62,94,143.069,4.97509
63,5,120.905,0
63,6,127.078,8.02182
63,7,116.297,0
63,9,112.431,9.31194
63,19,94.1597,5.87842
63,21,49.3964,0
63,23,200.808,14.4478
63,24,160.143,11.9656
63,27,131.034,0
63,46,89.6939,0
63,47,200.118,12.8523
63,49,110.68,0
63,51,116.361,9.11373
63,52,171.607,0
63,54,138.339,11.5283
63,58,97.6166,0
63,61,141.281,11.4267
63,68,197.056,11.9913
63,73,73.5527,0
63,77,196.657,16.5555
63,79,163.15,0
63,81,71.5681,0
63,85,133.454,0
63,89,103.121,0
63,97,295.497,19.2385
64,15,185.909,15.9482
64,23,172.409,0
64,24,185.973,0
64,31,80.9197,0
64,43,63.1269,0
64,47,146.973,0
64,52,161.548,5.76218
64,79,147.98,0
64,82,133.54,0
64,84,68.9638,0
64,93,114.49,0
65,3,346.733,0
65,10,275.822,23.2153
65,15,298.188,0
65,16,101.823,2.5307
65,34,292.432,10.4919
65,35,16.9706,0
65,37,203.056,17.1803
65,39,268.403,0
65,41,242.869,16.4855
65,56,150.266,0
65,71,53.2541,0
65,74,304.237,0
65,76,215.743,15.2819
65,78,164.309,8.59714
65,80,218.358,0
65,86,70.342,0
65,88,106.527,0
66,3,143.388,0
66,4,231.461,5.43083
66,26,198.04,0
66,28,51.8845,0
66,33,301.738,1.97574
66,34,309.134,14.8731
66,38,6.32456,0
66,45,180.056,0
66,57,298.53,0
66,74,347.701,0
66,76,238.919,2.13177
66,80,242.687,4.74203
66,87,330.829,0
66,94,332.966,1.97353
67,0,168.241,0
67,5,175.308,0
67,12,140.036,0
67,17,34.4093,0
67,25,54.1295,0
67,27,155.926,0
67,29,82.0792,0
67,31,162.459,0
67,32,116.692,0
67,42,38.6394,0
67,49,186.067,0
67,52,166.595,0
67,72,164.149,0
67,75,163.452,6.98637
67,92,133.034,0
68,1,81.4125,0
68,2,119.101,0
68,7,212.091,15.7262
68,9,219.199,17.1294
68,10,176.502,0
68,14,111.485,0
68,18,218.004,15.9889
68,20,177.553,0
68,21,246.441,21.1171
68,30,197.35,8.48649
68,50,130.863,0
68,51,157.967,13.4865
68,53,199.787,13.6916
68,54,174.568,14.8676
68,60,114.983,0
68,61,63.7887,0
68,62,113.358,0
68,63,197.056,11.9913
68,69,139.208,5.03486
68,70,146.25,0
68,73,228.691,19.279
68,77,26.4197,0
68,81,228.94,19.3
68,89,202.442,16.9507
68,97,110.781,8.57845
69,1,87.2344,6.04776
69,2,138.526,4.14284
69,8,186.853,13.6693
69,10,161.749,4.82917
69,11,217.325,14.3864
69,13,135.514,5.59334
69,14,55.7368,3.82633
69,18,80.6226,5.37484
69,20,157.021,4.77257
69,22,112.571,8.57158
69,30,152.013,0
69,33,193.357,13.7556
69,34,242.086,20.381
69,50,25.0555,1.67037
69,53,103.479,0
69,55,150.426,0
69,57,228.239,19.3603
69,60,37.3053,3.02767
69,62,89.9202,4.17586
69,68,139.208,5.03486
69,70,84.3274,1.90741
69,77,151.969,4.6752
69,87,192.324,15.1968
69,94,163.241,8.74503
70,1,70.0643,0
70,2,213.762,15.819
70,8,170.556,14.3872
70,11,203.561,16.5709
70,13,178.849,12.3451
70,14,135.282,11.1734
70,18,78.403,6.01777
70,22,122.139,10.271
70,30,56.757,4.0609
70,50,107.696,3.88678
70,53,36.4027,1.6179
70,55,89.0805,2.23606
70,60,119.654,8.06215
70,62,170.069,14.483
70,68,146.25,0
70,69,84.3274,1.90741
70,77,165.496,0
70,87,239.838,19.6226
70,94,226.469,18.3801
71,15,251.603,0
71,16,49.9449,2.38337
71,34,346.012,9.71778
71,35,36.7151,0
71,37,240.073,20.4718
71,39,271.035,0
71,41,239.725,18.2924
71,56,133.056,0
71,65,53.2541,0
71,74,317.32,0
71,78,178.098,8.78679
71,80,257.472,0
71,84,253.257,21.7077
71,86,121.852,0
71,88,123.483,0
72,5,172.905,0
72,12,26.9258,0
72,21,198.005,7.82664
72,25,164.344,0
72,27,82.4621,0
72,29,156.774,0
72,36,130.177,0
72,40,67.4463,0
72,44,61.327,0
72,46,135.786,7.70477
72,48,52.0096,0
72,49,176.204,0
72,58,157.5,5.71121
72,59,46.5188,0
72,67,164.149,0
72,75,97.9898,0
72,83,132.185,0
72,85,77.6209,5.82157
72,91,53.0377,0
72,92,32.573,0
72,98,62.6259,0
73,6,208.177,11.6749
73,7,43.3244,0
73,9,176.888,13.17
73,19,171.487,8.04381
73,21,35.3553,0
73,27,170.552,0
73,46,137.058,0
73,49,179.889,0
73,51,64.6817,5.10256
73,54,40.3113,0
73,58,69.2315,0
73,61,166.088,7.24298
73,63,73.5527,0
73,68,228.691,19.279
73,77,205.623,17.5283
73,81,2,0
73,85,149.773,0
73,89,30.2655,0
73,97,154.135,10.9572
74,3,206.184,0
74,16,346.723,4.31623
74,28,355.578,0
74,35,310.483,0
74,38,347.252,0
74,39,70.7107,0
74,56,208.087,0
74,65,304.237,0
74,66,347.701,0
74,71,317.32,0
74,80,170.88,0
74,86,324.006,0
75,12,100.285,0
75,17,195.497,6.15373
75,25,145.65,11.0999
75,27,165.245,0
75,29,131.278,11.2576
75,36,158.493,0
75,40,127.581,0
75,42,204.529,9.13387
75,44,116.211,0
75,48,99.8649,0
75,59,77.0065,0
75,67,163.452,6.98637
75,72,97.9898,0
75,85,175.591,7.22167
75,91,128.082,0
75,92,79.6304,0
75,98,102.956,0
76,3,267.055,2.30075
76,4,117.22,4.83824
76,10,188.799,16.0335
76,13,143.198,11.8901
76,14,222.573,14.7153
76,20,183.317,15.6728
76,22,217.093,16.8201
76,26,227.933,3.56966
76,28,187.107,2.10005
76,33,82.1417,6.08894
76,34,73.3123,6.18375
76,35,231.495,17.4661
76,37,176.437,8.73959
76,38,232.634,2.13274
76,45,181.744,5.99156
76,57,51.9624,4.44456
76,62,246.703,21.1282
76,65,215.743,15.2819
76,66,238.919,2.13177
76,80,258.06,3.32806
76,86,158.5,6.75315
76,87,87.0374,6.19475
76,88,278.399,21.9354
76,94,105.039,6.92154
76,96,350.64,6.02952
77,1,104.623,0
77,2,105.437,0
77,7,224.667,19.1425
77,9,190.95,15.6039
77,10,164.624,0
77,14,117.085,0
77,19,217.412,14.4941
77,20,166.712,0
77,21,209.66,17.225
77,50,142.004,0
77,51,141.176,12.1101
77,53,225.368,16.1726
77,54,179.276,14.9827
77,60,124.197,0
77,61,49.6488,0
77,62,110.941,0
77,63,196.657,16.5555
77,68,26.4197,0
77,69,151.969,4.6752
77,70,165.496,0
77,73,205.623,17.5283
77,81,205.417,17.5107
77,89,205.633,17.6002
77,97,111.936,5.3505
78,2,196.233,12.8934
78,10,160.416,12.829
78,15,171.808,10.0758
78,16,182.692,10.1005
78,20,166.801,13.3564
78,23,163.005,10.2591
78,24,208.734,10.9964
78,34,194.559,16.3762
78,35,163.417,8.75446
78,37,109.965,9.37558
78,41,79.8812,6.65676
78,47,192.803,10.3724
78,56,309.566,9.47947
78,65,164.309,8.59714
78,71,178.098,8.78679
78,80,278.87,22.9549
78,82,161.004,9.25923
78,84,163.916,1.27003
78,86,130.497,10.3409
78,88,56.9918,4.88912
78,93,173.723,8.72913
79,5,61.6117,0
79,6,80.7913,5.16438
79,9,156.597,12.8018
79,17,181.838,0
79,19,88.3233,0
79,23,77.4661,0
79,24,52.345,0
79,27,151.38,0
79,31,105.119,0
79,41,164.076,0
79,43,164.123,3.0115
79,46,136.341,0
79,47,41.0488,0
79,49,64.405,0
79,52,28.4429,0
79,63,163.15,0
79,64,147.98,0
79,82,73.0548,0
79,84,151.717,0
79,93,67.424,0
80,3,129.12,0
80,4,366.939,0
80,16,304.935,3.06717
80,28,237.394,0
80,33,343.147,10.4612
80,34,231.989,18.959
80,35,232.207,0
80,38,239.175,4.81393
80,39,194.01,0
80,45,371.295,0
80,56,222.396,0
80,57,296.046,15.0738
80,65,218.358,0
80,66,242.687,4.74203
80,71,257.472,0
80,74,170.88,0
80,76,258.06,3.32806
80,78,278.87,22.9549
80,86,197.181,1.95066
80,87,324.259,16.6625
80,88,300.167,0
81,6,206.23,11.6562
81,7,45.2217,0
81,9,175.147,13.136
81,19,168.508,7.64399
81,21,33.6155,0
81,27,169.009,0
81,46,135.326,0
81,49,177.91,0
81,51,63.2991,5.12176
81,54,41.7732,0
81,58,68.884,0
81,61,162.01,8.37006
81,63,71.5681,0
81,68,228.94,19.3
81,73,2,0
81,77,205.417,17.5107
81,85,148.661,0
81,89,32.249,0
81,97,156.981,11.4181
82,5,128.456,0
82,6,100.93,4.77259
82,9,155.896,10.1545
82,15,176.94,8.60125
82,19,133.07,6.60039
82,23,39.6232,0
82,24,70.2353,0
82,31,159.042,10.0912
82,37,166.364,0
82,41,99.3277,0
82,43,171.33,0
82,47,35.609,0
82,49,127.016,0
82,52,98.8433,0
82,64,133.54,0
82,78,161.004,9.25923
82,79,73.0548,0
82,84,103.947,0
82,88,190.78,8.93981
82,93,20.5183,0
83,7,181.234,1.95733
83,12,157.918,0
83,21,185.054,0
83,27,212.947,12.2602
83,36,74.4352,6.10586
83,40,67.897,0
83,44,78.1025,0
83,48,94.3716,0
83,58,130.973,0
83,59,117.341,0
83,72,132.185,0
83,85,139.733,2.7626
83,91,79.1581,0
83,92,163.028,0
83,98,88.955,0
84,15,94.2056,7.5399
84,16,204.017,16.4663
84,23,142.172,0
84,24,171.563,0
84,31,131.939,0
84,41,154.871,0
84,43,131.214,0
84,47,131.867,0
84,52,164.939,0
84,64,68.9638,0
84,71,253.257,21.7077
84,78,163.916,1.27003
84,79,151.717,0
84,82,103.947,0
84,88,208.578,14.6967
84,93,92.3472,0
85,5,145.365,4.34735
85,6,196.631,5.42182
85,7,166.508,0
85,12,82.7656,6.51779
85,19,164.283,0
85,21,119.407,0
85,27,60.0833,3.85403
85,36,167.968,5.38181
85,40,105.105,5.57923
85,44,107.204,5.695
85,46,71.9341,2.68489
85,48,109.844,6.15
85,49,144.108,3.90245
85,51,203.524,9.298
85,52,194.506,4.47503
85,58,90.4268,0
85,59,117.09,6.40198
85,63,133.454,0
85,72,77.6209,5.82157
85,73,149.773,0
85,75,175.591,7.22167
85,81,148.661,0
85,83,139.733,2.7626
85,89,178.101,3.217
85,91,85.011,5.26858
85,92,102.382,7.09794
85,98,118.058,5.9519
86,3,305,7.60248
86,10,209.843,17.6948
86,15,330.636,8.93366
86,16,167.188,2.25572
86,20,217.243,18.5934
86,33,263.7,22.6126
86,34,223.114,9.62742
86,35,85.44,0
86,37,168.511,14.2685
86,39,302.185,0
86,41,200.114,16.9436
86,56,208.096,0
86,57,226.457,19.2249
86,65,70.342,0
86,71,121.852,0
86,74,324.006,0
86,76,158.5,6.75315
86,78,130.497,10.3409
86,80,197.181,1.95066
86,87,306.398,16.8184
86,88,100,0
87,2,179.134,9.94522
87,4,113,5.15873
87,10,126.096,5.40987
87,13,73.0548,6.0879
87,14,144.063,3.86662
87,18,157.56,7.94661
87,20,118.754,5.35474
87,22,145.233,9.0936
87,26,245.029,5.84566
87,28,279.893,0
87,33,36.2215,0
87,34,110,0
87,37,210.109,18.0198
87,38,324.863,0
87,45,216.443,4.16618
87,50,171.837,13.0887
87,53,210.325,14.2581
87,55,195.458,8.87794
87,57,34.9857,0
87,60,166.619,10.6065
87,62,168.419,13.1847
87,66,330.829,0
87,69,192.324,15.1968
87,70,239.838,19.6226
87,76,87.0374,6.19475
87,80,324.259,16.6625
87,86,306.398,16.8184
87,94,26.8328,0
87,96,283.319,16.4828
88,10,164.034,7.1366
88,15,243.233,13.1287
88,16,143.124,0.493483
88,20,167.366,7.16798
88,23,193.225,8.25277
88,34,275.542,6.5776
88,35,106.301,0
88,37,127.109,8.79643
88,41,135.384,11.5474
88,56,251.603,0
88,65,106.527,0
88,71,123.483,0
88,76,278.399,21.9354
88,78,56.9918,4.88912
88,80,300.167,0
88,82,190.78,8.93981
88,84,208.578,14.6967
88,86,100,0
88,93,203.6,9.3159
89,7,21.095,0
89,9,246.504,20.9502
89,19,204.494,9.7341
89,21,64.5136,0
89,46,165.484,0
89,51,76.7378,6.44824
89,54,24.0208,0
89,58,93.1811,4.14138
89,61,159.132,9.9943
89,63,103.121,0
89,68,202.442,16.9507
89,73,30.2655,0
89,77,205.633,17.6002
89,81,32.249,0
89,85,178.101,3.217
89,97,116.154,4.58882
90,4,262.759,16.8839
90,8,85,0
90,11,74.6257,0
90,13,150.243,0
90,18,159.013,0
90,22,119.218,0
90,26,213.134,17.6281
90,30,205.797,12.6295
90,33,241.098,20.2286
90,45,250.584,17.8685
90,53,197.09,9.37237
90,55,151.403,0.511448
90,94,228.209,17.5867
90,95,81.7435,0
90,96,72.1405,6.01171
90,99,84.4038,0
91,12,78.9177,0
91,21,169.756,0
91,27,138.438,9.22917
91,36,85.5862,0
91,40,20,0
91,44,23.1948,0
91,46,155.804,7.66906
91,48,32.311,0
91,58,122.801,0
91,59,51.8556,0
91,72,53.0377,0
91,75,128.082,0
91,83,79.1581,0
91,85,85.011,5.26858
91,92,84.3801,0
91,98,37.2156,0
92,5,169.189,0
92,12,20.8806,0
92,17,162.635,0
92,25,131.848,0
92,27,86.0058,0
92,29,125.431,0
92,36,154.651,0
92,40,96.3328,0
92,42,171.292,0
92,44,88.2836,0
92,46,126.57,0
92,48,75.2861,0
92,49,174.451,0
92,58,204.138,12.8796
92,59,60.208,0
92,67,133.034,0
92,72,32.573,0
92,75,79.6304,0
92,83,163.028,0
92,85,102.382,7.09794
92,91,84.3801,0
92,98,85.0941,0
93,5,127.287,0
93,6,111.474,4.9935
93,9,171,10.669
93,15,171.529,8.28669
93,19,145.339,7.56041
93,23,57.9396,0
93,24,79.3095,0
93,31,138.681,9.5071
93,37,185.715,0
93,41,117.546,0
93,43,150.814,0
93,47,39.5601,0
93,49,127.664,0
93,52,89.6939,0
93,64,114.49,0
93,78,173.723,8.72913
93,79,67.424,0
93,82,20.5183,0
93,84,92.3472,0
93,88,203.6,9.3159
94,2,196.111,14.0039
94,4,99.1263,6.09567
94,10,133.304,5.11847
94,13,46.906,3.87818
94,14,142.716,4.66699
94,18,140.12,5.16795
94,20,125.792,5.07242
94,22,121.499,4.97041
94,26,226.453,8.76354
94,28,284.274,1.3797
94,33,31.241,0
94,34,136.484,0
94,37,199.864,15.3215
94,38,327.156,1.98617
94,45,200.35,7.3326
94,50,160,11.5385
94,53,193.397,11.9771
94,55,175.058,5.16001
94,57,54.3323,0
94,60,168.291,12.367
94,62,143.069,4.97509
94,66,332.966,1.97353
94,69,163.241,8.74503
94,70,226.469,18.3801
94,76,105.039,6.92154
94,87,26.8328,0
94,90,228.209,17.5867
94,96,258.076,16.4468
95,8,89.8528,2.50494
95,11,59.3856,2.39122
95,22,165.771,1.83995
95,30,233.293,18.9489
95,55,169.563,3.00153
95,90,81.7435,0
95,96,156.3,10.6949
95,99,9.05539,0
96,4,234.58,0
96,8,137.825,6.94845
96,11,135.124,6.95619
96,13,216.584,14.0992
96,18,190.234,9.50017
96,22,146.586,8.95795
96,26,147.543,11.3644
96,28,337.294,11.623
96,33,250.997,15.9188
96,45,189.242,9.49372
96,55,189.414,8.19755
96,57,283.047,17.3455
96,76,350.64,6.02952
96,87,283.319,16.4828
96,90,72.1405,6.01171
96,94,258.076,16.4468
96,95,156.3,10.6949
96,99,159.345,11.0781
97,1,140.472,4.28962
97,7,134.111,6.85922
97,21,238.016,19.8908
97,51,186.625,7.43666
97,54,106.915,7.90887
97,61,89.2379,3.20978
97,63,295.497,19.2385
97,68,110.781,8.57845
97,73,154.135,10.9572
97,77,111.936,5.3505
97,81,156.981,11.4181
97,89,116.154,4.58882
98,12,88.7525,0
98,27,140.663,0
98,36,69.5701,0
98,40,26.4008,0
98,44,15.6525,0
98,46,194.376,10.6946
98,48,10.6301,0
98,58,159.59,0
98,59,29.1548,0
98,72,62.6259,0
98,75,102.956,0
98,83,88.955,0
98,85,118.058,5.9519
98,91,37.2156,0
98,92,85.0941,0
99,8,96.4813,1.53613
99,11,66.0833,1.49474
99,22,169.838,0
99,55,176.406,2.02536
99,90,84.4038,0
99,95,9.05539,0
99,96,159.345,11.0781
