0,32,153.47,0
0,40,225.242,18.4408
0,92,143.507,12.0918
1,10,161.941,0
1,11,60.7454,0
1,12,154.353,0
1,25,35.1283,0
1,33,127.004,0
1,38,123.665,0
1,43,31.241,0
1,44,138.975,0
1,47,152.591,0
1,61,147.679,0
1,68,104.809,0
1,69,101.98,0
1,73,47.7074,0
1,79,80.4114,0
1,89,41.2311,0
1,90,76.1577,0
1,98,60.407,0
2,6,141.356,3.31666
2,16,313.183,9.79954
2,22,325.61,4.30615
2,26,164.164,5.22654
2,27,220.848,17.595
2,28,217.183,15.8814
2,31,213.942,15.2227
2,40,147.493,8.29442
2,42,141.444,2.75307
2,48,89.5545,0
2,49,67.846,4.3189
2,52,127.763,10.2134
2,53,209.535,6.1708
2,56,64.0312,0
2,59,305.044,8.8971
2,64,251.998,0.527174
2,70,80.9197,0
2,71,285.839,8.7936
2,76,222.474,8.73558
2,77,90.0233,0.517234
2,81,156.18,2.6183
2,82,167.738,0
2,92,248.516,0
3,4,60.5135,2.09712
3,14,238.202,0
3,18,210.453,3.6189
3,23,168.278,13.6378
3,28,265.979,16.4549
3,29,99.1599,8.39689
3,30,232.731,19.0749
3,31,281.446,16.4247
3,36,301.513,15.4651
3,58,223.265,15.2684
3,65,-nan,-nan
3,71,182.603,15.3693
3,76,226,19.2242
3,78,222.698,16.6591
3,83,49.9208,2.67433
3,93,247.976,0
3,95,95.4218,4.37784
3,96,255.926,20.2962
4,3,60.5135,2.09712
4,6,275.63,17.2335
4,14,160.078,10.6719
4,18,216.007,12.3764
4,23,96.9837,5.0923
4,26,257.124,20.2945
4,27,232.841,7.23648
4,28,194.323,6.06777
4,29,68.4282,3.9011
4,30,170.034,11.1489
4,31,206.932,5.77872
4,36,280.386,19.8452
4,58,245.174,20.2497
4,65,60.5135,2.09712
4,71,132.286,11.3459
4,76,227.934,4.6911
4,78,153.083,5.95936
4,81,280.505,18.1054
4,83,16.5529,0
4,85,288.687,12.7427
4,93,209.21,10.0915
4,94,274.357,20.0583
4,95,35.2724,1.36995
5,7,70,0
5,9,74.3303,0
5,16,70.0363,4.45833
5,17,3.16228,0
5,19,21.9545,0
5,21,155.596,0
5,22,85.0529,0
5,24,73.0068,0
5,32,151.605,0
5,41,157.089,0
5,46,35.5338,1.49334
5,51,145.344,0
5,55,104.139,0
5,57,130.246,0
5,60,127.016,0
5,63,117.239,0
5,86,46.2289,3.82219
5,87,28.4605,0
6,2,141.356,3.31666
6,4,275.63,17.2335
6,23,188.569,11.868
6,26,215.59,15.3191
6,27,44.3209,2.31562
6,28,136.038,9.78287
6,29,268.194,17.9601
6,30,117.193,9.8438
6,31,115.579,8.95808
6,40,172.26,7.69498
6,42,37.6431,0
6,48,219.498,13.6154
6,49,120.343,10.3151
6,56,169.079,7.04653
6,70,213.179,17.8979
6,71,231.345,11.794
6,76,181.68,12.7878
6,78,129.283,9.90884
6,81,18.0278,0
6,82,300.418,11.949
6,94,44.2945,0
7,5,70,0
7,8,141.283,0
7,9,22.0227,0
7,16,111.463,0
7,17,67.0075,0
7,19,64.6375,0
7,21,92.358,0
7,22,153.557,3.45113
7,24,3.16228,0
7,35,162.188,0
7,41,98.6154,0
7,46,91.5987,1.02809
7,51,94.578,0
7,55,69.4622,0
7,57,89.3085,0
7,60,81.4923,0
7,63,84.1487,0
7,72,137,0
7,74,150.147,0
7,86,105.829,4.32936
7,87,66.7083,0
8,7,141.283,0
8,9,157.08,0
8,10,82.0975,0
8,12,124.338,0
8,13,167.443,0
8,21,54.3415,0
8,24,139.918,0
8,35,91.0055,0
8,41,170.417,0
8,52,209.182,17.08
8,53,185.128,14.0162
8,55,96.5194,0
8,59,91.7606,0
8,61,150.625,0
8,64,133.548,5.42725
8,69,132.004,0
8,74,101.237,0
8,79,151.212,0
8,84,159.013,0
8,85,175.844,4.88199
8,90,149.496,0
9,5,74.3303,0
9,7,22.0227,0
9,8,157.08,0
9,16,129.004,2.39927
9,17,71.1688,0
9,19,62.426,0
9,21,105.38,0
9,22,173.724,7.64359
9,24,21.095,0
9,35,166.973,0
9,41,84.214,0
9,46,102.628,1.4635
9,51,76.4853,0
9,55,91.2688,0
9,57,68.4763,0
9,60,61.4654,0
9,63,62.2896,0
9,72,124.169,0
9,74,152.62,0
9,86,114.5,4.16513
9,87,79.0253,0
10,1,161.941,0
10,8,82.0975,0
10,12,44.7214,0
10,21,135.945,0
10,25,136.605,0
10,33,114.529,0
10,35,137.295,0
10,36,109.809,0
10,43,130.817,0
10,53,171.742,8.82307
10,55,169.541,0
10,59,100.955,0
10,61,70.2282,0
10,64,153.234,7.20829
10,69,60.208,0
10,73,115.521,0
10,74,155.862,0
10,79,106.569,0
10,85,139.584,6.32024
10,89,171.677,0
10,90,96.1509,0
10,93,182.568,9.42774
10,96,147.648,0
11,1,60.7454,0
11,12,161.199,0
11,25,54.037,0
11,33,106.471,0
11,38,74.8131,0
11,43,71.5681,0
11,61,145.097,0
11,68,124.004,0
11,69,126.531,0
11,73,77.3175,0
11,79,131.24,0
11,89,100.767,0
11,90,121.037,0
11,96,148.071,0
11,98,109.604,0
12,1,154.353,0
12,8,124.338,0
12,10,44.7214,0
12,11,161.199,0
12,14,213.34,18.1504
12,18,137.543,1.87255
12,25,122.886,0
12,33,74.5453,0
12,36,72.2357,0
12,38,138.08,0
12,43,123.907,0
12,53,167.823,6.35692
12,58,129.004,0
12,59,115.378,0
12,61,26.3059,0
12,64,166.003,8.1237
12,69,60.208,0
12,73,106.888,0
12,79,121.149,0
12,85,118.403,6.12109
12,90,106.042,0
12,93,146.157,8.40752
12,96,102.956,0
13,8,167.443,0
13,15,125.16,0
13,20,126.463,0
13,21,149.164,0
13,34,82.28,0
13,35,76.896,0
13,37,138.177,0
13,39,127.236,0
13,41,133.225,0
13,45,119.017,0
13,50,131.32,0
13,51,155.425,0
13,54,107.299,0
13,66,111.126,0
13,67,113.565,0
13,72,103.368,0
13,74,68.2642,0
13,75,131.244,0
13,80,90.6091,0
13,84,48.0416,0
13,91,112.089,0
13,97,112.539,0
14,3,238.202,0
14,4,160.078,10.6719
14,12,213.34,18.1504
14,18,157.747,0
14,23,201.855,12.2512
14,26,149.738,12.5199
14,27,234.793,15.3104
14,28,141.114,11.4785
14,29,230.123,13.6978
14,30,270.187,17.6147
14,31,161.682,12.4993
14,33,226.326,18.7384
14,36,140.148,10.3673
14,48,215.52,17.96
14,49,239.472,17.24
14,52,316.217,9.62703
14,53,245.055,0
14,58,201.06,13.5125
14,59,221.921,18.6383
14,61,204.041,17.2835
14,64,273.851,7.65564
14,65,238.202,0
14,70,255.214,17.4019
14,71,59.8882,4.9549
14,76,114.586,9.11371
14,78,220.106,13.4095
14,82,220.064,10.8419
14,83,151.688,9.67709
14,85,128.406,0
14,93,75.1532,0
14,95,137.427,1.78988
14,96,197.729,16.5708
15,13,125.16,0
15,20,97.591,0
15,34,156.605,0
15,37,133.056,0
15,39,96.2081,0
15,45,45.0999,0
15,50,84.5931,0
15,54,119.641,0
15,62,100.464,0
15,66,53.9073,0
15,67,23.5372,0
15,72,165.801,0
15,75,21.6333,0
15,80,69.4622,0
15,84,151.489,0
15,91,77.4145,0
15,97,36.2215,0
16,2,313.183,9.79954
16,5,70.0363,4.45833
16,7,111.463,0
16,9,129.004,2.39927
16,17,71.1705,4.08634
16,19,93.1557,5.18038
16,22,37.4433,0
16,24,114.586,0
16,32,106.452,0
16,46,33.388,2.45564
16,52,263.886,5.59137
16,55,141.503,11.5251
16,56,291.743,5.86024
16,64,327.366,5.14777
16,70,271.212,20.9356
16,77,213.437,15.0025
16,86,32.0156,2.40117
16,87,48.1065,1.40311
17,5,3.16228,0
17,7,67.0075,0
17,9,71.1688,0
17,16,71.1705,4.08634
17,19,20,0
17,21,153.101,0
17,22,101.026,5.5412
17,24,70,0
17,32,154.719,0
17,41,153.951,0
17,46,37.7779,1.46727
17,51,142.285,0
17,55,102.591,0
17,57,127.318,0
17,60,124.004,0
17,63,114.425,0
17,86,47.8337,3.71337
17,87,28.6356,0
18,3,210.453,3.6189
18,4,216.007,12.3764
18,12,137.543,1.87255
18,14,157.747,0
18,23,326.226,6.57543
18,28,296.045,15.1637
18,29,284.913,15.1101
18,33,115.449,0.98614
18,36,77.4935,4.09952
18,38,144.585,1.05489
18,58,45.4694,1.15868
18,61,117.915,1.13291
18,65,210.453,3.6189
18,71,220.617,10.0946
18,76,271.325,13.1894
18,83,203.302,7.19705
18,85,200.01,0
18,93,95.5196,0
18,95,183.264,1.45371
18,96,64.8271,0.980249
19,5,21.9545,0
19,7,64.6375,0
19,9,62.426,0
19,16,93.1557,5.18038
19,17,20,0
19,21,155.641,0
19,22,104.938,0
19,24,67.2012,0
19,32,169.358,0
19,41,141.382,0
19,46,58.6303,2.06709
19,51,127.738,0
19,55,113.018,0
19,57,111.041,0
19,60,108.78,0
19,63,97.1854,0
19,86,74.3621,6.13337
19,87,47.2017,0
20,13,126.463,0
20,15,97.591,0
20,37,36.0555,0
20,39,2,0
20,41,130.553,0
20,45,135.152,0
20,50,172.627,0
20,51,139.291,0
20,57,156.349,0
20,60,157.918,0
20,62,108.467,0
20,63,171.814,0
20,66,44.2041,0
20,67,112.33,0
20,72,93.8616,0
20,74,169.071,0
20,75,118.929,0
20,80,140.132,0
20,84,172.409,0
20,91,158.773,0
20,97,123.822,0
21,5,155.596,0
21,7,92.358,0
21,8,54.3415,0
21,9,105.38,0
21,10,135.945,0
21,13,149.164,0
21,17,153.101,0
21,19,155.641,0
21,24,90.4434,0
21,35,84.1724,0
21,41,118.714,0
21,46,166.159,1.38385
21,51,132.382,0
21,52,220.353,17.2657
21,55,71.3092,0
21,57,143.59,0
21,59,127.44,0
21,60,133.15,0
21,63,148.852,0
21,64,159.805,5.59884
21,72,137.131,0
21,74,82.0366,0
21,84,156.952,0
21,86,181.019,4.6634
21,87,140.071,0
22,2,325.61,4.30615
22,5,85.0529,0
22,7,153.557,3.45113
22,9,173.724,7.64359
22,16,37.4433,0
22,17,101.026,5.5412
22,19,104.938,0
22,24,156.717,3.45594
22,32,69.6419,0
22,40,288.638,18.0727
22,46,68.2803,4.5041
22,52,274.023,14.373
22,55,198.406,16.8651
22,56,281.163,4.67451
22,77,244.057,11.7505
22,86,59.2829,3.38872
22,87,85.9915,2.89766
22,92,227.015,19.2087
23,3,168.278,13.6378
23,4,96.9837,5.0923
23,6,188.569,11.868
23,14,201.855,12.2512
23,18,326.226,6.57543
23,26,252.259,16.5192
23,27,152.591,0
23,28,151.182,0
23,29,97.2979,2.26183
23,30,75.8975,5.86751
23,31,153.101,0
23,42,223.061,18.4403
23,49,296.16,2.00032
23,65,168.278,13.6378
23,71,167.097,7.5073
23,76,208.471,0
23,78,59.9333,0
23,81,185.096,13.1739
23,83,111.914,8.72057
23,93,272.296,11.3991
23,94,176.711,14.2214
23,95,147.056,5.50219
24,5,73.0068,0
24,7,3.16228,0
24,8,139.918,0
24,9,21.095,0
24,16,114.586,0
24,17,70,0
24,19,67.2012,0
24,21,90.4434,0
24,22,156.717,3.45594
24,35,159.452,0
24,41,95.7549,0
24,46,94.7611,1.02897
24,51,92.1141,0
24,55,70.1783,0
24,57,87.4185,0
24,60,79.404,0
24,63,82.7587,0
24,72,134.004,0
24,74,147.248,0
24,86,108.984,4.34283
24,87,69.857,0
25,1,35.1283,0
25,10,136.605,0
25,11,54.037,0
25,12,122.886,0
25,33,92.0869,0
25,38,97,0
25,43,20.2485,0
25,44,172.627,0
25,61,113.846,0
25,68,137.481,0
25,69,76.8505,0
25,73,23.5372,0
25,79,78.5875,0
25,89,70.8378,0
25,90,67.1863,0
25,96,145,0
25,98,95.0842,0
26,2,164.164,5.22654
26,4,257.124,20.2945
26,6,215.59,15.3191
26,14,149.738,12.5199
26,23,252.259,16.5192
26,27,191.482,12.5064
26,28,112.902,9.5888
26,30,301.062,15.3483
26,31,121.825,10.0979
26,36,230.261,18.7977
26,40,255.348,21.1707
26,42,230.808,19.4228
26,48,75.6025,4.28526
26,49,62.8439,0.541418
26,52,156.28,5.08593
26,53,94.6541,7.67391
26,56,227.68,5.34665
26,59,166.974,14.3159
26,64,149.204,10.1146
26,70,97.5969,4.40658
26,71,104.461,8.91338
26,76,52.7436,2.51693
26,77,154.307,11.2012
26,78,238.789,14.318
26,81,231.516,18.5359
26,82,63.9027,4.46525
26,83,221.887,18.3399
26,85,153.469,11.4208
26,93,219.98,12.6886
26,95,189.297,13.5898
27,2,220.848,17.595
27,4,232.841,7.23648
27,6,44.3209,2.31562
27,14,234.793,15.3104
27,23,152.591,0
27,26,191.482,12.5064
27,28,99.2975,0
27,29,247.487,3.33912
27,30,131.529,0
27,31,80.2247,0
27,42,81.8579,2.45847
27,48,236.518,5.60173
27,49,167.674,2.29315
27,56,242.14,20.6728
27,70,267.286,5.78542
27,71,193.132,0
27,76,158.188,2.78379
27,78,96.0208,0
27,81,54.4351,2.50549
27,82,266.088,13.8166
27,83,265.682,4.82596
27,94,73.5508,3.53416
27,95,263.241,6.34323
28,2,217.183,15.8814
28,3,265.979,16.4549
28,4,194.323,6.06777
28,6,136.038,9.78287
28,14,141.114,11.4785
28,18,296.045,15.1637
28,23,151.182,0
28,26,112.902,9.5888
28,27,99.2975,0
28,29,241.94,1.01641
28,30,188.68,0
28,31,20.5913,0
28,42,183.883,14.75
28,48,173.466,10.9388
28,49,154,1.89873
28,52,276.005,15.9138
28,53,188.369,16.1053
28,56,259.582,20.0297
28,64,243.55,20.5554
28,65,265.979,16.4549
28,70,208.617,10.5737
28,71,95.0789,0
28,76,70.2282,0
28,77,269.966,17.3875
28,78,124.964,0
28,81,148.789,12.0837
28,82,178.143,14.426
28,83,217.796,3.77755
28,85,251.18,5.86405
28,93,219.945,13.7312
28,94,174.696,14.372
28,95,172.232,12.7249
29,3,99.1599,8.39689
29,4,68.4282,3.9011
29,6,268.194,17.9601
29,14,230.123,13.6978
29,18,284.913,15.1101
29,23,97.2979,2.26183
29,27,247.487,3.33912
29,28,241.94,1.01641
29,30,129.421,10.3953
29,31,247.872,0.999352
29,65,99.1599,8.39689
29,71,221.25,11.0688
29,76,287.571,1.09747
29,78,151.474,3.67401
29,81,231.239,19.7981
29,83,79.7126,6.54893
29,93,279.765,13.4429
29,94,214.085,18.1184
29,95,99.2128,8.4924
30,3,232.731,19.0749
30,4,170.034,11.1489
30,6,117.193,9.8438
30,14,270.187,17.6147
30,23,75.8975,5.86751
30,26,301.062,15.3483
30,27,131.529,0
30,28,188.68,0
30,29,129.421,10.3953
30,31,179.622,0
30,42,139.839,9.03257
30,49,298.878,2.2804
30,65,232.731,19.0749
30,71,234.437,9.00752
30,76,257.783,0
30,78,59.7184,2.86478
30,81,105.135,8.32444
30,83,184.581,14.5046
30,94,94.4909,7.36293
30,95,221.558,12.6647
31,2,213.942,15.2227
31,3,281.446,16.4247
31,4,206.932,5.77872
31,6,115.579,8.95808
31,14,161.682,12.4993
31,23,153.101,0
31,26,121.825,10.0979
31,27,80.2247,0
31,28,20.5913,0
31,29,247.872,0.999352
31,30,179.622,0
31,42,163.087,13.5906
31,48,170.904,11.2123
31,49,145.061,1.90583
31,52,287.337,14.2129
31,53,205.242,17.488
31,56,249.954,19.7456
31,64,258.752,21.1776
31,65,281.446,16.4247
31,70,204.478,11.4675
31,71,115.551,0
31,76,85.1587,0
31,77,276.886,15.576
31,78,119.097,0
31,81,127.846,10.8327
31,82,187.561,14.6424
31,83,231.37,3.84667
31,85,269.676,5.91553
31,93,240.49,14.1816
31,94,151.826,12.9945
31,95,192.827,12.5943
32,0,153.47,0
32,5,151.605,0
32,16,106.452,0
32,17,154.719,0
32,19,169.358,0
32,22,69.6419,0
32,40,272.223,3.97904
32,46,139.805,6.05299
32,56,252.291,12.8053
32,77,288.481,12.3252
32,86,127.047,3.397
32,87,155.624,3.04084
32,92,205.548,4.14305
33,1,127.004,0
33,10,114.529,0
33,11,106.471,0
33,12,74.5453,0
33,14,226.326,18.7384
33,18,115.449,0.98614
33,25,92.0869,0
33,36,89.3588,0
33,38,64.195,0
33,43,105.119,0
33,58,85.4927,0
33,61,49.7293,0
33,69,85.8021,0
33,73,91.0934,0
33,79,137.637,0
33,85,159.075,6.87246
33,89,161.276,0
33,90,120.208,0
33,93,154.387,8.75509
33,96,54.7814,0
34,13,82.28,0
34,15,156.605,0
34,35,108.301,0
34,43,171.406,0
34,44,143.562,0
34,45,125.607,0
34,50,111.234,0
34,54,61,0
34,66,169.189,0
34,67,135.473,0
34,74,116.662,0
34,75,150.629,0
34,79,120.241,0
34,80,90.5539,0
34,84,39.8246,0
34,89,141.76,0
34,90,137.361,0
34,91,98.1122,0
34,97,126.574,0
34,98,155.464,0
35,7,162.188,0
35,8,91.0055,0
35,9,166.973,0
35,10,137.295,0
35,13,76.896,0
35,21,84.1724,0
35,24,159.452,0
35,34,108.301,0
35,41,132.378,0
35,51,154.175,0
35,54,160.331,0
35,55,155.467,0
35,60,165.197,0
35,69,155.322,0
35,72,124.427,0
35,74,21.3776,0
35,79,135.237,0
35,80,161.31,0
35,84,73.0821,0
35,90,144.17,0
36,3,301.513,15.4651
36,4,280.386,19.8452
36,10,109.809,0
36,12,72.2357,0
36,14,140.148,10.3673
36,18,77.4935,4.09952
36,26,230.261,18.7977
36,33,89.3588,0
36,38,144.499,0
36,53,155.288,9.14304
36,58,82.0244,0
36,59,123.037,0
36,61,63.0079,0
36,64,161.69,8.75044
36,65,301.513,15.4651
36,69,128.891,0
36,71,195.482,15.8808
36,73,164.222,0
36,76,247.316,16.2283
36,82,235.632,19.0209
36,83,262.2,18.4362
36,85,73.0348,5.91436
36,93,73.8224,6.2486
36,95,240.178,14.2541
36,96,71.5122,0
37,13,138.177,0
37,15,133.056,0
37,20,36.0555,0
37,39,37.7359,0
37,41,104.995,0
37,45,168.6,0
37,51,109.554,0
37,57,124.197,0
37,60,127.035,0
37,62,136.033,0
37,63,138.924,0
37,66,79.2086,0
37,67,146.349,0
37,72,74.6324,0
37,74,166.868,0
37,75,154.156,0
37,80,169.579,0
37,97,157.201,0
38,1,123.665,0
38,11,74.8131,0
38,12,138.08,0
38,18,144.585,1.05489
38,25,97,0
38,33,64.195,0
38,36,144.499,0
38,43,116.675,0
38,58,101.39,0
38,61,113.886,0
38,69,133.645,0
38,73,110.603,0
38,79,168.36,0
38,89,164.514,0
38,90,152.817,0
38,96,81.9878,0
39,13,127.236,0
39,15,96.2081,0
39,20,2,0
39,37,37.7359,0
39,41,132.544,0
39,45,134.112,0
39,50,171.732,0
39,51,141.287,0
39,57,158.319,0
39,60,159.906,0
39,62,106.513,0
39,66,43.0116,0
39,67,111.221,0
39,72,95.8019,0
39,74,170.449,0
39,75,117.593,0
39,80,139.56,0
39,91,158.028,0
39,97,122.801,0
40,0,225.242,18.4408
40,2,147.493,8.29442
40,6,172.26,7.69498
40,22,288.638,18.0727
40,26,255.348,21.1707
40,32,272.223,3.97904
40,42,151.806,7.6005
40,48,206.38,15.2353
40,49,142.618,9.50789
40,52,281.319,14.5638
40,56,122.654,0
40,70,231.175,8.34316
40,77,228.102,0.530445
40,81,181.535,7.50124
40,82,320.75,7.65212
40,92,96.3328,0
41,5,157.089,0
41,7,98.6154,0
41,8,170.417,0
41,9,84.214,0
41,13,133.225,0
41,17,153.951,0
41,19,141.382,0
41,20,130.553,0
41,21,118.714,0
41,24,95.7549,0
41,35,132.378,0
41,37,104.995,0
41,39,132.544,0
41,51,22.8473,0
41,55,150.765,0
41,57,45.793,0
41,60,39.6232,0
41,63,61.2209,0
41,66,158.676,0
41,72,40.5216,0
41,74,111.879,0
41,87,163.049,0
42,2,141.444,2.75307
42,6,37.6431,0
42,23,223.061,18.4403
42,26,230.808,19.4228
42,27,81.8579,2.45847
42,28,183.883,14.75
42,30,139.839,9.03257
42,31,163.087,13.5906
42,40,151.806,7.6005
42,48,165.208,9.45504
42,49,99.8499,0
42,56,163.394,7.15916
42,70,189.802,13.6085
42,71,282.983,17.2018
42,76,219.33,17.725
42,78,163.129,13.9501
42,81,35.6931,0
42,94,52.2015,0
43,1,31.241,0
43,10,130.817,0
43,11,71.5681,0
43,12,123.907,0
43,25,20.2485,0
43,33,105.119,0
43,34,171.406,0
43,38,116.675,0
43,44,159.531,0
43,61,119.101,0
43,68,135.68,0
43,69,70.7672,0
43,73,17.088,0
43,79,59.6825,0
43,89,56.3205,0
43,90,50.3587,0
43,96,159.364,0
43,98,85,0
44,1,138.975,0
44,25,172.627,0
44,34,143.562,0
44,43,159.531,0
44,47,62.8172,0
44,54,140.032,0
44,68,95.7131,0
44,79,156.895,0
44,88,82.2982,0
44,89,103.238,0
44,90,169.098,0
44,98,79.3788,0
44,99,131.046,0
45,13,119.017,0
45,15,45.0999,0
45,20,135.152,0
45,34,125.607,0
45,37,168.6,0
45,39,134.112,0
45,50,39.6232,0
45,54,78.7147,0
45,62,142.369,0
45,66,91.3017,0
45,67,23.4094,0
45,75,28.4605,0
45,80,35.5106,0
45,84,130.924,0
45,91,33.8378,0
45,97,11.4018,0
46,5,35.5338,1.49334
46,7,91.5987,1.02809
46,9,102.628,1.4635
46,16,33.388,2.45564
46,17,37.7779,1.46727
46,19,58.6303,2.06709
46,21,166.159,1.38385
46,22,68.2803,4.5041
46,24,94.7611,1.02897
46,32,139.805,6.05299
46,52,295.585,6.31426
46,55,104.663,1.6664
46,57,163.543,1.48572
46,60,159.47,1.4755
46,63,151.345,1.50216
46,77,249.726,17.6574
46,86,15.6205,0
46,87,26.2391,1.07342
47,1,152.591,0
47,44,62.8172,0
47,68,63.6946,0
47,88,62.3939,0
47,89,129.769,0
47,98,96.566,0
47,99,80.9506,0
48,2,89.5545,0
48,6,219.498,13.6154
48,14,215.52,17.96
48,26,75.6025,4.28526
48,27,236.518,5.60173
48,28,173.466,10.9388
48,31,170.904,11.2123
48,40,206.38,15.2353
48,42,165.208,9.45504
48,49,66.0191,5.45397
48,52,134.164,0
48,53,145.159,2.85489
48,56,152.315,0
48,59,227.39,12.9243
48,64,194.165,0
48,70,31.6228,0
48,71,177.063,13.6433
48,76,149.707,6.15714
48,77,95.4931,6.60663
48,78,295.316,11.0372
48,81,234.581,17.7458
48,82,90.4434,0
48,85,232.265,13.3358
48,92,330.84,3.39598
48,93,297.335,16.4258
49,2,67.846,4.3189
49,6,120.343,10.3151
49,14,239.472,17.24
49,23,296.16,2.00032
49,26,62.8439,0.541418
49,27,167.674,2.29315
49,28,154,1.89873
49,30,298.878,2.2804
49,31,145.061,1.90583
49,40,142.618,9.50789
49,42,99.8499,0
49,48,66.0191,5.45397
49,52,199.247,8.7798
49,53,201.193,10.3125
49,56,104.867,7.43798
49,59,293.08,17.4843
49,64,242.768,12.8522
49,70,92.836,6.75067
49,71,164.711,13.1995
49,76,100.324,8.41861
49,77,158.638,9.54714
49,78,252.319,2.08408
49,81,130.839,10.0042
49,82,147.01,7.87556
49,85,231.135,19.5172
49,92,242.901,20.5951
49,94,163.383,12.3525
50,13,131.32,0
50,15,84.5931,0
50,20,172.627,0
50,34,111.234,0
50,39,171.732,0
50,45,39.6232,0
50,54,53.0094,0
50,66,129.468,0
50,67,62.8172,0
50,75,66.0303,0
50,80,42.0595,0
50,84,128.472,0
50,91,19.3132,0
50,97,50,0
51,5,145.344,0
51,7,94.578,0
51,9,76.4853,0
51,13,155.425,0
51,17,142.285,0
51,19,127.738,0
51,20,139.291,0
51,21,132.382,0
51,24,92.1141,0
51,35,154.175,0
51,37,109.554,0
51,39,141.287,0
51,41,22.8473,0
51,55,154.402,0
51,57,23.4307,0
51,60,19.6977,0
51,63,39.6232,0
51,66,171.732,0
51,72,57.6888,0
51,74,133.989,0
51,87,154.935,0
52,2,127.763,10.2134
52,8,209.182,17.08
52,14,316.217,9.62703
52,16,263.886,5.59137
52,21,220.353,17.2657
52,22,274.023,14.373
52,26,156.28,5.08593
52,28,276.005,15.9138
52,31,287.337,14.2129
52,40,281.319,14.5638
52,46,295.585,6.31426
52,48,134.164,0
52,49,199.247,8.7798
52,53,89.8925,4.96992
52,55,175.613,14.8026
52,56,158.676,11.7031
52,59,146.479,8.71897
52,64,100.499,0
52,70,107.517,0
52,71,246.761,18.1553
52,76,208.239,15.8561
52,77,52.8381,2.98061
52,82,94.3398,0
52,85,221.121,14.7414
52,86,297.527,8.73094
52,87,276.287,10.8866
53,2,209.535,6.1708
53,8,185.128,14.0162
53,10,171.742,8.82307
53,12,167.823,6.35692
53,14,245.055,0
53,26,94.6541,7.67391
53,28,188.369,16.1053
53,31,205.242,17.488
53,36,155.288,9.14304
53,48,145.159,2.85489
53,49,201.193,10.3125
53,52,89.8925,4.96992
53,55,192.973,16.44
53,56,253.642,8.50932
53,59,93.0143,6.6326
53,61,182.226,6.38037
53,64,57.6888,0
53,70,136.138,3.50717
53,71,196.022,12.2377
53,76,143.562,12.3133
53,77,129.554,11.099
53,82,55.0694,2.44753
53,85,132.306,9.41242
53,93,268.007,0
54,13,107.299,0
54,15,119.641,0
54,34,61,0
54,35,160.331,0
54,44,140.032,0
54,45,78.7147,0
54,50,53.0094,0
54,66,150.213,0
54,67,96.1665,0
54,74,163.233,0
54,75,106.93,0
54,80,51.3517,0
54,84,87.3212,0
54,91,45.4863,0
54,97,84.1546,0
55,5,104.139,0
55,7,69.4622,0
55,8,96.5194,0
55,9,91.2688,0
55,10,169.541,0
55,16,141.503,11.5251
55,17,102.591,0
55,19,113.018,0
55,21,71.3092,0
55,22,198.406,16.8651
55,24,70.1783,0
55,35,155.467,0
55,41,150.765,0
55,46,104.663,1.6664
55,51,154.402,0
55,52,175.613,14.8026
55,53,192.973,16.44
55,57,154.858,0
55,59,111.319,0
55,60,145.726,0
55,63,152.269,0
55,64,127.906,6.46831
55,70,267.057,21.2116
55,74,152.345,0
55,77,202.178,17.2458
55,82,240.979,19.6357
55,86,122.811,6.06415
55,87,80.7775,0
56,2,64.0312,0
56,6,169.079,7.04653
56,16,291.743,5.86024
56,22,281.163,4.67451
56,26,227.68,5.34665
56,27,242.14,20.6728
56,28,259.582,20.0297
56,31,249.954,19.7456
56,32,252.291,12.8053
56,40,122.654,0
56,42,163.394,7.15916
56,48,152.315,0
56,49,104.867,7.43798
56,52,158.676,11.7031
56,53,253.642,8.50932
56,64,261.566,12.6309
56,70,138.13,0
56,76,283.928,9.86157
56,77,105.854,0.513753
56,81,184.663,7.4177
56,82,222.576,0
56,92,188.987,0
57,5,130.246,0
57,7,89.3085,0
57,9,68.4763,0
57,17,127.318,0
57,19,111.041,0
57,20,156.349,0
57,21,143.59,0
57,24,87.4185,0
57,37,124.197,0
57,39,158.319,0
57,41,45.793,0
57,46,163.543,1.48572
57,51,23.4307,0
57,55,154.858,0
57,60,10.4403,0
57,63,16.6433,0
57,72,80.4301,0
57,74,154.738,0
57,86,174.826,4.71741
57,87,143.339,0
58,3,223.265,15.2684
58,4,245.174,20.2497
58,12,129.004,0
58,14,201.06,13.5125
58,18,45.4694,1.15868
58,33,85.4927,0
58,36,82.0244,0
58,38,101.39,0
58,61,105.423,0
58,65,223.265,15.2684
58,69,165.702,0
58,71,264.711,19.9006
58,83,231.966,17.7365
58,85,158.559,11.2587
58,93,123.726,10.6051
58,95,211.582,15.6472
58,96,30.8869,0
59,2,305.044,8.8971
59,8,91.7606,0
59,10,100.955,0
59,12,115.378,0
59,14,221.921,18.6383
59,21,127.44,0
59,26,166.974,14.3159
59,36,123.037,0
59,48,227.39,12.9243
59,49,293.08,17.4843
59,52,146.479,8.71897
59,53,93.0143,6.6326
59,55,111.319,0
59,61,135.956,0
59,64,51.6276,4.42712
59,69,159.928,0
59,70,229.632,8.63408
59,71,239.214,19.6458
59,76,194.572,15.3779
59,77,200.993,16.3307
59,82,143.236,9.99347
59,85,96.7875,3.55305
59,93,212.194,18.0998
60,5,127.016,0
60,7,81.4923,0
60,9,61.4654,0
60,17,124.004,0
60,19,108.78,0
60,20,157.918,0
60,21,133.15,0
60,24,79.404,0
60,35,165.197,0
60,37,127.035,0
60,39,159.906,0
60,41,39.6232,0
60,46,159.47,1.4755
60,51,19.6977,0
60,55,145.726,0
60,57,10.4403,0
60,63,21.9545,0
60,72,77.1751,0
60,74,145.88,0
60,86,170.118,4.2514
60,87,138.279,0
61,1,147.679,0
61,8,150.625,0
61,10,70.2282,0
61,11,145.097,0
61,12,26.3059,0
61,14,204.041,17.2835
61,18,117.915,1.13291
61,25,113.846,0
61,33,49.7293,0
61,36,63.0079,0
61,38,113.886,0
61,43,119.101,0
61,53,182.226,6.38037
61,58,105.423,0
61,59,135.956,0
61,64,184.922,8.53989
61,69,67.3573,0
61,73,102.181,0
61,79,129.031,0
61,85,121.662,6.13358
61,90,112.379,0
61,93,135.845,7.9937
61,96,77.8974,0
62,15,100.464,0
62,20,108.467,0
62,37,136.033,0
62,39,106.513,0
62,45,142.369,0
62,66,98.0051,0
62,67,123.713,0
62,75,114.004,0
62,80,169.924,0
62,97,135.665,0
63,5,117.239,0
63,7,84.1487,0
63,9,62.2896,0
63,17,114.425,0
63,19,97.1854,0
63,20,171.814,0
63,21,148.852,0
63,24,82.7587,0
63,37,138.924,0
63,41,61.2209,0
63,46,151.345,1.50216
63,51,39.6232,0
63,55,152.269,0
63,57,16.6433,0
63,60,21.9545,0
63,72,97.0052,0
63,74,167.287,0
63,86,162.207,4.73104
63,87,132.518,0
64,2,251.998,0.527174
64,8,133.548,5.42725
64,10,153.234,7.20829
64,12,166.003,8.1237
64,14,273.851,7.65564
64,16,327.366,5.14777
64,21,159.805,5.59884
64,26,149.204,10.1146
64,28,243.55,20.5554
64,31,258.752,21.1776
64,36,161.69,8.75044
64,48,194.165,0
64,49,242.768,12.8522
64,52,100.499,0
64,53,57.6888,0
64,55,127.906,6.46831
64,56,261.566,12.6309
64,59,51.6276,4.42712
64,61,184.922,8.53989
64,70,179.254,0
64,71,257.19,11.6124
64,76,203.054,16.1707
64,77,153.469,11.4208
64,82,101.7,3.46534
64,85,126.251,10.4629
64,87,271.503,20.4692
64,93,247.863,17.6202
65,3,-nan,-nan
65,4,60.5135,2.09712
65,14,238.202,0
65,18,210.453,3.6189
65,23,168.278,13.6378
65,28,265.979,16.4549
65,29,99.1599,8.39689
65,30,232.731,19.0749
65,31,281.446,16.4247
65,36,301.513,15.4651
65,58,223.265,15.2684
65,71,182.603,15.3693
65,76,226,19.2242
65,78,222.698,16.6591
65,83,49.9208,2.67433
65,93,247.976,0
65,95,95.4218,4.37784
65,96,255.926,20.2962
66,13,111.126,0
66,15,53.9073,0
66,20,44.2041,0
66,34,169.189,0
66,37,79.2086,0
66,39,43.0116,0
66,41,158.676,0
66,45,91.3017,0
66,50,129.468,0
66,51,171.732,0
66,54,150.213,0
66,62,98.0051,0
66,67,68.2642,0
66,72,118.609,0
66,74,167.908,0
66,75,74.9533,0
66,80,99.985,0
66,84,151.093,0
66,91,116.76,0
66,97,80.0625,0
67,13,113.565,0
67,15,23.5372,0
67,20,112.33,0
67,34,135.473,0
67,37,146.349,0
67,39,111.221,0
67,45,23.4094,0
67,50,62.8172,0
67,54,96.1665,0
67,62,123.713,0
67,66,68.2642,0
67,72,169.163,0
67,75,17.72,0
67,80,46.5296,0
67,84,133.989,0
67,91,54.0833,0
67,97,13.0384,0
68,1,104.809,0
68,11,124.004,0
68,25,137.481,0
68,43,135.68,0
68,44,95.7131,0
68,47,63.6946,0
68,73,152.463,0
68,79,168.514,0
68,88,126.087,0
68,89,97.8008,0
68,90,171.828,0
68,98,66.6483,0
68,99,131.643,0
69,1,101.98,0
69,8,132.004,0
69,10,60.208,0
69,11,126.531,0
69,12,60.208,0
69,25,76.8505,0
69,33,85.8021,0
69,35,155.322,0
69,36,128.891,0
69,38,133.645,0
69,43,70.7672,0
69,58,165.702,0
69,59,159.928,0
69,61,67.3573,0
69,73,55.3173,0
69,79,61.9839,0
69,85,178.463,6.45166
69,89,115.879,0
69,90,46.0435,0
69,96,135.37,0
69,98,149.054,0
70,2,80.9197,0
70,6,213.179,17.8979
70,14,255.214,17.4019
70,16,271.212,20.9356
70,26,97.5969,4.40658
70,27,267.286,5.78542
70,28,208.617,10.5737
70,31,204.478,11.4675
70,40,231.175,8.34316
70,42,189.802,13.6085
70,48,31.6228,0
70,49,92.836,6.75067
70,52,107.517,0
70,53,136.138,3.50717
70,55,267.057,21.2116
70,56,138.13,0
70,59,229.632,8.63408
70,64,179.254,0
70,71,202.233,14.801
70,76,165.589,9.81666
70,77,56.2654,4.62525
70,81,221.173,18.8384
70,82,86.8332,0
70,85,277.618,0
70,92,326.809,0
71,2,285.839,8.7936
71,3,182.603,15.3693
71,4,132.286,11.3459
71,6,231.345,11.794
71,14,59.8882,4.9549
71,18,220.617,10.0946
71,23,167.097,7.5073
71,26,104.461,8.91338
71,27,193.132,0
71,28,95.0789,0
71,29,221.25,11.0688
71,30,234.437,9.00752
71,31,115.551,0
71,36,195.482,15.8808
71,42,282.983,17.2018
71,48,177.063,13.6433
71,49,164.711,13.1995
71,52,246.761,18.1553
71,53,196.022,12.2377
71,58,264.711,19.9006
71,59,239.214,19.6458
71,64,257.19,11.6124
71,65,182.603,15.3693
71,70,202.233,14.801
71,76,63.9062,0
71,77,259.512,20.6262
71,78,178.906,4.58217
71,81,244.473,15.4281
71,82,153.373,13.0934
71,83,116.404,8.08595
71,85,159.715,7.23679
71,93,133.614,9.72039
71,94,272.089,17.4798
71,95,88.2353,2.78792
72,7,137,0
72,9,124.169,0
72,13,103.368,0
72,15,165.801,0
72,20,93.8616,0
72,21,137.131,0
72,24,134.004,0
72,35,124.427,0
72,37,74.6324,0
72,39,95.8019,0
72,41,40.5216,0
72,51,57.6888,0
72,57,80.4301,0
72,60,77.1751,0
72,63,97.0052,0
72,66,118.609,0
72,67,169.163,0
72,74,103.078,0
72,80,172.467,0
72,84,147.801,0
73,1,47.7074,0
73,10,115.521,0
73,11,77.3175,0
73,12,106.888,0
73,25,23.5372,0
73,33,91.0934,0
73,36,164.222,0
73,38,110.603,0
73,43,17.088,0
73,61,102.181,0
73,68,152.463,0
73,69,55.3173,0
73,79,58.6003,0
73,89,72,0
73,90,45.1221,0
73,96,145.784,0
73,98,101.789,0
74,7,150.147,0
74,8,101.237,0
74,9,152.62,0
74,10,155.862,0
74,13,68.2642,0
74,20,169.071,0
74,21,82.0366,0
74,24,147.248,0
74,34,116.662,0
74,35,21.3776,0
74,37,166.868,0
74,39,170.449,0
74,41,111.879,0
74,51,133.989,0
74,54,163.233,0
74,55,152.345,0
74,57,154.738,0
74,60,145.88,0
74,63,167.287,0
74,66,167.908,0
74,72,103.078,0
74,79,156.051,0
74,80,157.385,0
74,84,78.2304,0
74,90,165.366,0
75,13,131.244,0
75,15,21.6333,0
75,20,118.929,0
75,34,150.629,0
75,37,154.156,0
75,39,117.593,0
75,45,28.4605,0
75,50,66.0303,0
75,54,106.93,0
75,62,114.004,0
75,66,74.9533,0
75,67,17.72,0
75,80,60.3075,0
75,84,151.093,0
75,91,62.2977,0
75,97,24.0832,0
76,2,222.474,8.73558
76,3,226,19.2242
76,4,227.934,4.6911
76,6,181.68,12.7878
76,14,114.586,9.11371
76,18,271.325,13.1894
76,23,208.471,0
76,26,52.7436,2.51693
76,27,158.188,2.78379
76,28,70.2282,0
76,29,287.571,1.09747
76,30,257.783,0
76,31,85.1587,0
76,36,247.316,16.2283
76,42,219.33,17.725
76,48,149.707,6.15714
76,49,100.324,8.41861
76,52,208.239,15.8561
76,53,143.562,12.3133
76,56,283.928,9.86157
76,59,194.572,15.3779
76,64,203.054,16.1707
76,65,226,19.2242
76,70,165.589,9.81666
76,71,63.9062,0
76,77,217.789,17.0777
76,78,192.51,0
76,81,195.217,15.6821
76,82,113.75,9.51287
76,83,183.869,15.4388
76,85,189.737,4.96044
76,93,186.309,11.2954
76,94,223.083,18.3605
76,95,141.14,10.7562
77,2,90.0233,0.517234
77,16,213.437,15.0025
77,22,244.057,11.7505
77,26,154.307,11.2012
77,28,269.966,17.3875
77,31,276.886,15.576
77,32,288.481,12.3252
77,40,228.102,0.530445
77,46,249.726,17.6574
77,48,95.4931,6.60663
77,49,158.638,9.54714
77,52,52.8381,2.98061
77,53,129.554,11.099
77,55,202.178,17.2458
77,56,105.854,0.513753
77,59,200.993,16.3307
77,64,153.469,11.4208
77,70,56.2654,4.62525
77,71,259.512,20.6262
77,76,217.789,17.0777
77,82,113.512,8.65557
77,85,302.415,13.5916
77,86,248.188,18.4407
77,87,246.224,19.0966
77,92,284.549,0
78,3,222.698,16.6591
78,4,153.083,5.95936
78,6,129.283,9.90884
78,14,220.106,13.4095
78,23,59.9333,0
78,26,238.789,14.318
78,27,96.0208,0
78,28,124.964,0
78,29,151.474,3.67401
78,30,59.7184,2.86478
78,31,119.097,0
78,42,163.129,13.9501
78,48,295.316,11.0372
78,49,252.319,2.08408
78,65,222.698,16.6591
78,71,178.906,4.58217
78,76,192.51,0
78,81,125.881,10.439
78,83,170.121,10.0164
78,93,295.197,13.2582
78,94,121.966,10.4619
78,95,196.311,5.8485
79,1,80.4114,0
79,8,151.212,0
79,10,106.569,0
79,11,131.24,0
79,12,121.149,0
79,25,78.5875,0
79,33,137.637,0
79,34,120.241,0
79,35,135.237,0
79,38,168.36,0
79,43,59.6825,0
79,44,156.895,0
79,61,129.031,0
79,68,168.514,0
79,69,61.9839,0
79,73,58.6003,0
79,74,156.051,0
79,84,129.769,0
79,89,70.8378,0
79,90,17.4929,0
79,98,103.966,0
80,13,90.6091,0
80,15,69.4622,0
80,20,140.132,0
80,34,90.5539,0
80,35,161.31,0
80,37,169.579,0
80,39,139.56,0
80,45,35.5106,0
80,50,42.0595,0
80,54,51.3517,0
80,62,169.924,0
80,66,99.985,0
80,67,46.5296,0
80,72,172.467,0
80,74,157.385,0
80,75,60.3075,0
80,84,96.1353,0
80,91,23.0217,0
80,97,36.2353,0
81,2,156.18,2.6183
81,4,280.505,18.1054
81,6,18.0278,0
81,23,185.096,13.1739
81,26,231.516,18.5359
81,27,54.4351,2.50549
81,28,148.789,12.0837
81,29,231.239,19.7981
81,30,105.135,8.32444
81,31,127.846,10.8327
81,40,181.535,7.50124
81,42,35.6931,0
81,48,234.581,17.7458
81,49,130.839,10.0042
81,56,184.663,7.4177
81,70,221.173,18.8384
81,71,244.473,15.4281
81,76,195.217,15.6821
81,78,125.881,10.439
81,94,26.6271,0
82,2,167.738,0
82,6,300.418,11.949
82,14,220.064,10.8419
82,26,63.9027,4.46525
82,27,266.088,13.8166
82,28,178.143,14.426
82,31,187.561,14.6424
82,36,235.632,19.0209
82,40,320.75,7.65212
82,48,90.4434,0
82,49,147.01,7.87556
82,52,94.3398,0
82,53,55.0694,2.44753
82,55,240.979,19.6357
82,56,222.576,0
82,59,143.236,9.99347
82,64,101.7,3.46534
82,70,86.8332,0
82,71,153.373,13.0934
82,76,113.75,9.51287
82,77,113.512,8.65557
82,85,195.233,0
82,93,270.395,7.25734
83,3,49.9208,2.67433
83,4,16.5529,0
83,14,151.688,9.67709
83,18,203.302,7.19705
83,23,111.914,8.72057
83,26,221.887,18.3399
83,27,265.682,4.82596
83,28,217.796,3.77755
83,29,79.7126,6.54893
83,30,184.581,14.5046
83,31,231.37,3.84667
83,36,262.2,18.4362
83,58,231.966,17.7365
83,65,49.9208,2.67433
83,71,116.404,8.08595
83,76,183.869,15.4388
83,78,170.121,10.0164
83,85,279.311,11.3359
83,93,191.134,8.95637
83,95,20.2485,0
83,96,254.069,21.4593
84,8,159.013,0
84,13,48.0416,0
84,15,151.489,0
84,20,172.409,0
84,21,156.952,0
84,34,39.8246,0
84,35,73.0821,0
84,45,130.924,0
84,50,128.472,0
84,54,87.3212,0
84,66,151.093,0
84,67,133.989,0
84,72,147.801,0
84,74,78.2304,0
84,75,151.093,0
84,79,129.769,0
84,80,96.1353,0
84,89,167.672,0
84,90,145.114,0
84,91,111.463,0
84,97,128.363,0
85,4,288.687,12.7427
85,8,175.844,4.88199
85,10,139.584,6.32024
85,12,118.403,6.12109
85,14,128.406,0
85,18,200.01,0
85,26,153.469,11.4208
85,28,251.18,5.86405
85,31,269.676,5.91553
85,33,159.075,6.87246
85,36,73.0348,5.91436
85,48,232.265,13.3358
85,49,231.135,19.5172
85,52,221.121,14.7414
85,53,132.306,9.41242
85,58,158.559,11.2587
85,59,96.7875,3.55305
85,61,121.662,6.13358
85,64,126.251,10.4629
85,69,178.463,6.45166
85,70,277.618,0
85,71,159.715,7.23679
85,76,189.737,4.96044
85,77,302.415,13.5916
85,82,195.233,0
85,83,279.311,11.3359
85,93,115.135,0
85,95,264.477,1.37717
85,96,146.364,8.6072
86,5,46.2289,3.82219
86,7,105.829,4.32936
86,9,114.5,4.16513
86,16,32.0156,2.40117
86,17,47.8337,3.71337
86,19,74.3621,6.13337
86,21,181.019,4.6634
86,22,59.2829,3.38872
86,24,108.984,4.34283
86,32,127.047,3.397
86,46,15.6205,0
86,52,297.527,8.73094
86,55,122.811,6.06415
86,57,174.826,4.71741
86,60,170.118,4.2514
86,63,162.207,4.73104
86,77,248.188,18.4407
86,87,41.4488,3.41639
87,5,28.4605,0
87,7,66.7083,0
87,9,79.0253,0
87,16,48.1065,1.40311
87,17,28.6356,0
87,19,47.2017,0
87,21,140.071,0
87,22,85.9915,2.89766
87,24,69.857,0
87,32,155.624,3.04084
87,41,163.049,0
87,46,26.2391,1.07342
87,51,154.935,0
87,52,276.287,10.8866
87,55,80.7775,0
87,57,143.339,0
87,60,138.279,0
87,63,132.518,0
87,64,271.503,20.4692
87,77,246.224,19.0966
87,86,41.4488,3.41639
88,44,82.2982,0
88,47,62.3939,0
88,68,126.087,0
88,98,148.486,0
88,99,61.6117,0
89,1,41.2311,0
89,10,171.677,0
89,11,100.767,0
89,25,70.8378,0
89,33,161.276,0
89,34,141.76,0
89,38,164.514,0
89,43,56.3205,0
89,44,103.238,0
89,47,129.769,0
89,68,97.8008,0
89,69,115.879,0
89,73,72,0
89,79,70.8378,0
89,84,167.672,0
89,90,76.0263,0
89,98,33.8378,0
90,1,76.1577,0
90,8,149.496,0
90,10,96.1509,0
90,11,121.037,0
90,12,106.042,0
90,25,67.1863,0
90,33,120.208,0
90,34,137.361,0
90,35,144.17,0
90,38,152.817,0
90,43,50.3587,0
90,44,169.098,0
90,61,112.379,0
90,68,171.828,0
90,69,46.0435,0
90,73,45.1221,0
90,74,165.366,0
90,79,17.4929,0
90,84,145.114,0
90,89,76.0263,0
90,98,109.859,0
91,13,112.089,0
91,15,77.4145,0
91,20,158.773,0
91,34,98.1122,0
91,39,158.028,0
91,45,33.8378,0
91,50,19.3132,0
91,54,45.4863,0
91,66,116.76,0
91,67,54.0833,0
91,75,62.2977,0
91,80,23.0217,0
91,84,111.463,0
91,97,41.1947,0
92,0,143.507,12.0918
92,2,248.516,0
92,22,227.015,19.2087
92,32,205.548,4.14305
92,40,96.3328,0
92,48,330.84,3.39598
92,49,242.901,20.5951
92,56,188.987,0
92,70,326.809,0
92,77,284.549,0
93,3,247.976,0
93,4,209.21,10.0915
93,10,182.568,9.42774
93,12,146.157,8.40752
93,14,75.1532,0
93,18,95.5196,0
93,23,272.296,11.3991
93,26,219.98,12.6886
93,28,219.945,13.7312
93,29,279.765,13.4429
93,31,240.49,14.1816
93,33,154.387,8.75509
93,36,73.8224,6.2486
93,48,297.335,16.4258
93,53,268.007,0
93,58,123.726,10.6051
93,59,212.194,18.0998
93,61,135.845,7.9937
93,64,247.863,17.6202
93,65,247.976,0
93,71,133.614,9.72039
93,76,186.309,11.2954
93,78,295.197,13.2582
93,82,270.395,7.25734
93,83,191.134,8.95637
93,85,115.135,0
93,95,170.159,1.62446
93,96,121.137,9.3888
94,4,274.357,20.0583
94,6,44.2945,0
94,23,176.711,14.2214
94,27,73.5508,3.53416
94,28,174.696,14.372
94,29,214.085,18.1184
94,30,94.4909,7.36293
94,31,151.826,12.9945
94,42,52.2015,0
94,49,163.383,12.3525
94,71,272.089,17.4798
94,76,223.083,18.3605
94,78,121.966,10.4619
94,81,26.6271,0
95,3,95.4218,4.37784
95,4,35.2724,1.36995
95,14,137.427,1.78988
95,18,183.264,1.45371
95,23,147.056,5.50219
95,26,189.297,13.5898
95,27,263.241,6.34323
95,28,172.232,12.7249
95,29,99.2128,8.4924
95,30,221.558,12.6647
95,31,192.827,12.5943
95,36,240.178,14.2541
95,58,211.582,15.6472
95,65,95.4218,4.37784
95,71,88.2353,2.78792
95,76,141.14,10.7562
95,78,196.311,5.8485
95,83,20.2485,0
95,85,264.477,1.37717
95,93,170.159,1.62446
95,96,239.112,19.3675
96,3,255.926,20.2962
96,10,147.648,0
96,11,148.071,0
96,12,102.956,0
96,14,197.729,16.5708
96,18,64.8271,0.980249
96,25,145,0
96,33,54.7814,0
96,36,71.5122,0
96,38,81.9878,0
96,43,159.364,0
96,58,30.8869,0
96,61,77.8974,0
96,65,255.926,20.2962
96,69,135.37,0
96,73,145.784,0
96,83,254.069,21.4593
96,85,146.364,8.6072
96,93,121.137,9.3888
96,95,239.112,19.3675
97,13,112.539,0
97,15,36.2215,0
97,20,123.822,0
97,34,126.574,0
97,37,157.201,0
97,39,122.801,0
97,45,11.4018,0
97,50,50,0
97,54,84.1546,0
97,62,135.665,0
97,66,80.0625,0
97,67,13.0384,0
97,75,24.0832,0
97,80,36.2353,0
97,84,128.363,0
97,91,41.1947,0
98,1,60.407,0
98,11,109.604,0
98,25,95.0842,0
98,34,155.464,0
98,43,85,0
98,44,79.3788,0
98,47,96.566,0
98,68,66.6483,0
98,69,149.054,0
98,73,101.789,0
98,79,103.966,0
98,88,148.486,0
98,89,33.8378,0
98,90,109.859,0
99,44,131.046,0
99,47,80.9506,0
99,68,131.643,0
99,88,61.6117,0
