0,10,131.575,0
0,13,149,0
0,34,151.159,0
0,62,85.8429,0
0,91,60.208,0
0,96,122.262,0
0,97,161.028,0
1,7,234.13,4.36253
1,9,239.358,11.333
1,12,186.179,15.8741
1,19,158.003,13.3156
1,24,167.306,8.96281
1,35,252.609,19.574
1,49,153.212,0
1,63,164.8,3.28406
1,68,118.014,4.21926
1,71,138.385,3.23405
1,82,140.236,10.0635
1,83,191.306,16.41
1,89,103.839,3.93328
1,90,214.564,4.27573
2,4,253.199,10.3223
2,5,32.8024,0
2,9,295.004,4.07428
2,14,155.183,5.08586
2,35,257.387,5.18049
2,41,69.7982,4.20058
2,44,56.206,4.68383
2,50,211.376,0
2,52,325.042,0
2,53,174.011,0
2,60,68.6438,4.17711
2,72,297.425,3.25314
2,73,92.2822,0
2,74,21.2603,0
2,81,174.327,5.13848
2,86,191.598,4.91634
2,92,268.269,0
3,8,269.506,19.0751
3,20,163.26,13.9991
3,21,113.036,8.52071
3,26,171.322,14.2768
3,37,241.14,16.4885
3,39,133.843,4.41241
3,46,234.538,18.2757
3,48,207.748,16.9896
3,52,106.452,0
3,56,142.99,5.84961
3,57,216.151,18.0126
3,59,268.833,19.4858
3,63,330.006,0
3,71,304.171,0
3,72,98.7927,0
3,76,129.902,10.9229
3,77,82.2192,0
3,79,93.079,3.88523
3,80,161.544,5.20255
3,87,215.402,17.0364
3,92,191.541,0
3,95,204.228,17.4958
4,2,253.199,10.3223
4,5,223.902,9.26522
4,6,178.814,15.2219
4,9,100.39,8.26091
4,11,132.009,11.0007
4,19,113.341,8.58697
4,28,245.136,20.1225
4,35,71.9038,6.14106
4,38,184.541,15.0589
4,43,207.77,17.4315
4,47,246.076,20.0683
4,50,153.935,0
4,53,134.838,2.77508
4,54,130.727,10.6474
4,63,201.693,16.8077
4,64,245.751,17.6726
4,68,165.17,12.3878
4,69,198.026,14.6361
4,73,165.342,8.26835
4,74,249.064,9.85168
4,82,133,9.09545
4,86,103.017,3.39617
4,88,128.765,8.48499
4,92,292.341,6.77662
5,2,32.8024,0
5,4,223.902,9.26522
5,9,263.924,3.95668
5,14,186.034,11.8238
5,35,225.096,5.03483
5,41,100.321,8.43905
5,44,87.5772,5.75911
5,50,180.854,0
5,52,313.904,0
5,53,149.626,0
5,60,99.0371,8.3548
5,72,292.186,4.00382
5,73,59.9333,0
5,74,37.9473,0
5,86,158.041,7.16094
5,88,312.174,5.14356
5,92,250.894,0
6,4,178.814,15.2219
6,9,171.004,8.67569
6,11,141.152,0
6,15,267.006,11.0207
6,17,178.993,10.7326
6,18,89.7912,4.86488
6,19,128.43,8.01109
6,25,188.969,14.1727
6,27,250.375,13.5744
6,28,214.484,15.976
6,29,288.29,11.8918
6,32,186.701,8.43609
6,33,84.0561,4.25567
6,35,169.871,9.49142
6,36,233.733,17.8865
6,38,165.056,14.1352
6,43,123.49,10.1435
6,47,115.795,9.7
6,49,93.6915,5.67219
6,54,158.24,0
6,55,212.846,13.7005
6,58,222.495,12.3073
6,61,147.603,4.36814
6,64,82.7248,7.06749
6,65,286.075,14.9782
6,66,135.356,4.85632
6,67,230.545,8.85798
6,68,162.96,10.6467
6,69,103.277,7.52157
6,82,142.082,8.50624
6,85,184.133,9.78805
6,88,244.968,14.2678
6,93,289.558,12.3031
7,1,234.13,4.36253
7,12,269.022,15.0787
7,24,183.325,0
7,26,234.046,19.0768
7,31,170.676,0.499017
7,56,248.182,20.5144
7,57,182.912,8.93119
7,71,238.302,0
7,80,236.389,17.6352
7,83,270.024,12.6104
7,89,133.417,0
7,90,42.0476,0
7,95,211.724,15.4197
8,3,269.506,19.0751
8,16,87.046,0
8,20,100.409,8.57187
8,21,209.1,12.915
8,30,71.7848,1.03845
8,37,176.477,0
8,39,195.833,14.5221
8,45,44.0454,0
8,46,123.223,0
8,48,85.6038,6.62884
8,59,6.32456,0
8,76,159.089,12.0479
8,77,214.39,18.3555
8,79,184.667,15.8174
8,84,84.3149,0
8,87,55.1453,0
8,94,158.434,0.996115
9,1,239.358,11.333
9,2,295.004,4.07428
9,4,100.39,8.26091
9,5,263.924,3.95668
9,6,171.004,8.67569
9,11,156.297,6.14833
9,19,51,0
9,35,28.6356,0
9,44,310.204,10.0808
9,50,85.1414,3.39273
9,52,263.449,3.42274
9,53,211.027,12.9815
9,54,154.604,4.88493
9,63,104.929,5.46286
9,68,117.802,8.75602
9,71,226.63,6.07028
9,72,315.734,3.35563
9,73,211.584,5.01119
9,74,297.298,5.44848
9,82,58.1378,0
9,86,182.988,14.0585
9,88,231.035,19.0919
9,92,184.223,3.26377
10,0,131.575,0
10,12,151.38,0
10,13,17.4642,0
10,18,147.648,0
10,33,154.353,0
10,34,26.4008,0
10,42,79.0759,0
10,49,148.678,0
10,61,120,0
10,62,119.269,0
10,66,112.588,0
10,70,56.648,0
10,75,62.6259,0
10,78,58.6003,0
10,83,156.32,0
10,91,92.2659,0
10,96,139.786,0
10,97,55.0818,0
11,4,132.009,11.0007
11,6,141.152,0
11,9,156.297,6.14833
11,17,246.771,12.8008
11,18,217.576,18.3787
11,19,141.909,8.38568
11,25,156.631,13.4354
11,27,271.199,16.8291
11,28,131.19,10.8723
11,32,253.538,16.4312
11,33,202.585,17.3561
11,35,138.796,5.67803
11,36,221.698,13.5242
11,38,82.2125,6.68886
11,43,76.7247,6.49903
11,47,109.255,9.14466
11,49,235.36,18.5158
11,50,234.963,20.0178
11,53,226.597,16.5526
11,54,17.088,0
11,55,162.175,12.2923
11,58,277.903,10.2722
11,64,125.508,1.95685
11,68,191.03,11.647
11,69,65.2383,2.15071
11,82,163.345,9.18587
11,85,263.495,12.4758
11,86,195.305,15.0762
11,88,116.273,8.72046
12,1,186.179,15.8741
12,7,269.022,15.0787
12,10,151.38,0
12,13,149.857,0
12,24,83.8167,6.74541
12,34,132.231,0
12,49,210.171,16.448
12,62,127.315,0
12,70,110.675,0
12,78,113.464,0
12,83,5.65685,0
12,89,240.044,14.7103
12,90,285.522,16.1838
12,91,148.408,0
12,96,101.98,0
12,97,100.648,0
13,0,149,0
13,10,17.4642,0
13,12,149.857,0
13,18,130.25,0
13,32,170.207,3.8071
13,33,136.894,0
13,34,17.72,0
13,42,65.9242,0
13,49,131.894,0
13,61,104.235,0
13,62,132.439,0
13,66,95.5249,0
13,67,160.569,2.89337
13,70,46.1736,0
13,75,51.3128,0
13,78,46.8722,0
13,83,155.077,0
13,91,108,0
13,96,149.883,0
13,97,49.7293,0
14,2,155.183,5.08586
14,5,186.034,11.8238
14,20,164.915,0
14,39,111.629,0
14,40,114.739,0
14,41,86.4928,0
14,44,105.385,0
14,60,87.2983,0
14,72,195.419,16.3468
14,74,167.822,7.18752
14,76,118.828,0
14,79,145.417,0
14,81,19.2354,0
14,94,137.641,0
15,6,267.006,11.0207
15,17,88.295,0
15,18,165.943,14.2357
15,23,109.142,0
15,25,192.676,5.03728
15,27,103.325,0
15,29,35.609,0
15,32,92.9731,0
15,33,158.424,13.434
15,36,241.661,0
15,42,124.556,3.74084
15,43,230.274,16.9717
15,47,204.631,10.3231
15,49,192.75,16.0948
15,55,164.843,0.576316
15,58,83.2346,0
15,61,86.0815,3.40494
15,64,212.448,10.1691
15,65,148.118,0.974112
15,66,106.784,3.80248
15,67,60.8112,1.84463
15,69,277.702,9.75855
15,75,142.253,3.76789
15,85,84.5931,0
15,93,52.8015,0
16,8,87.046,0
16,20,190.893,13.4656
16,22,136.565,0
16,30,133.405,0
16,37,174.167,14.2242
16,45,63.7887,0
16,46,137.469,11.7785
16,48,147.139,0
16,51,122.381,0
16,59,91.5614,0.635587
16,84,13.4164,0
16,87,131.095,0
16,98,148.368,0
17,6,178.993,10.7326
17,11,246.771,12.8008
17,15,88.295,0
17,18,132.337,11.3259
17,23,141.209,0
17,25,127.328,7.20257
17,27,100,0
17,28,218.941,16.3798
17,29,108.296,0
17,32,50.04,0
17,33,120.94,10.1294
17,36,189.462,4.90698
17,38,195.234,15.9133
17,42,168.175,13.4823
17,43,151.955,12.7636
17,47,123.335,8.61811
17,49,155.337,12.8244
17,54,259.285,12.8434
17,55,121,0.491803
17,58,61.2209,0
17,61,120.681,10.3368
17,64,124.873,8.74282
17,65,150.295,1.13805
17,66,126.726,10.7065
17,67,77.1751,0
17,69,189.707,9.6288
17,75,186.27,14.1467
17,85,30.0666,0
17,93,111.571,0
18,6,89.7912,4.86488
18,10,147.648,0
18,11,217.576,18.3787
18,13,130.25,0
18,15,165.943,14.2357
18,17,132.337,11.3259
18,19,158.382,0
18,23,268.279,17.9927
18,25,159.002,4.80391
18,27,232.484,16.4145
18,29,201.408,16.784
18,32,87.6,5.84
18,33,11.1803,0
18,34,127.581,0
18,42,102.728,0
18,43,207.552,17.5467
18,47,193,15.0813
18,49,26.9258,0
18,54,231.401,19.4575
18,55,173.41,11.3558
18,58,193.4,14.9601
18,61,70.7107,0
18,64,158.803,13.5547
18,66,50.1597,0
18,67,97.1841,4.90679
18,68,171.077,1.95297
18,69,182.908,15.6778
18,70,111.306,0
18,75,115.421,0
18,78,106.367,0
18,82,161.895,0
18,85,107.96,8.95636
18,93,219.294,17.2468
18,97,127.883,0
19,1,158.003,13.3156
19,4,113.341,8.58697
19,6,128.43,8.01109
19,9,51,0
19,11,141.909,8.38568
19,18,158.382,0
19,33,161.276,0
19,35,65,0
19,43,216.104,17.3624
19,49,140.577,0
19,50,131.455,11.1537
19,53,232.925,19.4105
19,54,138.767,5.72247
19,63,106.183,8.39212
19,64,210.485,17.2638
19,68,49.1999,2.30547
19,69,189.534,15.3382
19,71,214.932,11.3058
19,73,215.835,18.4585
19,82,21.1896,0
19,86,216.865,17.8348
19,88,210.002,17.6343
19,89,275.492,14.1034
19,92,240.028,14.5588
20,3,163.26,13.9991
20,8,100.409,8.57187
20,14,164.915,0
20,16,190.893,13.4656
20,21,104.005,0
20,30,75.71,0
20,37,211.273,9.86442
20,39,89.5545,0
20,40,151.347,0
20,45,108.347,1.11597
20,46,172.468,9.90247
20,48,44.7772,0
20,52,243.075,20.1242
20,56,160.801,0
20,59,90.2524,7.61721
20,72,183.783,15.6582
20,76,57.6281,0
20,77,135.255,8.15578
20,79,70.5762,0
20,81,156.208,0
20,84,197.865,15.8715
20,87,53.3385,0
20,94,127.028,0
21,3,113.036,8.52071
21,8,209.1,12.915
21,20,104.005,0
21,26,75.1665,0
21,31,167.263,0
21,37,120.25,9.56139
21,39,141.24,8.67723
21,45,240.749,20.5394
21,46,147.227,9.30659
21,48,146.219,0
21,52,211.397,11.1199
21,56,61.3514,0
21,57,122.287,0
21,59,202.008,15.1867
21,72,209.471,10.955
21,76,114.978,0
21,77,38.84,2.02926
21,79,98.0068,5.50626
21,80,81.0432,0
21,87,185.826,13.9369
21,92,295.777,12.1421
21,95,105,0
22,16,136.565,0
22,37,156.13,1.74585
22,46,184.322,10.2018
22,51,18.7883,0
22,84,128.413,0
22,98,15,0
23,15,109.142,0
23,17,141.209,0
23,18,268.279,17.9927
23,25,138.764,7.82772
23,27,52.345,0
23,28,291.548,0
23,29,78.1025,0
23,32,177.46,0
23,33,260.41,14.8787
23,36,169.918,0
23,43,206.983,16.9609
23,47,205.4,7.90378
23,55,113.442,1.95072
23,58,83.1865,0
23,61,197.115,16.5852
23,64,227.367,8.04552
23,65,50.6964,1.60183
23,66,242.315,18.0951
23,67,168.19,0
23,69,252.453,16.3493
23,85,159.862,0
23,93,58.1378,0
24,1,167.306,8.96281
24,7,183.325,0
24,12,83.8167,6.74541
24,68,281.118,13.7755
24,70,192.413,11.4051
24,71,290.331,0
24,78,195.354,11.8681
24,83,81.8562,6.82135
24,89,162.432,0
24,90,200.639,0
24,96,203.386,16.3407
24,97,182.232,10.0264
25,6,188.969,14.1727
25,11,156.631,13.4354
25,15,192.676,5.03728
25,17,127.328,7.20257
25,18,159.002,4.80391
25,23,138.764,7.82772
25,27,95.849,6.56864
25,28,137.244,0
25,29,181.884,6.80529
25,32,167.875,9.87221
25,33,139.824,1.01277
25,36,62.7694,0
25,38,165.54,8.53794
25,43,81.2903,6.92303
25,47,43.6939,0.559382
25,54,157.393,13.4673
25,55,22.601,0.535286
25,58,109.306,4.6787
25,61,245.448,19.418
25,64,89.1081,7.42567
25,65,99.5106,6.4739
25,66,207.311,15.8867
25,67,207.192,6.46962
25,69,95.9379,7.05608
25,85,157.083,7.59867
25,88,266.647,16.6585
25,93,168.741,6.77816
26,3,171.322,14.2768
26,7,234.046,19.0768
26,21,75.1665,0
26,31,92.2009,0
26,37,142.215,10.3914
26,46,201.271,17.0811
26,52,235.904,16.2745
26,56,38.0789,0
26,57,50.1597,0
26,71,216.256,18.1862
26,72,268.633,17.5914
26,77,84.8655,3.28423
26,79,207.795,17.7394
26,80,45.4533,0
26,89,262.005,20.4794
26,90,204.184,17.2095
26,95,30.4138,0
27,6,250.375,13.5744
27,11,271.199,16.8291
27,15,103.325,0
27,17,100,0
27,18,232.484,16.4145
27,23,52.345,0
27,25,95.849,6.56864
27,28,234.248,7.65139
27,29,86.5332,0
27,32,144.028,0
27,33,220.087,14.2657
27,36,140.982,0
27,38,260.482,15.1542
27,42,227.016,19.2936
27,43,161.485,13.7666
27,47,154.031,7.45103
27,49,250.384,20.9189
27,54,260.587,19.7517
27,55,70.798,1.13928
27,58,38.833,0
27,61,203.702,14.2491
27,64,175.149,7.64567
27,65,51.6976,0.99087
27,66,218.248,17.0063
27,67,147.363,0
27,69,204.953,14.2599
27,85,124.354,0
27,93,70.7672,0
28,4,245.136,20.1225
28,6,214.484,15.976
28,11,131.19,10.8723
28,17,218.941,16.3798
28,23,291.548,0
28,25,137.244,0
28,27,234.248,7.65139
28,29,320.412,6.82837
28,32,262.431,17.833
28,36,129.12,0
28,38,58.614,5.00602
28,43,92.3529,4.94748
28,47,116.065,7.57594
28,54,124.781,10.4511
28,55,164.729,5.99665
28,58,241.089,7.16971
28,64,139.041,8.69161
28,65,236.845,2.65235
28,69,111.211,8.6195
28,85,252.001,16.4409
28,88,143.063,12.2727
28,93,306.434,7.09073
29,6,288.29,11.8918
29,15,35.609,0
29,17,108.296,0
29,18,201.408,16.784
29,23,78.1025,0
29,25,181.884,6.80529
29,27,86.5332,0
29,28,320.412,6.82837
29,32,124.354,0
29,33,194.543,15.3307
29,36,227.482,0
29,42,154.161,9.2684
29,43,238.64,16.8735
29,47,214.616,9.53847
29,49,227.794,19.5416
29,55,155.658,0.676667
29,58,80.6226,0
29,61,119.969,9.04542
29,64,223.426,10.5575
29,65,122.094,1.46331
29,66,141.37,9.85614
29,67,100.499,0
29,69,288.05,9.84508
29,75,171.395,9.44172
29,85,112.606,0
29,93,20,0
30,8,71.7848,1.03845
30,16,133.405,0
30,20,75.71,0
30,37,259.719,17.4047
30,39,154.557,0
30,40,126.436,0
30,45,69.6419,0
30,46,206.019,15.8279
30,48,33.0606,0
30,59,66.5445,1.52808
30,76,120.669,0
30,79,144.17,0
30,84,136.781,0
30,87,23.2594,0
30,94,90.0888,0
30,99,160.854,0
31,7,170.676,0.499017
31,21,167.263,0
31,26,92.2009,0
31,56,120.154,0
31,57,54.7449,0
31,71,302.451,1.71153
31,77,179.126,5.70289
31,80,112.058,0
31,89,266.186,0.591501
31,90,163.078,0.53289
31,95,62.3699,0
32,6,186.701,8.43609
32,11,253.538,16.4312
32,13,170.207,3.8071
32,15,92.9731,0
32,17,50.04,0
32,18,87.6,5.84
32,23,177.46,0
32,25,167.875,9.87221
32,27,144.028,0
32,28,262.431,17.833
32,29,124.354,0
32,33,79.1296,6.04148
32,34,175.254,3.81391
32,36,239.275,5.02178
32,38,236.856,20.3174
32,42,115.723,4.31226
32,43,188.633,14.4959
32,47,157.489,9.8875
32,49,114.968,6.4854
32,54,280.691,13.6009
32,55,171.012,0.494219
32,58,105.849,0
32,61,69.2044,3.92681
32,64,152.51,9.49063
32,65,195.6,1.07446
32,66,76.6628,3.56019
32,67,44.9444,0
32,69,212.917,10.9027
32,70,170.734,3.90575
32,75,133.729,4.34584
32,78,165.891,3.90602
32,85,20.3961,0
32,93,134.848,0
33,6,84.0561,4.25567
33,10,154.353,0
33,11,202.585,17.3561
33,13,136.894,0
33,15,158.424,13.434
33,17,120.94,10.1294
33,18,11.1803,0
33,19,161.276,0
33,23,260.41,14.8787
33,25,139.824,1.01277
33,27,220.087,14.2657
33,29,194.543,15.3307
33,32,79.1296,6.04148
33,34,135.359,0
33,42,104.202,0
33,43,198.204,16.4734
33,47,185.181,13.0747
33,49,36.8782,0
33,54,212.797,18.252
33,55,162.192,11.1092
33,58,182.257,12.9825
33,61,68.0074,0
33,64,150.933,12.5343
33,65,267.477,16.3914
33,66,50.8035,0
33,67,89.0195,5.04576
33,69,177.225,15.1509
33,70,120.599,0
33,75,118.14,0
33,78,115.624,0
33,82,166.148,0
33,85,99.3463,8.51876
33,93,213.292,15.0344
33,97,137.364,0
34,0,151.159,0
34,10,26.4008,0
34,12,132.231,0
34,13,17.72,0
34,18,127.581,0
34,32,175.254,3.81391
34,33,135.359,0
34,42,78.2304,0
34,49,125.642,0
34,61,111.611,0
34,62,124.169,0
34,66,99,0
34,67,167.911,2.93773
34,70,30.3645,0
34,75,65.7951,0
34,78,32.2025,0
34,83,137.481,0
34,91,104.393,0
34,96,138.004,0
34,97,32.0156,0
35,1,252.609,19.574
35,2,257.387,5.18049
35,4,71.9038,6.14106
35,5,225.096,5.03483
35,6,169.871,9.49142
35,9,28.6356,0
35,11,138.796,5.67803
35,19,65,0
35,38,243.527,20.733
35,44,290.212,9.04423
35,50,68.8424,3.19702
35,52,287.581,6.00896
35,53,173.6,7.6462
35,54,135.786,4.47647
35,63,134.496,11.013
35,68,116.205,7.54982
35,69,206.35,16.6047
35,71,258.586,14.3212
35,73,151.006,10.0671
35,74,255.163,6.97223
35,82,78.7909,0
35,86,153.363,7.98444
35,88,200.86,15.3653
35,92,202.601,6.07091
36,6,233.733,17.8865
36,11,221.698,13.5242
36,15,241.661,0
36,17,189.462,4.90698
36,23,169.918,0
36,25,62.7694,0
36,27,140.982,0
36,28,129.12,0
36,29,227.482,0
36,32,239.275,5.02178
36,38,179.143,8.30163
36,43,145.246,5.15333
36,47,114.812,8.06482
36,54,221.092,13.7912
36,55,69.0866,3.77736
36,58,154.307,2.92038
36,64,149.41,9.15606
36,65,108.473,3.71392
36,67,260.201,5.14802
36,69,159.894,11.828
36,85,219.529,4.98593
36,88,278.17,17.2074
36,93,210.874,0
37,3,241.14,16.4885
37,8,176.477,0
37,16,174.167,14.2242
37,20,211.273,9.86442
37,21,120.25,9.56139
37,22,156.13,1.74585
37,26,142.215,10.3914
37,30,259.719,17.4047
37,45,187.16,14.6849
37,46,53.7401,0
37,48,228.535,17.4264
37,51,137.583,1.76138
37,56,170.666,14.4947
37,57,182.209,8.17637
37,59,183.38,2.37807
37,76,227.977,19.5228
37,77,158.971,13.6304
37,79,190.366,15.9241
37,80,191.849,15.9298
37,84,159.008,12.5741
37,87,229.237,15.1958
37,95,142.082,3.48215
37,98,157.684,1.65247
38,4,184.541,15.0589
38,6,165.056,14.1352
38,11,82.2125,6.68886
38,17,195.234,15.9133
38,25,165.54,8.53794
38,27,260.482,15.1542
38,28,58.614,5.00602
38,32,236.856,20.3174
38,35,243.527,20.733
38,36,179.143,8.30163
38,43,47.8017,0
38,47,74.2765,0
38,53,275.391,10.4315
38,54,73.7881,5.97047
38,55,182.136,14.0508
38,58,223.877,18.6564
38,64,91.6543,5.34878
38,65,277.272,11.0709
38,69,61.8466,3.48878
38,85,220.121,18.7245
38,86,247.007,10.2025
38,88,100.498,7.83099
39,3,133.843,4.41241
39,8,195.833,14.5221
39,14,111.629,0
39,20,89.5545,0
39,21,141.24,8.67723
39,30,154.557,0
39,40,164.615,0
39,41,186.266,15.1996
39,44,149.728,7.43828
39,48,121.807,0
39,52,173.171,4.88163
39,56,271.393,10.9279
39,59,183.337,11.3978
39,60,189.477,15.8207
39,72,101.868,3.92332
39,76,33.9559,0
39,77,195.392,5.80199
39,79,35.9026,0
39,80,295.161,9.60564
39,81,113.547,0
39,87,136.4,0
39,92,230.315,4.62633
39,94,160.462,0
40,14,114.739,0
40,20,151.347,0
40,30,126.436,0
40,39,164.615,0
40,48,123.794,0
40,76,145,0
40,81,95.5249,0
40,87,135.015,0
40,94,38.0789,0
40,99,62.7694,0
41,2,69.7982,4.20058
41,5,100.321,8.43905
41,14,86.4928,0
41,39,186.266,15.1996
41,44,32.0156,0
41,50,261.819,15.1675
41,52,260.355,20.5557
41,53,242.363,16.463
41,60,1.41421,0
41,72,181.746,14.0086
41,73,160.794,12.8979
41,74,82.0094,6.0613
41,76,187.741,9.22744
41,81,105.721,0
41,86,264.48,18.4501
41,92,243.156,18.3836
42,10,79.0759,0
42,13,65.9242,0
42,15,124.556,3.74084
42,17,168.175,13.4823
42,18,102.728,0
42,27,227.016,19.2936
42,29,154.161,9.2684
42,32,115.723,4.31226
42,33,104.202,0
42,34,78.2304,0
42,49,117.652,0
42,58,207.776,17.7362
42,61,46.6154,0
42,66,53.4135,0
42,67,99.8207,2.82972
42,70,91.0494,0
42,75,18.2483,0
42,78,88.0057,0
42,85,137.051,8.83929
42,93,174.111,12.4943
42,97,103.947,0
43,4,207.77,17.4315
43,6,123.49,10.1435
43,11,76.7247,6.49903
43,15,230.274,16.9717
43,17,151.955,12.7636
43,18,207.552,17.5467
43,19,216.104,17.3624
43,23,206.983,16.9609
43,25,81.2903,6.92303
43,27,161.485,13.7666
43,28,92.3529,4.94748
43,29,238.64,16.8735
43,32,188.633,14.4959
43,33,198.204,16.4734
43,36,145.246,5.15333
43,38,47.8017,0
43,47,27.2029,0
43,49,209.004,17.752
43,54,76.1172,6.52857
43,55,78.1601,0
43,58,159.098,13.2114
43,64,43.6692,3.71011
43,65,157.006,13.0556
43,67,227.948,16.1176
43,69,23.9178,1.16267
43,85,176.005,13.9686
43,88,148.422,12.7277
43,93,231.081,16.5576
44,2,56.206,4.68383
44,5,87.5772,5.75911
44,9,310.204,10.0808
44,14,105.385,0
44,35,290.212,9.04423
44,39,149.728,7.43828
44,41,32.0156,0
44,50,229.899,5.12326
44,52,246.056,13.4073
44,53,236.12,7.78418
44,60,30.6105,0
44,72,192.098,15.0344
44,73,144.564,5.78206
44,74,72.1871,6.17906
44,76,192.566,12.5809
44,79,240.692,20.5046
44,81,124.145,0
44,86,244.398,13.3932
44,92,218.058,10.5245
45,8,44.0454,0
45,16,63.7887,0
45,20,108.347,1.11597
45,21,240.749,20.5394
45,30,69.6419,0
45,37,187.16,14.6849
45,46,134.112,11.4797
45,48,86.4002,0
45,59,43.7731,0.496871
45,76,163.135,0
45,84,68.0661,0
45,87,69.6348,0
45,94,158.676,0
46,3,234.538,18.2757
46,8,123.223,0
46,16,137.469,11.7785
46,20,172.468,9.90247
46,21,147.227,9.30659
46,22,184.322,10.2018
46,26,201.271,17.0811
46,30,206.019,15.8279
46,37,53.7401,0
46,45,134.112,11.4797
46,48,184.055,14.9841
46,51,165.503,9.95028
46,56,205.046,17.5286
46,59,129.309,2.75148
46,76,219.854,18.3655
46,77,186.163,14.8836
46,79,198.008,16.8802
46,80,225.004,19.2504
46,84,127.549,10.6704
46,87,190.479,11.9036
46,95,211.123,17.4996
46,98,187.628,9.95982
47,4,246.076,20.0683
47,6,115.795,9.7
47,11,109.255,9.14466
47,15,204.631,10.3231
47,17,123.335,8.61811
47,18,193,15.0813
47,23,205.4,7.90378
47,25,43.6939,0.559382
47,27,154.031,7.45103
47,28,116.065,7.57594
47,29,214.616,9.53847
47,32,157.489,9.8875
47,33,185.181,13.0747
47,36,114.812,8.06482
47,38,74.2765,0
47,43,27.2029,0
47,49,206.855,17.3563
47,54,109.569,9.3977
47,55,77.4523,6.55142
47,58,135.473,8.22718
47,61,215.839,18.4801
47,64,33.0655,1.09007
47,65,161.941,10.7961
47,66,199.588,16.5724
47,67,196.604,10.6348
47,69,44.0609,2.52981
47,85,146.304,9.20794
47,88,177.274,14.9445
47,93,210.438,8.60884
48,3,207.748,16.9896
48,8,85.6038,6.62884
48,16,147.139,0
48,20,44.7772,0
48,21,146.219,0
48,30,33.0606,0
48,37,228.535,17.4264
48,39,121.807,0
48,40,123.794,0
48,45,86.4002,0
48,46,184.055,14.9841
48,59,61.8142,0
48,76,87.8635,0
48,77,179.49,8.49191
48,79,111.364,0
48,81,155.724,0
48,84,147.628,0
48,87,16.9706,0
48,94,92.6553,0
49,1,153.212,0
49,6,93.6915,5.67219
49,10,148.678,0
49,11,235.36,18.5158
49,12,210.171,16.448
49,13,131.894,0
49,15,192.75,16.0948
49,17,155.337,12.8244
49,18,26.9258,0
49,19,140.577,0
49,27,250.384,20.9189
49,29,227.794,19.5416
49,32,114.968,6.4854
49,33,36.8782,0
49,34,125.642,0
49,42,117.652,0
49,43,209.004,17.752
49,47,206.855,17.3563
49,54,253.48,19.1931
49,55,204.038,14.2153
49,58,214.77,18.3271
49,61,93.086,0
49,64,170.807,14.5893
49,66,69.2604,0
49,67,124.161,5.12014
49,68,148.289,1.94824
49,69,184.062,15.1233
49,70,104,0
49,75,127.456,0
49,78,99.4032,0
49,82,141.439,0
49,85,135.882,10.4182
49,93,247.365,20.8459
49,97,119.218,0
50,2,211.376,0
50,4,153.935,0
50,5,180.854,0
50,9,85.1414,3.39273
50,11,234.963,20.0178
50,19,131.455,11.1537
50,35,68.8424,3.19702
50,41,261.819,15.1675
50,44,229.899,5.12326
50,52,240.208,0
50,53,176.033,5.86193
50,54,245.151,19.9738
50,60,260.337,14.8114
50,63,180.356,3.29501
50,68,216.082,8.76202
50,71,296.243,0
50,72,273.247,0
50,73,136.308,0
50,74,217.132,0.556718
50,82,143.77,12.2393
50,86,184.358,0
50,88,256.763,15.1326
50,92,154.842,0
51,16,122.381,0
51,22,18.7883,0
51,37,137.583,1.76138
51,46,165.503,9.95028
51,84,113.265,0
51,98,26.3059,0
52,2,325.042,0
52,3,106.452,0
52,5,313.904,0
52,9,263.449,3.42274
52,20,243.075,20.1242
52,21,211.397,11.1199
52,26,235.904,16.2745
52,35,287.581,6.00896
52,39,173.171,4.88163
52,41,260.355,20.5557
52,44,246.056,13.4073
52,50,240.208,0
52,56,198.441,5.13952
52,57,246.125,19.2837
52,60,261.22,20.246
52,63,238.872,0
52,68,332.223,0
52,71,245.349,0
52,72,75.6042,0
52,73,314.197,0
52,76,199.172,13.5929
52,77,173.954,0
52,79,169.255,5.57983
52,80,194.331,4.9407
52,92,85.44,0
52,95,258.433,20.5257
53,2,174.011,0
53,4,134.838,2.77508
53,5,149.626,0
53,9,211.027,12.9815
53,11,226.597,16.5526
53,19,232.925,19.4105
53,35,173.6,7.6462
53,38,275.391,10.4315
53,41,242.363,16.463
53,44,236.12,7.78418
53,50,176.033,5.86193
53,54,212.669,16.3089
53,60,241.281,16.2396
53,73,80.8439,6.56976
53,74,160.611,0
53,86,33.2866,0
53,88,174.103,0
53,92,291.436,14.167
54,4,130.727,10.6474
54,6,158.24,0
54,9,154.604,4.88493
54,11,17.088,0
54,17,259.285,12.8434
54,18,231.401,19.4575
54,19,138.767,5.72247
54,25,157.393,13.4673
54,27,260.587,19.7517
54,28,124.781,10.4511
54,32,280.691,13.6009
54,33,212.797,18.252
54,35,135.786,4.47647
54,36,221.092,13.7912
54,38,73.7881,5.97047
54,43,76.1172,6.52857
54,47,109.569,9.3977
54,49,253.48,19.1931
54,50,245.151,19.9738
54,53,212.669,16.3089
54,55,160.018,11.0316
54,58,268.532,15.6564
54,64,134.272,2.94866
54,68,188.048,8.89681
54,69,72.8738,2.63003
54,82,159.757,6.13419
54,85,282.866,10.6428
54,86,180.701,14.6898
54,88,105.277,7.46707
55,6,212.846,13.7005
55,11,162.175,12.2923
55,15,164.843,0.576316
55,17,121,0.491803
55,18,173.41,11.3558
55,23,113.442,1.95072
55,25,22.601,0.535286
55,27,70.798,1.13928
55,28,164.729,5.99665
55,29,155.658,0.676667
55,32,171.012,0.494219
55,33,162.192,11.1092
55,36,69.0866,3.77736
55,38,182.136,14.0508
55,43,78.1601,0
55,47,77.4523,6.55142
55,49,204.038,14.2153
55,54,160.018,11.0316
55,58,82.0624,0.54688
55,61,242.136,15.9045
55,64,121.678,7.48736
55,65,71.3541,3.50489
55,66,247.52,18.4576
55,67,191.186,0.505754
55,69,104.476,4.48852
55,85,151.013,0.493464
55,93,141.852,0.650587
56,3,142.99,5.84961
56,7,248.182,20.5144
56,20,160.801,0
56,21,61.3514,0
56,26,38.0789,0
56,31,120.154,0
56,37,170.666,14.4947
56,39,271.393,10.9279
56,46,205.046,17.5286
56,52,198.441,5.13952
56,57,67.9559,0
56,63,316.565,8.01622
56,71,204.569,14.972
56,72,233.031,5.81378
56,76,242.988,19.3376
56,77,66.6708,5.71038
56,79,209.911,11.5033
56,80,20.0998,0
56,89,262.271,19.2586
56,90,215.248,18.1922
56,92,268.522,5.72252
56,95,64.195,0
57,3,216.151,18.0126
57,7,182.912,8.93119
57,21,122.287,0
57,26,50.1597,0
57,31,54.7449,0
57,37,182.209,8.17637
57,52,246.125,19.2837
57,56,67.9559,0
57,71,199.315,12.1703
57,77,132.723,7.26742
57,80,57.5674,0
57,89,219.659,10.0389
57,90,154.358,8.1902
57,95,32.7567,0
58,6,222.495,12.3073
58,11,277.903,10.2722
58,15,83.2346,0
58,17,61.2209,0
58,18,193.4,14.9601
58,23,83.1865,0
58,25,109.306,4.6787
58,27,38.833,0
58,28,241.089,7.16971
58,29,80.6226,0
58,32,105.849,0
58,33,182.257,12.9825
58,36,154.307,2.92038
58,38,223.877,18.6564
58,42,207.776,17.7362
58,43,159.098,13.2114
58,47,135.473,8.22718
58,49,214.77,18.3271
58,54,268.532,15.6564
58,55,82.0624,0.54688
58,61,170.186,12.9674
58,64,151.453,8.26535
58,65,89.8833,1.06873
58,66,181.326,15.0665
58,67,114.018,0
58,69,201.927,11.3509
58,85,85.9069,0
58,93,72.8011,0
59,3,268.833,19.4858
59,8,6.32456,0
59,16,91.5614,0.635587
59,20,90.2524,7.61721
59,21,202.008,15.1867
59,30,66.5445,1.52808
59,37,183.38,2.37807
59,39,183.337,11.3978
59,45,43.7731,0.496871
59,46,129.309,2.75148
59,48,61.8142,0
59,76,148.932,9.86812
59,77,220.078,18.7807
59,79,173.061,14.1856
59,84,88.3233,0
59,87,51.0425,0.959982
59,94,161.296,5.13521
60,2,68.6438,4.17711
60,5,99.0371,8.3548
60,14,87.2983,0
60,39,189.477,15.8207
60,41,1.41421,0
60,44,30.6105,0
60,50,260.337,14.8114
60,52,261.22,20.246
60,53,241.281,16.2396
60,72,181.878,14.2129
60,73,159.423,12.7145
60,74,81,6.03077
60,76,190.172,10.1878
60,81,106.532,0
60,86,262.318,18.3754
60,92,241.742,18.1678
61,6,147.603,4.36814
61,10,120,0
61,13,104.235,0
61,15,86.0815,3.40494
61,17,120.681,10.3368
61,18,70.7107,0
61,23,197.115,16.5852
61,25,245.448,19.418
61,27,203.702,14.2491
61,29,119.969,9.04542
61,32,69.2044,3.92681
61,33,68.0074,0
61,34,111.611,0
61,42,46.6154,0
61,47,215.839,18.4801
61,49,93.086,0
61,55,242.136,15.9045
61,58,170.186,12.9674
61,64,194.758,16.4374
61,65,253.828,16.0941
61,66,26,0
61,67,56.4018,2.65894
61,70,113.177,0
61,75,64.5136,0
61,78,108.784,0
61,85,89.5937,7.18666
61,93,139.538,11.5975
61,97,129.283,0
62,0,85.8429,0
62,10,119.269,0
62,12,127.315,0
62,13,132.439,0
62,34,124.169,0
62,70,132.544,0
62,78,137.525,0
62,83,128.472,0
62,91,39.4462,0
62,96,37.2156,0
62,97,115.849,0
63,1,164.8,3.28406
63,3,330.006,0
63,4,201.693,16.8077
63,9,104.929,5.46286
63,19,106.183,8.39212
63,35,134.496,11.013
63,50,180.356,3.29501
63,52,238.872,0
63,56,316.565,8.01622
63,68,93.3809,0
63,71,121.852,0
63,72,308.662,0
63,73,323.66,0
63,80,278.124,9.87413
63,82,94.2404,5.04859
63,89,228.709,0
63,90,316.639,0
63,92,187.297,0
64,4,245.751,17.6726
64,6,82.7248,7.06749
64,11,125.508,1.95685
64,15,212.448,10.1691
64,17,124.873,8.74282
64,18,158.803,13.5547
64,19,210.485,17.2638
64,23,227.367,8.04552
64,25,89.1081,7.42567
64,27,175.149,7.64567
64,28,139.041,8.69161
64,29,223.426,10.5575
64,32,152.51,9.49063
64,33,150.933,12.5343
64,36,149.41,9.15606
64,38,91.6543,5.34878
64,43,43.6692,3.71011
64,47,33.0655,1.09007
64,49,170.807,14.5893
64,54,134.272,2.94866
64,55,121.678,7.48736
64,58,151.453,8.26535
64,61,194.758,16.4374
64,65,203.071,7.75606
64,66,196.789,16.8567
64,67,192.726,10.7974
64,69,62.7694,0
64,85,142.5,9.30147
64,88,248.273,5.17566
64,93,220.558,10.0799
65,6,286.075,14.9782
65,15,148.118,0.974112
65,17,150.295,1.13805
65,23,50.6964,1.60183
65,25,99.5106,6.4739
65,27,51.6976,0.99087
65,28,236.845,2.65235
65,29,122.094,1.46331
65,32,195.6,1.07446
65,33,267.477,16.3914
65,36,108.473,3.71392
65,38,277.272,11.0709
65,43,157.006,13.0556
65,47,161.941,10.7961
65,55,71.3541,3.50489
65,58,89.8833,1.06873
65,61,253.828,16.0941
65,64,203.071,7.75606
65,66,270.61,19.2516
65,67,197.999,0.999783
65,69,175.822,14.2944
65,85,175.775,1.08469
65,93,102.662,1.46399
66,6,135.356,4.85632
66,10,112.588,0
66,13,95.5249,0
66,15,106.784,3.80248
66,17,126.726,10.7065
66,18,50.1597,0
66,23,242.315,18.0951
66,25,207.311,15.8867
66,27,218.248,17.0063
66,29,141.37,9.85614
66,32,76.6628,3.56019
66,33,50.8035,0
66,34,99,0
66,42,53.4135,0
66,47,199.588,16.5724
66,49,69.2604,0
66,55,247.52,18.4576
66,58,181.326,15.0665
66,61,26,0
66,64,196.789,16.8567
66,65,270.61,19.2516
66,67,73.7902,3.01869
66,69,249.627,20.9378
66,70,94.5569,0
66,75,68.0147,0
66,78,89.8109,0
66,85,96.9499,6.99158
66,93,166.628,13.9174
66,97,111.4,0
67,6,230.545,8.85798
67,13,160.569,2.89337
67,15,60.8112,1.84463
67,17,77.1751,0
67,18,97.1841,4.90679
67,23,168.19,0
67,25,207.192,6.46962
67,27,147.363,0
67,29,100.499,0
67,32,44.9444,0
67,33,89.0195,5.04576
67,34,167.911,2.93773
67,36,260.201,5.14802
67,42,99.8207,2.82972
67,43,227.948,16.1176
67,47,196.604,10.6348
67,49,124.161,5.12014
67,55,191.186,0.505754
67,58,114.018,0
67,61,56.4018,2.65894
67,64,192.726,10.7974
67,65,197.999,0.999783
67,66,73.7902,3.01869
67,69,255.712,11.4507
67,70,167.634,3.09478
67,75,118.063,2.86363
67,78,163.022,3.10482
67,85,52.345,0
67,93,116.017,0
68,1,118.014,4.21926
68,4,165.17,12.3878
68,6,162.96,10.6467
68,9,117.802,8.75602
68,11,191.03,11.647
68,18,171.077,1.95297
68,19,49.1999,2.30547
68,24,281.118,13.7755
68,35,116.205,7.54982
68,49,148.289,1.94824
68,50,216.082,8.76202
68,52,332.223,0
68,54,188.048,8.89681
68,63,93.3809,0
68,71,169.753,0
68,82,29.0226,2.2615
68,89,224.544,0
68,90,330.048,0
68,92,276.796,0
69,4,198.026,14.6361
69,6,103.277,7.52157
69,11,65.2383,2.15071
69,15,277.702,9.75855
69,17,189.707,9.6288
69,18,182.908,15.6778
69,19,189.534,15.3382
69,23,252.453,16.3493
69,25,95.9379,7.05608
69,27,204.953,14.2599
69,28,111.211,8.6195
69,29,288.05,9.84508
69,32,212.917,10.9027
69,33,177.225,15.1509
69,35,206.35,16.6047
69,36,159.894,11.828
69,38,61.8466,3.48878
69,43,23.9178,1.16267
69,47,44.0609,2.52981
69,49,184.062,15.1233
69,54,72.8738,2.63003
69,55,104.476,4.48852
69,58,201.927,11.3509
69,64,62.7694,0
69,65,175.822,14.2944
69,66,249.627,20.9378
69,67,255.712,11.4507
69,82,208.932,16.3696
69,85,204.355,10.6653
69,86,253.67,18.7202
69,88,185.743,5.15289
69,93,277.725,11.3952
70,10,56.648,0
70,12,110.675,0
70,13,46.1736,0
70,18,111.306,0
70,24,192.413,11.4051
70,32,170.734,3.90575
70,33,120.599,0
70,34,30.3645,0
70,42,91.0494,0
70,49,104,0
70,61,113.177,0
70,62,132.544,0
70,66,94.5569,0
70,67,167.634,3.09478
70,75,83.6481,0
70,78,5,0
70,83,116.211,0
70,91,121.078,0
70,96,138.279,0
70,97,17.1172,0
71,1,138.385,3.23405
71,3,304.171,0
71,7,238.302,0
71,9,226.63,6.07028
71,19,214.932,11.3058
71,24,290.331,0
71,26,216.256,18.1862
71,31,302.451,1.71153
71,35,258.586,14.3212
71,50,296.243,0
71,52,245.349,0
71,56,204.569,14.972
71,57,199.315,12.1703
71,63,121.852,0
71,68,169.753,0
71,72,320.861,0
71,77,310.097,0
71,80,180.843,11.56
71,82,194.414,5.39342
71,89,133.462,0
71,90,200.09,0
71,92,235.44,0
71,95,224.601,18.2285
72,2,297.425,3.25314
72,3,98.7927,0
72,5,292.186,4.00382
72,9,315.734,3.35563
72,14,195.419,16.3468
72,20,183.783,15.6582
72,21,209.471,10.955
72,26,268.633,17.5914
72,39,101.868,3.92332
72,41,181.746,14.0086
72,44,192.098,15.0344
72,50,273.247,0
72,52,75.6042,0
72,56,233.031,5.81378
72,60,181.878,14.2129
72,63,308.662,0
72,71,320.861,0
72,73,315.373,0
72,74,318.126,3.28796
72,76,136.743,10.5223
72,77,180.953,0
72,79,114.689,5.02513
72,80,241.465,5.06774
72,81,203.424,16.8053
72,92,132,0
73,2,92.2822,0
73,4,165.342,8.26835
73,5,59.9333,0
73,9,211.584,5.01119
73,19,215.835,18.4585
73,35,151.006,10.0671
73,41,160.794,12.8979
73,44,144.564,5.78206
73,50,136.308,0
73,52,314.197,0
73,53,80.8439,6.56976
73,60,159.423,12.7145
73,63,323.66,0
73,72,315.373,0
73,74,90.5539,0
73,86,99.8896,7.59681
73,88,247.884,10.3723
73,92,240.308,0
74,2,21.2603,0
74,4,249.064,9.85168
74,5,37.9473,0
74,9,297.298,5.44848
74,14,167.822,7.18752
74,35,255.163,6.97223
74,41,82.0094,6.0613
74,44,72.1871,6.17906
74,50,217.132,0.556718
74,53,160.611,0
74,60,81,6.03077
74,72,318.126,3.28796
74,73,90.5539,0
74,86,190.704,0
74,88,311.089,9.91901
74,92,285.188,0
75,10,62.6259,0
75,13,51.3128,0
75,15,142.253,3.76789
75,17,186.27,14.1467
75,18,115.421,0
75,29,171.395,9.44172
75,32,133.729,4.34584
75,33,118.14,0
75,34,65.7951,0
75,42,18.2483,0
75,49,127.456,0
75,61,64.5136,0
75,66,68.0147,0
75,67,118.063,2.86363
75,70,83.6481,0
75,78,81.4371,0
75,85,155.123,9.0909
75,91,153.574,0
75,93,191.369,12.8514
75,97,94.4034,0
76,3,129.902,10.9229
76,8,159.089,12.0479
76,14,118.828,0
76,20,57.6281,0
76,21,114.978,0
76,30,120.669,0
76,37,227.977,19.5228
76,39,33.9559,0
76,40,145,0
76,41,187.741,9.22744
76,44,192.566,12.5809
76,45,163.135,0
76,46,219.854,18.3655
76,48,87.8635,0
76,52,199.172,13.5929
76,56,242.988,19.3376
76,59,148.932,9.86812
76,60,190.172,10.1878
76,72,136.743,10.5223
76,77,171.473,13.3116
76,79,36.7967,0
76,81,115.109,0
76,87,102.489,0
76,92,267.468,14.0212
76,94,134.629,0
77,3,82.2192,0
77,8,214.39,18.3555
77,20,135.255,8.15578
77,21,38.84,2.02926
77,26,84.8655,3.28423
77,31,179.126,5.70289
77,37,158.971,13.6304
77,39,195.392,5.80199
77,46,186.163,14.8836
77,48,179.49,8.49191
77,52,173.954,0
77,56,66.6708,5.71038
77,57,132.723,7.26742
77,59,220.078,18.7807
77,71,310.097,0
77,72,180.953,0
77,76,171.473,13.3116
77,79,135.863,4.66068
77,80,105.853,6.95498
77,87,181.022,6.89344
77,92,257.946,0
77,95,115.95,3.88567
78,10,58.6003,0
78,12,113.464,0
78,13,46.8722,0
78,18,106.367,0
78,24,195.354,11.8681
78,32,165.891,3.90602
78,33,115.624,0
78,34,32.2025,0
78,42,88.0057,0
78,49,99.4032,0
78,61,108.784,0
78,62,137.525,0
78,66,89.8109,0
78,67,163.022,3.10482
78,70,5,0
78,75,81.4371,0
78,83,119.038,0
78,85,186.37,8.24368
78,91,125.718,0
78,96,143.199,0
78,97,22.0907,0
79,3,93.079,3.88523
79,8,184.667,15.8174
79,14,145.417,0
79,20,70.5762,0
79,21,98.0068,5.50626
79,26,207.795,17.7394
79,30,144.17,0
79,37,190.366,15.9241
79,39,35.9026,0
79,44,240.692,20.5046
79,46,198.008,16.8802
79,48,111.364,0
79,52,169.255,5.57983
79,56,209.911,11.5033
79,59,173.061,14.1856
79,72,114.689,5.02513
79,76,36.7967,0
79,77,135.863,4.66068
79,80,242.39,9.71187
79,81,145.134,0
79,87,123.037,0
79,92,245.429,5.07383
80,3,161.544,5.20255
80,7,236.389,17.6352
80,21,81.0432,0
80,26,45.4533,0
80,31,112.058,0
80,37,191.849,15.9298
80,39,295.161,9.60564
80,46,225.004,19.2504
80,52,194.331,4.9407
80,56,20.0998,0
80,57,57.5674,0
80,63,278.124,9.87413
80,71,180.843,11.56
80,72,241.465,5.06774
80,77,105.853,6.95498
80,79,242.39,9.71187
80,89,243.898,14.6782
80,90,202.679,15.6558
80,92,256.015,5.37311
80,95,63.7887,0
81,2,174.327,5.13848
81,14,19.2354,0
81,20,156.208,0
81,39,113.547,0
81,40,95.5249,0
81,41,105.721,0
81,44,124.145,0
81,48,155.724,0
81,60,106.532,0
81,72,203.424,16.8053
81,76,115.109,0
81,79,145.134,0
81,94,118.849,0
81,99,150.615,0
82,1,140.236,10.0635
82,4,133,9.09545
82,6,142.082,8.50624
82,9,58.1378,0
82,11,163.345,9.18587
82,18,161.895,0
82,19,21.1896,0
82,33,166.148,0
82,35,78.7909,0
82,49,141.439,0
82,50,143.77,12.2393
82,54,159.757,6.13419
82,63,94.2404,5.04859
82,68,29.0226,2.2615
82,69,208.932,16.3696
82,71,194.414,5.39342
82,86,227.988,19.5582
82,89,254.235,6.98472
82,92,254.49,8.38977
83,1,191.306,16.41
83,7,270.024,12.6104
83,10,156.32,0
83,12,5.65685,0
83,13,155.077,0
83,24,81.8562,6.82135
83,34,137.481,0
83,62,128.472,0
83,70,116.211,0
83,78,119.038,0
83,89,236.671,14.559
83,90,284.419,14.6118
83,91,150.841,0
83,96,101.823,0
83,97,105.991,0
84,8,84.3149,0
84,16,13.4164,0
84,20,197.865,15.8715
84,22,128.413,0
84,30,136.781,0
84,37,159.008,12.5741
84,45,68.0661,0
84,46,127.549,10.6704
84,48,147.628,0
84,51,113.265,0
84,59,88.3233,0
84,87,132.189,0
84,98,139.488,0
85,6,184.133,9.78805
85,11,263.495,12.4758
85,15,84.5931,0
85,17,30.0666,0
85,18,107.96,8.95636
85,23,159.862,0
85,25,157.083,7.59867
85,27,124.354,0
85,28,252.001,16.4409
85,29,112.606,0
85,32,20.3961,0
85,33,99.3463,8.51876
85,36,219.529,4.98593
85,38,220.121,18.7245
85,42,137.051,8.83929
85,43,176.005,13.9686
85,47,146.304,9.20794
85,49,135.882,10.4182
85,54,282.866,10.6428
85,55,151.013,0.493464
85,58,85.9069,0
85,61,89.5937,7.18666
85,64,142.5,9.30147
85,65,175.775,1.08469
85,66,96.9499,6.99158
85,67,52.345,0
85,69,204.355,10.6653
85,75,155.123,9.0909
85,78,186.37,8.24368
85,93,120.83,0
86,2,191.598,4.91634
86,4,103.017,3.39617
86,5,158.041,7.16094
86,9,182.988,14.0585
86,11,195.305,15.0762
86,19,216.865,17.8348
86,35,153.363,7.98444
86,38,247.007,10.2025
86,41,264.48,18.4501
86,44,244.398,13.3932
86,50,184.358,0
86,53,33.2866,0
86,54,180.701,14.6898
86,60,262.318,18.3754
86,69,253.67,18.7202
86,73,99.8896,7.59681
86,74,190.704,0
86,82,227.988,19.5582
86,88,147.959,0
86,92,314.862,7.12189
87,3,215.402,17.0364
87,8,55.1453,0
87,16,131.095,0
87,20,53.3385,0
87,21,185.826,13.9369
87,30,23.2594,0
87,37,229.237,15.1958
87,39,136.4,0
87,40,135.015,0
87,45,69.6348,0
87,46,190.479,11.9036
87,48,16.9706,0
87,59,51.0425,0.959982
87,76,102.489,0
87,77,181.022,6.89344
87,79,123.037,0
87,84,132.189,0
87,94,101.435,0
88,4,128.765,8.48499
88,5,312.174,5.14356
88,6,244.968,14.2678
88,9,231.035,19.0919
88,11,116.273,8.72046
88,19,210.002,17.6343
88,25,266.647,16.6585
88,28,143.063,12.2727
88,35,200.86,15.3653
88,36,278.17,17.2074
88,38,100.498,7.83099
88,43,148.422,12.7277
88,47,177.274,14.9445
88,50,256.763,15.1326
88,53,174.103,0
88,54,105.277,7.46707
88,64,248.273,5.17566
88,69,185.743,5.15289
88,73,247.884,10.3723
88,74,311.089,9.91901
88,86,147.959,0
89,1,103.839,3.93328
89,7,133.417,0
89,12,240.044,14.7103
89,19,275.492,14.1034
89,24,162.432,0
89,26,262.005,20.4794
89,31,266.186,0.591501
89,56,262.271,19.2586
89,57,219.659,10.0389
89,63,228.709,0
89,68,224.544,0
89,71,133.462,0
89,80,243.898,14.6782
89,82,254.235,6.98472
89,83,236.671,14.559
89,90,110.635,0
89,95,252.57,18.1387
90,1,214.564,4.27573
90,7,42.0476,0
90,12,285.522,16.1838
90,24,200.639,0
90,26,204.184,17.2095
90,31,163.078,0.53289
90,56,215.248,18.1922
90,57,154.358,8.1902
90,63,316.639,0
90,68,330.048,0
90,71,200.09,0
90,80,202.679,15.6558
90,83,284.419,14.6118
90,89,110.635,0
90,95,184.703,14.5185
91,0,60.208,0
91,10,92.2659,0
91,12,148.408,0
91,13,108,0
91,34,104.393,0
91,62,39.4462,0
91,70,121.078,0
91,75,153.574,0
91,78,125.718,0
91,83,150.841,0
91,96,74.9466,0
91,97,106.438,0
92,2,268.269,0
92,3,191.541,0
92,4,292.341,6.77662
92,5,250.894,0
92,9,184.223,3.26377
92,19,240.028,14.5588
92,21,295.777,12.1421
92,35,202.601,6.07091
92,39,230.315,4.62633
92,41,243.156,18.3836
92,44,218.058,10.5245
92,50,154.842,0
92,52,85.44,0
92,53,291.436,14.167
92,56,268.522,5.72252
92,60,241.742,18.1678
92,63,187.297,0
92,68,276.796,0
92,71,235.44,0
92,72,132,0
92,73,240.308,0
92,74,285.188,0
92,76,267.468,14.0212
92,77,257.946,0
92,79,245.429,5.07383
92,80,256.015,5.37311
92,82,254.49,8.38977
92,86,314.862,7.12189
93,6,289.558,12.3031
93,15,52.8015,0
93,17,111.571,0
93,18,219.294,17.2468
93,23,58.1378,0
93,25,168.741,6.77816
93,27,70.7672,0
93,28,306.434,7.09073
93,29,20,0
93,32,134.848,0
93,33,213.292,15.0344
93,36,210.874,0
93,42,174.111,12.4943
93,43,231.081,16.5576
93,47,210.438,8.60884
93,49,247.365,20.8459
93,55,141.852,0.650587
93,58,72.8011,0
93,61,139.538,11.5975
93,64,220.558,10.0799
93,65,102.662,1.46399
93,66,166.628,13.9174
93,67,116.017,0
93,69,277.725,11.3952
93,75,191.369,12.8514
93,85,120.83,0
94,8,158.434,0.996115
94,14,137.641,0
94,20,127.028,0
94,30,90.0888,0
94,39,160.462,0
94,40,38.0789,0
94,45,158.676,0
94,48,92.6553,0
94,59,161.296,5.13521
94,76,134.629,0
94,81,118.849,0
94,87,101.435,0
94,99,77.5242,0
95,3,204.228,17.4958
95,7,211.724,15.4197
95,21,105,0
95,26,30.4138,0
95,31,62.3699,0
95,37,142.082,3.48215
95,46,211.123,17.4996
95,52,258.433,20.5257
95,56,64.195,0
95,57,32.7567,0
95,71,224.601,18.2285
95,77,115.95,3.88567
95,80,63.7887,0
95,89,252.57,18.1387
95,90,184.703,14.5185
96,0,122.262,0
96,10,139.786,0
96,12,101.98,0
96,13,149.883,0
96,24,203.386,16.3407
96,34,138.004,0
96,62,37.2156,0
96,70,138.279,0
96,78,143.199,0
96,83,101.823,0
96,91,74.9466,0
96,97,121.202,0
97,0,161.028,0
97,10,55.0818,0
97,12,100.648,0
97,13,49.7293,0
97,18,127.883,0
97,24,182.232,10.0264
97,33,137.364,0
97,34,32.0156,0
97,42,103.947,0
97,49,119.218,0
97,61,129.283,0
97,62,115.849,0
97,66,111.4,0
97,70,17.1172,0
97,75,94.4034,0
97,78,22.0907,0
97,83,105.991,0
97,91,106.438,0
97,96,121.202,0
98,16,148.368,0
98,22,15,0
98,37,157.684,1.65247
98,46,187.628,9.95982
98,51,26.3059,0
98,84,139.488,0
99,30,160.854,0
99,40,62.7694,0
99,81,150.615,0
99,94,77.5242,0
