0,35,168.425,13.914
0,54,201.055,17.1842
1,2,76.4003,0
1,7,248.657,21.3202
1,12,231.013,16.5834
1,17,103.901,8.84615
1,19,166.941,9.33037
1,23,198.497,11.4422
1,26,56.0896,1.41736
1,28,75.3127,0
1,31,115.492,3.28715
1,34,115.694,0
1,36,239.124,17.2445
1,38,44.1814,0
1,40,120.075,0
1,41,115.831,8.23871
1,45,235.663,19.7602
1,47,172.148,14.0535
1,52,162.68,7.1915
1,55,123.794,0
1,67,238.476,20.3979
1,69,201.724,11.9069
1,72,102.33,6.27337
1,76,33.6155,0
1,79,255.813,21.5301
1,81,194.439,10.2604
1,82,228.086,19.0649
1,87,196.398,1.00695
1,88,141.397,0
1,90,112.539,0
1,98,138.777,3.82658
2,1,76.4003,0
2,4,313.104,21.9089
2,8,223.036,13.2276
2,12,153.681,12.8067
2,16,225.181,15.3563
2,17,165.999,11.1229
2,19,144.806,10.5221
2,23,138.03,11.8151
2,26,113.633,3.78716
2,28,103.774,0
2,31,136.131,6.10281
2,34,138.773,0
2,38,94.1754,0
2,40,140.73,0
2,41,135.416,3.91732
2,45,243.625,20.8463
2,47,236.487,19.6561
2,57,184.698,13.5842
2,60,207.253,14.0891
2,65,195.877,14.5804
2,67,209.852,15.9956
2,69,152.035,5.89346
2,72,35.1141,0
2,76,91.5478,0
2,78,249.683,20.043
2,82,224.785,16.9026
2,86,183.096,0
2,87,193.558,7.8446
2,90,38.4187,0
3,11,59.7746,0
3,13,14.4222,0
3,18,46.6154,0
3,20,140.264,0
3,29,64.405,0
3,32,122.544,0
3,33,112.361,0
3,50,205.58,7.61046
3,63,91.2195,0
3,66,228.229,19.4041
3,70,68.2422,0
3,77,178.899,0
3,84,92.4392,0
3,92,172.829,13.9226
3,99,80.1124,0
4,2,313.104,21.9089
4,5,216.813,18.0678
4,8,86.6116,3.02365
4,12,155.899,4.32494
4,16,133.748,10.551
4,20,183.763,3.83306
4,23,176.93,5.66284
4,37,67.5863,3.00383
4,42,230.99,19.3327
4,44,137.013,3.45401
4,49,63.1506,0
4,57,193.747,14.713
4,60,197.167,13.7655
4,62,90.97,2.716
4,65,138.409,11.7828
4,68,127.005,4.15693
4,72,310.122,20.0943
4,73,152.311,10.8186
4,74,249.448,20.6243
4,77,164.003,4.70196
4,89,35.3774,2.65331
4,90,242.302,20.0125
4,96,97.9238,3.32074
4,97,239.052,11.7636
5,4,216.813,18.0678
5,8,179.075,15.225
5,9,182.663,10.0236
5,16,130.035,0
5,21,135.247,1.03192
5,25,70.4557,0
5,37,217.727,16.9519
5,42,36.6742,0
5,44,184.092,0
5,49,158.552,10.2822
5,53,91.1373,0
5,57,192.676,0
5,60,179.402,0
5,62,180.492,14.9472
5,65,158.095,0
5,71,202.727,8.74088
5,73,128.456,0
5,74,15.2315,0
5,83,77.0065,0
5,89,254.18,21.7822
5,97,59.16,1.03505
6,9,169.145,0
6,10,72.45,0
6,30,130.74,0
6,39,83.0963,0
6,51,75.3923,0
6,61,134.826,0
6,71,146.014,0
6,80,114.285,0
6,85,70,0
6,91,71.0211,0
7,1,248.657,21.3202
7,17,148.525,12.5222
7,22,37.0135,0
7,24,210.316,16.5737
7,26,226.365,17.932
7,38,231.224,19.4403
7,43,186.35,12.2511
7,45,230.031,18.4289
7,47,222.121,8.35167
7,52,161.069,10.3317
7,55,124.985,10.1537
7,76,239,18.8931
7,88,259.005,19.9851
7,98,209.186,17.7094
8,2,223.036,13.2276
8,4,86.6116,3.02365
8,5,179.075,15.225
8,12,184.881,8.74694
8,16,59.3633,0
8,23,135.868,11.0451
8,25,232.617,16.0365
8,37,140.525,12.0062
8,42,153.883,12.8236
8,44,205.798,16.7719
8,49,42.4264,0
8,57,118.191,0
8,60,121.696,0
8,62,95.4778,2.78477
8,65,63.6318,0
8,68,213.253,17.2003
8,72,248.935,19.7123
8,73,78.7147,0
8,74,184.266,15.4905
8,83,233.055,15.4309
8,89,124.743,7.97388
8,90,186.643,12.3946
8,96,184.754,15.5034
8,97,193.524,13.8224
9,5,182.663,10.0236
9,6,169.145,0
9,10,160.801,0
9,16,205.209,16.9527
9,21,209.247,17.5433
9,25,165.093,12.9349
9,30,60.6712,0
9,39,86.0523,0
9,42,165.095,12.8474
9,53,146.132,11.9194
9,57,160.59,0
9,60,137.768,0
9,65,207.045,12.9124
9,71,24.6982,0
9,73,182.603,15.3693
9,74,197.692,10.4147
9,80,162.028,0
9,83,155.952,12.4941
9,91,104.202,0
10,6,72.45,0
10,9,160.801,0
10,27,138.698,0
10,30,148.492,0
10,39,90.2552,0
10,51,60.208,0
10,54,154.729,0
10,56,138.235,0
10,60,218.833,13.6922
10,61,80.2808,0
10,69,205.033,14.679
10,71,144.128,0
10,80,42.4264,0
10,85,40.4599,0
10,86,150.926,10.1088
10,87,156.954,7.71429
10,91,63.5059,0
10,95,187.579,0
11,3,59.7746,0
11,13,65.2763,0
11,18,36.0555,0
11,20,178.519,0
11,29,110.82,0
11,32,91.0055,0
11,33,77.0584,0
11,46,266.18,22.8259
11,63,47.5184,0
11,66,216.977,18.3127
11,70,103.247,0
11,84,149.272,0
11,92,207.933,17.3777
11,99,53.4509,0
12,1,231.013,16.5834
12,2,153.681,12.8067
12,4,155.899,4.32494
12,8,184.881,8.74694
12,16,169.929,13.213
12,19,159.459,13.1332
12,20,195.412,11.0762
12,23,52.345,0
12,37,187.138,16.0157
12,38,275.217,23.481
12,49,181.399,9.90843
12,50,258.055,21.559
12,57,179.663,13.003
12,60,194.772,12.649
12,62,246.528,6.54971
12,65,140.816,10.7741
12,67,204.104,10.8297
12,68,136.029,9.06863
12,72,145.761,12.504
12,73,186.919,13.4018
12,77,162.692,11.3476
12,78,251.754,20.7114
12,89,154.751,9.73959
12,90,170.252,6.8554
12,96,142.194,10.9524
13,3,14.4222,0
13,11,65.2763,0
13,18,43.6005,0
13,20,126.372,0
13,29,51.1077,0
13,32,116.211,0
13,33,107.299,0
13,46,302.197,23.6335
13,50,188.621,6.21829
13,63,89.4036,0
13,66,222.196,18.0101
13,68,182.538,0
13,70,53.8238,0
13,77,164.794,0
13,84,84.0536,0
13,92,159.422,13.2272
13,99,92.6607,0
14,15,157.806,13.3069
14,19,295.337,20.004
14,43,151.615,11.8942
14,45,172.887,14.4889
14,46,149.117,12.6039
14,47,273.04,21.348
14,48,140.014,0
14,50,277.19,3.85865
14,59,81.6088,0
14,64,195.285,16.5646
14,66,261.015,13.119
14,67,230.937,3.77684
14,78,202.04,0
14,82,164.897,12.9945
14,92,294.178,20.0049
14,93,74.7807,5.41791
15,14,157.806,13.3069
15,24,97.5141,0
15,43,104.046,1.97535
15,45,207.713,15.9055
15,47,231.923,16.1405
15,48,286.022,19.4215
15,59,226.222,17.239
15,64,36.6879,0
15,78,332.062,17.6837
15,82,218.334,17.6903
15,93,128.505,11.0211
16,2,225.181,15.3563
16,4,133.748,10.551
16,5,130.035,0
16,8,59.3633,0
16,9,205.209,16.9527
16,12,169.929,13.213
16,23,138.753,7.18991
16,25,173.566,0
16,37,195.26,14.6445
16,42,100.499,0
16,49,101.191,7.74594
16,53,179.402,0
16,57,69.2315,0
16,60,65.8635,0
16,62,148.699,12.7503
16,65,29.2062,0
16,69,154.379,0
16,71,202.117,11.086
16,73,20.3961,0
16,74,141.481,0
16,83,173.243,0
16,86,215.395,13.3537
16,89,165.529,12.4147
16,90,187.803,14.5485
16,96,236.766,16.5442
16,97,185.289,14.8554
17,1,103.901,8.84615
17,2,165.999,11.1229
17,7,148.525,12.5222
17,19,251.731,18.352
17,22,191.127,15.6992
17,26,74.9667,0
17,28,173.218,13.6061
17,31,210.314,15.453
17,34,246.508,21.0961
17,38,79.2384,4.83835
17,40,242.659,20.6812
17,41,205.299,17.5492
17,43,236.154,18.3129
17,45,216.666,11.4061
17,47,118.962,0
17,52,160.584,13.7441
17,55,133.361,11.2702
17,67,243.314,19.2557
17,72,193.259,16.5179
17,76,128.165,10.9937
17,78,302.98,21.3036
17,81,248.841,21.0282
17,82,236.648,15.5556
17,88,185.49,15.1191
17,90,204.651,11.8418
17,98,172.399,14.7879
18,3,46.6154,0
18,11,36.0555,0
18,13,43.6005,0
18,20,143,0
18,29,79,0
18,32,76.6942,0
18,33,65.8635,0
18,46,267.045,19.1587
18,50,242.498,20.4942
18,63,45.8039,0
18,66,192.71,14.234
18,70,68.4105,0
18,77,177.37,0
18,84,122.483,0
18,92,159.669,13.2567
18,99,84.5991,0
19,1,166.941,9.33037
19,2,144.806,10.5221
19,12,159.459,13.1332
19,14,295.337,20.004
19,17,251.731,18.352
19,20,174.723,0
19,23,201.202,15.4281
19,26,173.174,14.8474
19,38,160.865,13.6334
19,43,173.072,4.55854
19,45,94.3663,0
19,46,308.849,21.0699
19,47,172.162,14.5832
19,48,190.307,15.2767
19,50,187.711,15.8698
19,59,223.827,17.1255
19,66,276.3,23.6193
19,67,59.6154,0
19,68,151.268,0
19,72,109.626,9.13547
19,76,201.546,10.6178
19,77,137.481,0
19,78,100.2,7.72429
19,82,86.2148,0
19,90,185.325,15.7684
19,92,240.902,19.7718
19,96,178.317,0
20,3,140.264,0
20,4,183.763,3.83306
20,11,178.519,0
20,12,195.412,11.0762
20,13,126.372,0
20,18,143,0
20,19,174.723,0
20,29,76.3806,0
20,32,243.192,20.2234
20,33,226.017,19.2257
20,37,151.832,0
20,44,174.451,0
20,46,185.904,7.65212
20,48,268.073,22.1938
20,50,117.892,6.80346
20,63,176.372,2.45911
20,66,173.249,14.5826
20,67,221.148,12.6525
20,68,59.4811,0
20,70,75.6637,0
20,77,39.6611,0
20,78,252.966,21.6457
20,84,85,0
20,89,151.003,0
20,92,96.0981,3.06827
20,96,87.2067,0
21,5,135.247,1.03192
21,9,209.247,17.5433
21,25,67.6618,1.10657
21,30,234.673,20.0551
21,42,144.41,1.16396
21,53,58.9087,0.626083
21,71,226.064,18.9935
21,74,137.555,1.00361
21,83,65.9478,1.2175
21,97,215.189,13.8655
22,7,37.0135,0
22,17,191.127,15.6992
22,24,183.96,15.2405
22,26,252.774,21.6822
22,38,264.428,22.6345
22,43,196.918,13.5682
22,47,223.651,18.4524
22,52,187.874,15.5684
22,55,180.798,15.5023
22,64,214.344,10.044
22,88,309.365,23.5113
22,98,249.513,21.3532
23,1,198.497,11.4422
23,2,138.03,11.8151
23,4,176.93,5.66284
23,8,135.868,11.0451
23,12,52.345,0
23,16,138.753,7.18991
23,19,201.202,15.4281
23,26,293.663,23.1737
23,28,244.555,19.1815
23,37,228.013,18.4977
23,38,239.486,20.0974
23,49,189.709,10.8069
23,57,138.015,6.24921
23,60,157.061,6.31716
23,62,260.639,8.17857
23,65,112.545,6.60248
23,67,256.448,21.8563
23,68,187.811,15.7885
23,69,265.261,20.7219
23,72,130,11.1429
23,73,154.958,7.09026
23,76,233.213,17.3581
23,77,220.634,18.8749
23,89,188.79,10.9172
23,90,124.383,5.81348
23,96,198.087,16.9487
24,7,210.316,16.5737
24,15,97.5141,0
24,22,183.96,15.2405
24,43,148.937,3.89378
24,64,68.4763,0
24,93,221.861,14.0569
25,5,70.4557,0
25,8,232.617,16.0365
25,9,165.093,12.9349
25,16,173.566,0
25,21,67.6618,1.10657
25,30,201.984,14.1946
25,42,76.844,0
25,53,24.6982,0
25,62,248.892,20.4903
25,71,184.125,13.4097
25,73,164.259,0
25,74,76.2365,0
25,83,9.89949,0
25,97,146.813,9.40167
26,1,56.0896,1.41736
26,2,113.633,3.78716
26,7,226.365,17.932
26,17,74.9667,0
26,19,173.174,14.8474
26,22,252.774,21.6822
26,23,293.663,23.1737
26,28,130.487,1.47005
26,31,169.16,3.80483
26,34,183.233,7.31338
26,38,17.7361,1.40762
26,40,175.725,1.97231
26,41,170.447,10.5119
26,43,250.049,17.4113
26,45,171.988,13.2583
26,47,119.683,0
26,52,228.592,17.8342
26,55,197.785,14.7236
26,67,195.895,16.4337
26,72,162.678,10.6726
26,76,86.2299,1.46603
26,78,246.081,20.1128
26,82,174.518,14.9707
26,88,201.348,14.2658
26,90,151.814,3.80446
26,98,214.118,18.284
27,10,138.698,0
27,28,195.193,9.32275
27,31,173.971,12.5769
27,34,186.626,15.964
27,35,141.839,5.13001
27,36,69.857,0
27,40,177.897,15.1461
27,41,243.315,19.4711
27,51,137.557,0
27,54,75.4718,0
27,56,16.1245,0
27,58,77.201,0
27,61,69.9714,0
27,69,169.726,11.2553
27,75,201.731,13.9433
27,79,67.1863,0
27,80,114.162,0
27,81,216.988,13.4022
27,85,133.843,0
27,86,128.607,9.34124
27,87,123.439,10.135
27,94,136.965,5.04743
27,95,50.6063,0
28,1,75.3127,0
28,2,103.774,0
28,17,173.218,13.6061
28,23,244.555,19.1815
28,26,130.487,1.47005
28,27,195.193,9.32275
28,31,39.269,2.14706
28,34,40.8534,0
28,36,155.407,12.3553
28,38,119.365,0
28,40,44.9222,0
28,41,35.1461,2.92884
28,47,252.004,21.2906
28,52,180.35,8.20373
28,55,145.169,0.659745
28,56,226.695,15.0655
28,57,214.313,13.0015
28,58,167.324,13.0382
28,69,119.503,0
28,72,141.199,3.75643
28,75,242.22,19.8831
28,76,45.0999,0
28,79,135.794,8.42038
28,81,220.352,13.9473
28,86,169.014,10.3161
28,87,154.423,10.689
28,88,143.303,8.85104
28,90,122.004,0
28,94,221.467,16.7788
28,95,169.923,10.6945
28,98,136.714,5.82489
29,3,64.405,0
29,11,110.82,0
29,13,51.1077,0
29,18,79,0
29,20,76.3806,0
29,32,157.97,11.1696
29,33,125.67,0
29,46,283.255,22.1877
29,50,158.015,6.71394
29,63,119.101,0
29,66,205.718,16.2589
29,68,131.469,0
29,70,22.2036,0
29,77,115.624,0
29,84,49.4065,0
29,92,113.833,6.91735
29,96,148.327,0
29,99,143.757,0
30,6,130.74,0
30,9,60.6712,0
30,10,148.492,0
30,21,234.673,20.0551
30,25,201.984,14.1946
30,39,58.3095,0
30,42,187.511,1.12248
30,51,192.938,0
30,53,178.845,13.4655
30,60,215.201,10.8829
30,71,39.2046,0
30,80,165.463,0
30,83,193.193,14.2091
30,85,178.07,0
30,91,85,0
31,1,115.492,3.28715
31,2,136.131,6.10281
31,17,210.314,15.453
31,26,169.16,3.80483
31,27,173.971,12.5769
31,28,39.269,2.14706
31,34,21.4603,0.91435
31,36,114.35,7.96674
31,38,159.673,3.35295
31,40,22.6299,1.39773
31,41,38.3181,3.15313
31,52,236.518,18.2575
31,55,195.998,10.7279
31,56,192.755,13.885
31,57,184.234,6.97858
31,58,123.037,6.65239
31,60,202.534,8.05832
31,69,112.817,7.18163
31,72,171.784,7.38973
31,75,213.835,18.2918
31,76,84.3291,2.35095
31,79,109.419,8.35795
31,80,232.105,15.9721
31,81,226.426,14.2704
31,86,144.455,11.369
31,87,113.188,7.3833
31,88,171.346,12.8993
31,90,164.612,12.4453
31,94,171.349,14.5071
31,95,138.992,9.3751
31,98,187.533,15.2322
32,3,122.544,0
32,11,91.0055,0
32,13,116.211,0
32,18,76.6942,0
32,20,243.192,20.2234
32,29,157.97,11.1696
32,33,14.5602,0
32,46,155.459,11.9741
32,48,332.52,2.26117
32,50,216.326,15.0428
32,59,334.562,13.3317
32,63,44.7214,0
32,66,131.637,1.95123
32,70,145.427,12.1501
32,77,264.132,22.6106
32,84,199.134,9.08007
32,92,162.828,1.49735
32,99,143.014,0
33,3,112.361,0
33,11,77.0584,0
33,13,107.299,0
33,18,65.8635,0
33,20,226.017,19.2257
33,29,125.67,0
33,32,14.5602,0
33,46,171.978,14.0809
33,48,349.322,7.33536
33,50,227.98,17.1853
33,63,30.2655,0
33,66,145.72,6.38476
33,70,116.078,4.3969
33,77,257.466,21.7907
33,84,174.642,0
33,92,162.107,7.99786
33,99,128.658,0
34,1,115.694,0
34,2,138.773,0
34,17,246.508,21.0961
34,26,183.233,7.31338
34,27,186.626,15.964
34,28,40.8534,0
34,31,21.4603,0.91435
34,36,103.026,8.17665
34,38,160.474,0.507789
34,40,5.38516,0
34,41,42.3558,1.66617
34,52,237.517,19.9636
34,55,206.218,16.0189
34,56,200.633,16.85
34,57,205.032,8.24144
34,58,114.789,8.60919
34,69,123.281,5.81184
34,72,174.652,1.98248
34,75,186.28,15.9166
34,76,98.0085,5.87978
34,79,96.0487,7.66388
34,81,198.704,11.6675
34,86,131.268,4.4094
34,87,113.958,5.16353
34,88,159.688,13.0063
34,90,171.238,9.17346
34,94,147.424,12.575
34,95,123.767,8.30199
34,98,185.447,15.9088
35,0,168.425,13.914
35,27,141.839,5.13001
35,36,147.99,6.05413
35,54,108.925,5.6443
35,56,148.738,10.7869
35,58,135.318,6.57798
35,61,204.253,14.3475
35,75,240.223,13.8186
35,79,156.465,5.88302
35,81,293.824,21.1643
35,94,199.209,14.7894
35,95,129.42,5.42418
36,1,239.124,17.2445
36,27,69.857,0
36,28,155.407,12.3553
36,31,114.35,7.96674
36,34,103.026,8.17665
36,35,147.99,6.05413
36,40,92.2206,6.14804
36,41,127.605,10.0428
36,54,128.561,0
36,56,80.5233,0
36,58,18.1108,0
36,61,139.542,0
36,69,159.323,7.95046
36,75,133.07,10.0774
36,76,209.764,16.955
36,79,11.0454,0
36,80,170.647,0.618222
36,81,147.773,11.4609
36,86,135.615,5.47505
36,87,104.389,0
36,88,197.836,16.4228
36,94,75.8819,4.56671
36,95,24.1868,0
36,98,216.426,17.3761
37,4,67.5863,3.00383
37,5,217.727,16.9519
37,8,140.525,12.0062
37,12,187.138,16.0157
37,16,195.26,14.6445
37,20,151.832,0
37,23,228.013,18.4977
37,42,223.291,17.2469
37,44,70.7107,0
37,49,99.2637,8.06258
37,62,67.213,3.55567
37,65,188.192,12.0297
37,68,105.475,0
37,73,217.222,16.0751
37,74,191.794,10.185
37,77,143.757,0
37,84,166.481,0
37,89,39.2046,0
37,96,68,0
37,97,135.279,4.49219
38,1,44.1814,0
38,2,94.1754,0
38,7,231.224,19.4403
38,12,275.217,23.481
38,17,79.2384,4.83835
38,19,160.865,13.6334
38,22,264.428,22.6345
38,23,239.486,20.0974
38,26,17.7361,1.40762
38,28,119.365,0
38,31,159.673,3.35295
38,34,160.474,0.507789
38,40,163.957,0
38,41,159.542,9.16029
38,43,257.495,19.4162
38,45,177.979,14.2028
38,47,135.032,2.38746
38,52,216.535,18.5392
38,55,183.991,15.7521
38,67,198.371,16.6788
38,72,115.001,9.45355
38,76,75.9605,0
38,78,251.07,20.337
38,82,188.141,15.971
38,88,165.024,0
38,90,132.548,0
38,98,175.446,10.7489
39,6,83.0963,0
39,9,86.0523,0
39,10,90.2552,0
39,30,58.3095,0
39,51,136.312,0
39,53,227.159,14.5206
39,60,206.03,12.445
39,61,170.426,0
39,71,63.2851,0
39,80,110.788,0
39,85,120.503,0
39,86,208.411,13.028
39,91,26.9258,0
40,1,120.075,0
40,2,140.73,0
40,17,242.659,20.6812
40,26,175.725,1.97231
40,27,177.897,15.1461
40,28,44.9222,0
40,31,22.6299,1.39773
40,34,5.38516,0
40,36,92.2206,6.14804
40,38,163.957,0
40,41,46.7277,3.26513
40,52,242.095,20.1745
40,55,211.244,16.1521
40,56,191.027,15.7687
40,57,197.134,6.10177
40,58,105.264,6.56287
40,61,200.468,4.77039
40,69,120.323,6.11126
40,72,176.965,1.93558
40,75,180.253,14.9334
40,76,92.5921,1.92138
40,79,87.2486,6.34174
40,80,223.523,13.4097
40,81,200.151,12.6767
40,86,126.416,4.45698
40,87,107.692,4.68534
40,88,163.468,13.0858
40,90,186.06,13.5893
40,94,151.907,13.0298
40,95,114.9,6.58039
40,98,191.136,16.3922
41,1,115.831,8.23871
41,2,135.416,3.91732
41,17,205.299,17.5492
41,26,170.447,10.5119
41,27,243.315,19.4711
41,28,35.1461,2.92884
41,31,38.3181,3.15313
41,34,42.3558,1.66617
41,36,127.605,10.0428
41,38,159.542,9.16029
41,40,46.7277,3.26513
41,52,198.171,15.0425
41,55,165.384,9.7257
41,56,236.026,20.1109
41,58,155.285,13.3188
41,69,150.456,10.4121
41,72,177.868,9.17913
41,75,211.145,17.054
41,76,83.4929,7.03505
41,79,140.932,11.8945
41,81,195.127,10.2228
41,86,170.207,11.5216
41,87,149.029,10.3689
41,88,134.907,9.87357
41,90,149.903,3.02724
41,94,185.082,13.8812
41,95,162.33,13.3338
41,98,149.513,12.1043
42,4,230.99,19.3327
42,5,36.6742,0
42,8,153.883,12.8236
42,9,165.095,12.8474
42,16,100.499,0
42,21,144.41,1.16396
42,25,76.844,0
42,30,187.511,1.12248
42,37,223.291,17.2469
42,49,179.196,15.2798
42,53,89.5377,0
42,57,158.862,0
42,60,144.257,0
42,62,138.175,7.99333
42,65,129.541,0
42,71,188.022,13.1497
42,73,95.5196,0
42,74,51.6624,0
42,83,79.177,0
42,89,208.095,13.5356
42,97,84.138,0.678161
43,7,186.35,12.2511
43,14,151.615,11.8942
43,15,104.046,1.97535
43,17,236.154,18.3129
43,19,173.072,4.55854
43,22,196.918,13.5682
43,24,148.937,3.89378
43,26,250.049,17.4113
43,38,257.495,19.4162
43,45,78.7721,4.04387
43,46,345.593,12.8925
43,47,131.371,11.2683
43,48,250.799,0
43,59,206.126,0.512725
43,64,128.762,2.71684
43,67,154.657,13.2334
43,78,228.698,3.42858
43,82,117.977,9.87978
43,93,194.889,15.1861
44,4,137.013,3.45401
44,5,184.092,0
44,8,205.798,16.7719
44,20,174.451,0
44,37,70.7107,0
44,49,159.861,9.62074
44,62,114.598,2.99602
44,68,148.408,0
44,74,198.735,10.1102
44,77,181.951,0
44,84,151.908,0
44,89,109.895,0
44,96,113.596,0
44,97,130.952,1.48644
45,1,235.663,19.7602
45,2,243.625,20.8463
45,7,230.031,18.4289
45,14,172.887,14.4889
45,15,207.713,15.9055
45,17,216.666,11.4061
45,19,94.3663,0
45,26,171.988,13.2583
45,38,177.979,14.2028
45,43,78.7721,4.04387
45,46,317.897,13.0919
45,47,101.143,8.37295
45,48,176.696,9.17189
45,50,276.248,14.1596
45,59,151.412,11.6376
45,64,211.71,9.08665
45,67,49.366,0
45,72,175.907,11.7762
45,76,255.687,21.4185
45,78,101.475,8.62368
45,82,20.2485,0
45,93,290.327,10.9348
46,11,266.18,22.8259
46,13,302.197,23.6335
46,14,149.117,12.6039
46,18,267.045,19.1587
46,19,308.849,21.0699
46,20,185.904,7.65212
46,29,283.255,22.1877
46,32,155.459,11.9741
46,33,171.978,14.0809
46,43,345.593,12.8925
46,45,317.897,13.0919
46,48,141.604,3.70206
46,50,150.163,4.89259
46,59,163.09,3.5301
46,63,210.434,17.7934
46,66,87.4206,4.17171
46,67,278.33,6.99725
46,70,270.104,16.7397
46,77,197.035,11.6771
46,78,225.733,3.88166
46,82,294.43,8.01733
46,92,135.193,10.4557
46,93,149.245,11.4191
47,1,172.148,14.0535
47,2,236.487,19.6561
47,7,222.121,8.35167
47,14,273.04,21.348
47,15,231.923,16.1405
47,17,118.962,0
47,19,172.162,14.5832
47,22,223.651,18.4524
47,26,119.683,0
47,28,252.004,21.2906
47,38,135.032,2.38746
47,43,131.371,11.2683
47,45,101.143,8.37295
47,48,277.783,18.81
47,52,223.487,19.1392
47,55,187.587,15.4769
47,59,243.844,20.0747
47,67,150.127,12.8526
47,72,264.533,6.32479
47,76,208.084,17.5886
47,78,201.694,16.7103
47,82,122.589,10.5162
47,90,273.134,23.4254
47,98,286.376,21.6574
48,14,140.014,0
48,15,286.022,19.4215
48,19,190.307,15.2767
48,20,268.073,22.1938
48,32,332.52,2.26117
48,33,349.322,7.33536
48,43,250.799,0
48,45,176.696,9.17189
48,46,141.604,3.70206
48,47,277.783,18.81
48,50,153.688,0
48,59,60.4649,0
48,66,184.92,9.4074
48,67,140.996,3.43168
48,77,250.941,19.7616
48,78,91.214,0
48,82,151.936,4.70277
48,92,206.245,13.512
48,93,165.98,13.9648
49,4,63.1506,0
49,5,158.552,10.2822
49,8,42.4264,0
49,12,181.399,9.90843
49,16,101.191,7.74594
49,23,189.709,10.8069
49,37,99.2637,8.06258
49,42,179.196,15.2798
49,44,159.861,9.62074
49,57,158.29,8.32165
49,60,163.509,8.81886
49,62,62.1138,1.7608
49,65,103.587,7.43348
49,68,185.204,13.6661
49,73,121.284,8.60237
49,74,164.523,11.0294
49,77,224.735,15.4864
49,89,84.1039,6.96413
49,90,226.14,19.0477
49,96,149.332,11.0651
49,97,175.611,13.659
50,3,205.58,7.61046
50,12,258.055,21.559
50,13,188.621,6.21829
50,14,277.19,3.85865
50,18,242.498,20.4942
50,19,187.711,15.8698
50,20,117.892,6.80346
50,29,158.015,6.71394
50,32,216.326,15.0428
50,33,227.98,17.1853
50,45,276.248,14.1596
50,46,150.163,4.89259
50,48,153.688,0
50,59,212.462,0
50,63,248.204,20.6836
50,66,84.2965,6.62608
50,67,214.222,4.46582
50,68,144.805,6.84247
50,70,138.99,5.86578
50,77,106.425,6.27744
50,78,174.642,0
50,82,257.728,6.8325
50,84,191.509,7.01102
50,92,83.9657,7.18373
50,93,282.739,21.4808
50,96,182.702,7.1238
51,6,75.3923,0
51,10,60.208,0
51,27,137.557,0
51,30,192.938,0
51,39,136.312,0
51,54,154.573,11.9203
51,56,130.208,0
51,61,67.6018,0
51,80,90.802,0
51,85,19.799,0
51,86,183.091,7.70692
51,87,174.141,0
51,91,112.641,0
51,95,187.832,0
52,1,162.68,7.1915
52,7,161.069,10.3317
52,17,160.584,13.7441
52,22,187.874,15.5684
52,26,228.592,17.8342
52,28,180.35,8.20373
52,31,236.518,18.2575
52,34,237.517,19.9636
52,38,216.535,18.5392
52,40,242.095,20.1745
52,41,198.171,15.0425
52,47,223.487,19.1392
52,55,34,2.86957
52,75,276.67,13.043
52,76,158.891,9.05839
52,81,216.033,5.36925
52,88,125.861,5.66346
52,94,330.716,10.0493
52,98,80.8187,5.90529
53,5,91.1373,0
53,9,146.132,11.9194
53,16,179.402,0
53,21,58.9087,0.626083
53,25,24.6982,0
53,30,178.845,13.4655
53,39,227.159,14.5206
53,42,89.5377,0
53,71,165.093,12.9349
53,73,167.622,0
53,74,98.8433,0
53,83,15.2315,0
53,97,164.619,8.00233
54,0,201.055,17.1842
54,10,154.729,0
54,27,75.4718,0
54,35,108.925,5.6443
54,36,128.561,0
54,51,154.573,11.9203
54,56,59.3633,0
54,58,126.143,0
54,61,76.1052,0
54,79,131.034,0
54,80,150.443,0
54,85,160.222,11.6807
54,86,192.07,8.58571
54,87,198.303,12.9558
54,94,177.644,7.07878
54,95,104.389,0
55,1,123.794,0
55,7,124.985,10.1537
55,17,133.361,11.2702
55,22,180.798,15.5023
55,26,197.785,14.7236
55,28,145.169,0.659745
55,31,195.998,10.7279
55,34,206.218,16.0189
55,38,183.991,15.7521
55,40,211.244,16.1521
55,41,165.384,9.7257
55,47,187.587,15.4769
55,52,34,2.86957
55,75,262.428,18.1142
55,76,116.297,0
55,81,193.197,12.8798
55,88,95.187,8.07167
55,94,240.097,20.3719
55,98,55.4464,3.34609
56,10,138.235,0
56,27,16.1245,0
56,28,226.695,15.0655
56,31,192.755,13.885
56,34,200.633,16.85
56,35,148.738,10.7869
56,36,80.5233,0
56,40,191.027,15.7687
56,41,236.026,20.1109
56,51,130.208,0
56,54,59.3633,0
56,58,84.9706,0
56,61,63.6553,0
56,69,188.342,12.6174
56,75,205.599,13.8928
56,79,79.511,0
56,80,118.258,0
56,81,226.645,14.1571
56,85,128.693,0
56,86,139.784,8.93047
56,87,139.765,11.0925
56,94,142.663,5.14874
56,95,58.6941,0
57,2,184.698,13.5842
57,4,193.747,14.713
57,5,192.676,0
57,8,118.191,0
57,9,160.59,0
57,12,179.663,13.003
57,16,69.2315,0
57,23,138.015,6.24921
57,28,214.313,13.0015
57,31,184.234,6.97858
57,34,205.032,8.24144
57,40,197.134,6.10177
57,42,158.862,0
57,49,158.29,8.32165
57,60,22.8254,0
57,62,217.118,17.3392
57,65,54.6443,0
57,69,85.1587,0
57,71,199.001,10.5677
57,72,224.787,18.2327
57,73,64.3817,0
57,80,178.138,6.46727
57,86,166.498,14.2566
57,87,166.651,13.4984
57,89,233.792,18.5549
57,90,157.956,13.5318
57,91,195.882,2.91791
58,27,77.201,0
58,28,167.324,13.0382
58,31,123.037,6.65239
58,34,114.789,8.60919
58,35,135.318,6.57798
58,36,18.1108,0
58,40,105.264,6.56287
58,41,155.285,13.3188
58,54,126.143,0
58,56,84.9706,0
58,61,146.997,0
58,69,177.383,8.07668
58,75,121.633,10.1018
58,76,244.098,20.8894
58,79,29.1548,0
58,80,183.076,0
58,81,141.597,11.6571
58,86,157.146,7.13776
58,87,122.201,0
58,88,180.923,13.7505
58,94,62.4682,4.63059
58,95,26.6271,0
58,98,213.154,17.2891
59,14,81.6088,0
59,15,226.222,17.239
59,19,223.827,17.1255
59,32,334.562,13.3317
59,43,206.126,0.512725
59,45,151.412,11.6376
59,46,163.09,3.5301
59,47,243.844,20.0747
59,48,60.4649,0
59,50,212.462,0
59,64,261.492,22.1987
59,66,232.008,7.42141
59,67,162.28,3.62979
59,77,310.519,22.3005
59,78,124.74,0
59,82,151.217,3.95339
59,92,257.709,14.4011
59,93,143.995,9.06265
60,2,207.253,14.0891
60,4,197.167,13.7655
60,5,179.402,0
60,8,121.696,0
60,9,137.768,0
60,10,218.833,13.6922
60,12,194.772,12.649
60,16,65.8635,0
60,23,157.061,6.31716
60,30,215.201,10.8829
60,31,202.534,8.05832
60,39,206.03,12.445
60,42,144.257,0
60,49,163.509,8.81886
60,57,22.8254,0
60,62,219.137,17.5317
60,65,61.2944,0
60,69,113.225,7.30927
60,71,170.933,8.35249
60,73,54.5711,0
60,74,193.093,0
60,80,187.841,13.1614
60,86,143.229,9.92975
60,87,168.521,13.0614
60,89,234.959,17.1119
60,90,180.905,15.0437
60,91,187.704,7.34846
61,6,134.826,0
61,10,80.2808,0
61,27,69.9714,0
61,35,204.253,14.3475
61,36,139.542,0
61,39,170.426,0
61,40,200.468,4.77039
61,51,67.6018,0
61,54,76.1052,0
61,56,63.6553,0
61,58,146.997,0
61,69,165.919,0
61,79,135.772,0
61,80,75.5844,0
61,85,65.0692,0
61,86,131.378,5.16809
61,87,134.463,5.68971
61,91,143.562,0
61,95,120.37,0
62,4,90.97,2.716
62,5,180.492,14.9472
62,8,95.4778,2.78477
62,12,246.528,6.54971
62,16,148.699,12.7503
62,23,260.639,8.17857
62,25,248.892,20.4903
62,37,67.213,3.55567
62,42,138.175,7.99333
62,44,114.598,2.99602
62,49,62.1138,1.7608
62,57,217.118,17.3392
62,60,219.137,17.5317
62,65,159.464,13.665
62,68,164.781,5.71056
62,73,176.536,15.0189
62,74,202.444,12.8515
62,77,202.976,5.86369
62,83,250.235,19.9956
62,89,71.3538,5.09522
62,96,128.334,4.62067
62,97,124.675,10.656
63,3,91.2195,0
63,11,47.5184,0
63,13,89.4036,0
63,18,45.8039,0
63,20,176.372,2.45911
63,29,119.101,0
63,32,44.7214,0
63,33,30.2655,0
63,46,210.434,17.7934
63,50,248.204,20.6836
63,66,171.097,12.9538
63,70,103.392,0
63,84,165.747,0
63,92,178.75,12.8906
63,99,98.4124,0
64,14,195.285,16.5646
64,15,36.6879,0
64,22,214.344,10.044
64,24,68.4763,0
64,43,128.762,2.71684
64,45,211.71,9.08665
64,59,261.492,22.1987
64,93,168.048,14.1081
65,2,195.877,14.5804
65,4,138.409,11.7828
65,5,158.095,0
65,8,63.6318,0
65,9,207.045,12.9124
65,12,140.816,10.7741
65,16,29.2062,0
65,23,112.545,6.60248
65,37,188.192,12.0297
65,42,129.541,0
65,49,103.587,7.43348
65,57,54.6443,0
65,60,61.2944,0
65,62,159.464,13.665
65,69,136.624,0
65,72,205.599,13.8928
65,73,42.4853,0
65,74,168.908,0
65,86,221.844,17.9459
65,87,184.926,1.63063
65,89,174.55,14.7319
65,90,158.414,13.2012
65,96,244.392,19.8956
65,97,249.451,20.7876
66,3,228.229,19.4041
66,11,216.977,18.3127
66,13,222.196,18.0101
66,14,261.015,13.119
66,18,192.71,14.234
66,19,276.3,23.6193
66,20,173.249,14.5826
66,29,205.718,16.2589
66,32,131.637,1.95123
66,33,145.72,6.38476
66,46,87.4206,4.17171
66,48,184.92,9.4074
66,50,84.2965,6.62608
66,59,232.008,7.42141
66,63,171.097,12.9538
66,67,293.604,14.5054
66,68,196.913,9.52981
66,70,183.821,12.1685
66,77,155.763,7.98391
66,78,245.889,10.9284
66,82,327.48,15.1055
66,84,243.539,20.7501
66,92,79.6492,0
66,93,236.665,20.3026
67,1,238.476,20.3979
67,2,209.852,15.9956
67,12,204.104,10.8297
67,14,230.937,3.77684
67,17,243.314,19.2557
67,19,59.6154,0
67,20,221.148,12.6525
67,23,256.448,21.8563
67,26,195.895,16.4337
67,38,198.371,16.6788
67,43,154.657,13.2334
67,45,49.366,0
67,46,278.33,6.99725
67,47,150.127,12.8526
67,48,140.996,3.43168
67,50,214.222,4.46582
67,59,162.28,3.62979
67,66,293.604,14.5054
67,68,185.397,0
67,72,149.038,7.03938
67,77,160.639,0
67,78,52.5,2.8125
67,82,32.6956,0
67,90,251.781,20.7723
67,92,293.257,16.9237
67,93,303.695,11.4407
68,4,127.005,4.15693
68,8,213.253,17.2003
68,12,136.029,9.06863
68,13,182.538,0
68,19,151.268,0
68,20,59.4811,0
68,23,187.811,15.7885
68,29,131.469,0
68,37,105.475,0
68,44,148.408,0
68,49,185.204,13.6661
68,50,144.805,6.84247
68,62,164.781,5.71056
68,66,196.913,9.52981
68,67,185.397,0
68,70,134.332,0
68,72,230.759,16.0146
68,77,38.4838,0
68,78,235.367,19.2938
68,84,122.886,0
68,89,95.352,0
68,92,146.669,3.36071
68,96,37.8021,0
69,1,201.724,11.9069
69,2,152.035,5.89346
69,10,205.033,14.679
69,16,154.379,0
69,23,265.261,20.7219
69,27,169.726,11.2553
69,28,119.503,0
69,31,112.817,7.18163
69,34,123.281,5.81184
69,36,159.323,7.95046
69,40,120.323,6.11126
69,41,150.456,10.4121
69,56,188.342,12.6174
69,57,85.1587,0
69,58,177.383,8.07668
69,60,113.225,7.30927
69,61,165.919,0
69,65,136.624,0
69,72,185.702,6.03153
69,73,158.177,4.66737
69,76,156.157,0
69,79,150.37,8.57263
69,80,161.046,12.8197
69,86,46.2385,0
69,87,48.1041,0
69,90,134.206,6.39594
69,91,228.714,16.1962
69,95,159.394,4.44907
70,3,68.2422,0
70,11,103.247,0
70,13,53.8238,0
70,18,68.4105,0
70,20,75.6637,0
70,29,22.2036,0
70,32,145.427,12.1501
70,33,116.078,4.3969
70,46,270.104,16.7397
70,50,138.99,5.86578
70,63,103.392,0
70,66,183.821,12.1685
70,68,134.332,0
70,77,112.446,0
70,84,70.8378,0
70,92,106.06,9.06946
70,96,156.109,0
70,99,143.056,0
71,5,202.727,8.74088
71,6,146.014,0
71,9,24.6982,0
71,10,144.128,0
71,16,202.117,11.086
71,21,226.064,18.9935
71,25,184.125,13.4097
71,30,39.2046,0
71,39,63.2851,0
71,42,188.022,13.1497
71,53,165.093,12.9349
71,57,199.001,10.5677
71,60,170.933,8.35249
71,73,178.015,9.44949
71,80,150.921,0
71,83,174.537,13.0426
71,85,179.477,0
71,86,230.221,14.5996
71,91,84.119,0
72,1,102.33,6.27337
72,2,35.1141,0
72,4,310.122,20.0943
72,8,248.935,19.7123
72,12,145.761,12.504
72,17,193.259,16.5179
72,19,109.626,9.13547
72,23,130,11.1429
72,26,162.678,10.6726
72,28,141.199,3.75643
72,31,171.784,7.38973
72,34,174.652,1.98248
72,38,115.001,9.45355
72,40,176.965,1.93558
72,41,177.868,9.17913
72,45,175.907,11.7762
72,47,264.533,6.32479
72,57,224.787,18.2327
72,65,205.599,13.8928
72,67,149.038,7.03938
72,68,230.759,16.0146
72,69,185.702,6.03153
72,76,123.536,5.32354
72,77,228.574,14.8996
72,78,204.808,16.406
72,82,163.73,6.84356
72,90,59.7746,0
73,4,152.311,10.8186
73,5,128.456,0
73,8,78.7147,0
73,9,182.603,15.3693
73,12,186.919,13.4018
73,16,20.3961,0
73,23,154.958,7.09026
73,25,164.259,0
73,37,217.222,16.0751
73,42,95.5196,0
73,49,121.284,8.60237
73,53,167.622,0
73,57,64.3817,0
73,60,54.5711,0
73,62,176.536,15.0189
73,65,42.4853,0
73,69,158.177,4.66737
73,71,178.015,9.44949
73,74,141.283,0
73,83,162.89,0
73,86,194.352,9.57513
73,87,223.147,14.4872
73,89,183.867,12.5077
73,90,198.918,15.2096
73,97,172.038,9.52191
74,4,249.448,20.6243
74,5,15.2315,0
74,8,184.266,15.4905
74,9,197.692,10.4147
74,16,141.481,0
74,21,137.555,1.00361
74,25,76.2365,0
74,37,191.794,10.185
74,42,51.6624,0
74,44,198.735,10.1102
74,49,164.523,11.0294
74,53,98.8433,0
74,60,193.093,0
74,62,202.444,12.8515
74,65,168.908,0
74,73,141.283,0
74,83,84.0119,0
74,89,273.144,22.1425
74,97,67.739,5.80805
75,27,201.731,13.9433
75,28,242.22,19.8831
75,31,213.835,18.2918
75,34,186.28,15.9166
75,35,240.223,13.8186
75,36,133.07,10.0774
75,40,180.253,14.9334
75,41,211.145,17.054
75,52,276.67,13.043
75,55,262.428,18.1142
75,56,205.599,13.8928
75,58,121.633,10.1018
75,76,244.894,20.8527
75,79,138.542,9.2361
75,81,66.4248,5.5354
75,88,155.32,8.863
75,94,60.2384,5.12954
75,95,148.712,11.6225
75,98,204.608,8.19804
76,1,33.6155,0
76,2,91.5478,0
76,7,239,18.8931
76,17,128.165,10.9937
76,19,201.546,10.6178
76,23,233.213,17.3581
76,26,86.2299,1.46603
76,28,45.0999,0
76,31,84.3291,2.35095
76,34,98.0085,5.87978
76,36,209.764,16.955
76,38,75.9605,0
76,40,92.5921,1.92138
76,41,83.4929,7.03505
76,45,255.687,21.4185
76,47,208.084,17.5886
76,52,158.891,9.05839
76,55,116.297,0
76,58,244.098,20.8894
76,69,156.157,0
76,72,123.536,5.32354
76,75,244.894,20.8527
76,79,224.388,19.2353
76,81,161.511,8.65239
76,86,191.487,2.626
76,87,184.127,6.29021
76,88,117.546,0
76,90,121.807,0
76,94,191.155,10.2404
76,95,233.147,17.7972
76,98,119.043,3.71307
77,3,178.899,0
77,4,164.003,4.70196
77,12,162.692,11.3476
77,13,164.794,0
77,18,177.37,0
77,19,137.481,0
77,20,39.6611,0
77,23,220.634,18.8749
77,29,115.624,0
77,32,264.132,22.6106
77,33,257.466,21.7907
77,37,143.757,0
77,44,181.951,0
77,46,197.035,11.6771
77,48,250.941,19.7616
77,49,224.735,15.4864
77,50,106.425,6.27744
77,59,310.519,22.3005
77,62,202.976,5.86369
77,66,155.763,7.98391
77,67,160.639,0
77,68,38.4838,0
77,70,112.446,0
77,72,228.574,14.8996
77,78,210.644,18.0667
77,82,205.955,6.19968
77,84,122.123,0
77,89,132.91,0
77,92,110.13,3.26598
77,96,75.8024,0
78,2,249.683,20.043
78,12,251.754,20.7114
78,14,202.04,0
78,15,332.062,17.6837
78,17,302.98,21.3036
78,19,100.2,7.72429
78,20,252.966,21.6457
78,26,246.081,20.1128
78,38,251.07,20.337
78,43,228.698,3.42858
78,45,101.475,8.62368
78,46,225.733,3.88166
78,47,201.694,16.7103
78,48,91.214,0
78,50,174.642,0
78,59,124.74,0
78,66,245.889,10.9284
78,67,52.5,2.8125
78,68,235.367,19.2938
78,72,204.808,16.406
78,77,210.644,18.0667
78,82,83.0997,5.28991
78,92,249.534,14.0763
78,93,274.461,8.27028
79,1,255.813,21.5301
79,27,67.1863,0
79,28,135.794,8.42038
79,31,109.419,8.35795
79,34,96.0487,7.66388
79,35,156.465,5.88302
79,36,11.0454,0
79,40,87.2486,6.34174
79,41,140.932,11.8945
79,54,131.034,0
79,56,79.511,0
79,58,29.1548,0
79,61,135.772,0
79,69,150.37,8.57263
79,75,138.542,9.2361
79,76,224.388,19.2353
79,80,176.823,7.00065
79,81,153.806,11.5354
79,86,118.884,2.88353
79,87,93.5361,0
79,88,195.798,15.3798
79,94,86.4069,4.94516
79,95,28.6531,0
79,98,208.985,14.9021
80,6,114.285,0
80,9,162.028,0
80,10,42.4264,0
80,27,114.162,0
80,30,165.463,0
80,31,232.105,15.9721
80,36,170.647,0.618222
80,39,110.788,0
80,40,223.523,13.4097
80,51,90.802,0
80,54,150.443,0
80,56,118.258,0
80,57,178.138,6.46727
80,58,183.076,0
80,60,187.841,13.1614
80,61,75.5844,0
80,69,161.046,12.8197
80,71,150.921,0
80,79,176.823,7.00065
80,85,72.45,0
80,86,108.548,8.81475
80,87,117.523,7.98102
80,91,85.2115,0
80,95,158.902,0
81,1,194.439,10.2604
81,17,248.841,21.0282
81,27,216.988,13.4022
81,28,220.352,13.9473
81,31,226.426,14.2704
81,34,198.704,11.6675
81,35,293.824,21.1643
81,36,147.773,11.4609
81,40,200.151,12.6767
81,41,195.127,10.2228
81,52,216.033,5.36925
81,55,193.197,12.8798
81,56,226.645,14.1571
81,58,141.597,11.6571
81,75,66.4248,5.5354
81,76,161.511,8.65239
81,79,153.806,11.5354
81,88,86.0491,2.66342
81,94,115.669,4.99724
81,95,168.375,12.7808
81,98,121.946,5.96499
82,1,228.086,19.0649
82,2,224.785,16.9026
82,14,164.897,12.9945
82,15,218.334,17.6903
82,17,236.648,15.5556
82,19,86.2148,0
82,26,174.518,14.9707
82,38,188.141,15.971
82,43,117.977,9.87978
82,45,20.2485,0
82,46,294.43,8.01733
82,47,122.589,10.5162
82,48,151.936,4.70277
82,50,257.728,6.8325
82,59,151.217,3.95339
82,66,327.48,15.1055
82,67,32.6956,0
82,72,163.73,6.84356
82,77,205.955,6.19968
82,78,83.0997,5.28991
82,92,330.985,19.6188
82,93,249.006,16.8304
83,5,77.0065,0
83,8,233.055,15.4309
83,9,155.952,12.4941
83,16,173.243,0
83,21,65.9478,1.2175
83,25,9.89949,0
83,30,193.193,14.2091
83,42,79.177,0
83,53,15.2315,0
83,62,250.235,19.9956
83,71,174.537,13.0426
83,73,162.89,0
83,74,84.0119,0
83,97,150.753,8.20697
84,3,92.4392,0
84,11,149.272,0
84,13,84.0536,0
84,18,122.483,0
84,20,85,0
84,29,49.4065,0
84,32,199.134,9.08007
84,33,174.642,0
84,37,166.481,0
84,44,151.908,0
84,50,191.509,7.01102
84,63,165.747,0
84,66,243.539,20.7501
84,68,122.886,0
84,70,70.8378,0
84,77,122.123,0
84,89,184.719,0
84,92,151.119,5.25502
84,96,126.823,0
84,99,170.262,0
85,6,70,0
85,10,40.4599,0
85,27,133.843,0
85,30,178.07,0
85,39,120.503,0
85,51,19.799,0
85,54,160.222,11.6807
85,56,128.693,0
85,61,65.0692,0
85,71,179.477,0
85,80,72.45,0
85,86,168.451,7.94127
85,87,160.153,0
85,91,95.7079,0
85,95,184.448,0
86,2,183.096,0
86,10,150.926,10.1088
86,16,215.395,13.3537
86,27,128.607,9.34124
86,28,169.014,10.3161
86,31,144.455,11.369
86,34,131.268,4.4094
86,36,135.615,5.47505
86,39,208.411,13.028
86,40,126.416,4.45698
86,41,170.207,11.5216
86,51,183.091,7.70692
86,54,192.07,8.58571
86,56,139.784,8.93047
86,57,166.498,14.2566
86,58,157.146,7.13776
86,60,143.229,9.92975
86,61,131.378,5.16809
86,65,221.844,17.9459
86,69,46.2385,0
86,71,230.221,14.5996
86,73,194.352,9.57513
86,76,191.487,2.626
86,79,118.884,2.88353
86,80,108.548,8.81475
86,85,168.451,7.94127
86,87,20.5913,0
86,90,178.309,5.8153
86,91,184.276,11.5978
86,94,204.294,7.94649
86,95,149.119,9.70375
87,1,196.398,1.00695
87,2,193.558,7.8446
87,10,156.954,7.71429
87,27,123.439,10.135
87,28,154.423,10.689
87,31,113.188,7.3833
87,34,113.958,5.16353
87,36,104.389,0
87,40,107.692,4.68534
87,41,149.029,10.3689
87,51,174.141,0
87,54,198.303,12.9558
87,56,139.765,11.0925
87,57,166.651,13.4984
87,58,122.201,0
87,60,168.521,13.0614
87,61,134.463,5.68971
87,65,184.926,1.63063
87,69,48.1041,0
87,73,223.147,14.4872
87,76,184.127,6.29021
87,79,93.5361,0
87,80,117.523,7.98102
87,85,160.153,0
87,86,20.5913,0
87,90,162.874,0
87,91,202.48,11.8265
87,94,191.507,10.4797
87,95,119.154,4.98283
88,1,141.397,0
88,7,259.005,19.9851
88,17,185.49,15.1191
88,22,309.365,23.5113
88,26,201.348,14.2658
88,28,143.303,8.85104
88,31,171.346,12.8993
88,34,159.688,13.0063
88,36,197.836,16.4228
88,38,165.024,0
88,40,163.468,13.0858
88,41,134.907,9.87357
88,52,125.861,5.66346
88,55,95.187,8.07167
88,58,180.923,13.7505
88,75,155.32,8.863
88,76,117.546,0
88,79,195.798,15.3798
88,81,86.0491,2.66342
88,94,172.27,12.7771
88,95,211.624,15.777
88,98,36.918,2.61037
89,4,35.3774,2.65331
89,5,254.18,21.7822
89,8,124.743,7.97388
89,12,154.751,9.73959
89,16,165.529,12.4147
89,20,151.003,0
89,23,188.79,10.9172
89,37,39.2046,0
89,42,208.095,13.5356
89,44,109.895,0
89,49,84.1039,6.96413
89,57,233.792,18.5549
89,60,234.959,17.1119
89,62,71.3538,5.09522
89,65,174.55,14.7319
89,68,95.352,0
89,73,183.867,12.5077
89,74,273.144,22.1425
89,77,132.91,0
89,84,184.719,0
89,90,296.842,19.7101
89,96,64.3817,0
89,97,145.619,1.8485
90,1,112.539,0
90,2,38.4187,0
90,4,242.302,20.0125
90,8,186.643,12.3946
90,12,170.252,6.8554
90,16,187.803,14.5485
90,17,204.651,11.8418
90,19,185.325,15.7684
90,23,124.383,5.81348
90,26,151.814,3.80446
90,28,122.004,0
90,31,164.612,12.4453
90,34,171.238,9.17346
90,38,132.548,0
90,40,186.06,13.5893
90,41,149.903,3.02724
90,47,273.134,23.4254
90,49,226.14,19.0477
90,57,157.956,13.5318
90,60,180.905,15.0437
90,65,158.414,13.2012
90,67,251.781,20.7723
90,69,134.206,6.39594
90,72,59.7746,0
90,73,198.918,15.2096
90,76,121.807,0
90,86,178.309,5.8153
90,87,162.874,0
90,89,296.842,19.7101
91,6,71.0211,0
91,9,104.202,0
91,10,63.5059,0
91,30,85,0
91,39,26.9258,0
91,51,112.641,0
91,57,195.882,2.91791
91,60,187.704,7.34846
91,61,143.562,0
91,69,228.714,16.1962
91,71,84.119,0
91,80,85.2115,0
91,85,95.7079,0
91,86,184.276,11.5978
91,87,202.48,11.8265
92,3,172.829,13.9226
92,11,207.933,17.3777
92,13,159.422,13.2272
92,14,294.178,20.0049
92,18,159.669,13.2567
92,19,240.902,19.7718
92,20,96.0981,3.06827
92,29,113.833,6.91735
92,32,162.828,1.49735
92,33,162.107,7.99786
92,46,135.193,10.4557
92,48,206.245,13.512
92,50,83.9657,7.18373
92,59,257.709,14.4011
92,63,178.75,12.8906
92,66,79.6492,0
92,67,293.257,16.9237
92,68,146.669,3.36071
92,70,106.06,9.06946
92,77,110.13,3.26598
92,78,249.534,14.0763
92,82,330.985,19.6188
92,84,151.119,5.25502
92,96,180.902,3.4673
92,99,255.601,21.4229
93,14,74.7807,5.41791
93,15,128.505,11.0211
93,24,221.861,14.0569
93,43,194.889,15.1861
93,45,290.327,10.9348
93,46,149.245,11.4191
93,48,165.98,13.9648
93,50,282.739,21.4808
93,59,143.995,9.06265
93,64,168.048,14.1081
93,66,236.665,20.3026
93,67,303.695,11.4407
93,78,274.461,8.27028
93,82,249.006,16.8304
94,27,136.965,5.04743
94,28,221.467,16.7788
94,31,171.349,14.5071
94,34,147.424,12.575
94,35,199.209,14.7894
94,36,75.8819,4.56671
94,40,151.907,13.0298
94,41,185.082,13.8812
94,52,330.716,10.0493
94,54,177.644,7.07878
94,55,240.097,20.3719
94,56,142.663,5.14874
94,58,62.4682,4.63059
94,75,60.2384,5.12954
94,76,191.155,10.2404
94,79,86.4069,4.94516
94,81,115.669,4.99724
94,86,204.294,7.94649
94,87,191.507,10.4797
94,88,172.27,12.7771
94,95,87.916,5.1083
94,98,197.006,16.078
95,10,187.579,0
95,27,50.6063,0
95,28,169.923,10.6945
95,31,138.992,9.3751
95,34,123.767,8.30199
95,35,129.42,5.42418
95,36,24.1868,0
95,40,114.9,6.58039
95,41,162.33,13.3338
95,51,187.832,0
95,54,104.389,0
95,56,58.6941,0
95,58,26.6271,0
95,61,120.37,0
95,69,159.394,4.44907
95,75,148.712,11.6225
95,76,233.147,17.7972
95,79,28.6531,0
95,80,158.902,0
95,81,168.375,12.7808
95,85,184.448,0
95,86,149.119,9.70375
95,87,119.154,4.98283
95,88,211.624,15.777
95,94,87.916,5.1083
95,98,243.354,19.3938
96,4,97.9238,3.32074
96,8,184.754,15.5034
96,12,142.194,10.9524
96,16,236.766,16.5442
96,19,178.317,0
96,20,87.2067,0
96,23,198.087,16.9487
96,29,148.327,0
96,37,68,0
96,44,113.596,0
96,49,149.332,11.0651
96,50,182.702,7.1238
96,62,128.334,4.62067
96,65,244.392,19.8956
96,68,37.8021,0
96,70,156.109,0
96,77,75.8024,0
96,84,126.823,0
96,89,64.3817,0
96,92,180.902,3.4673
96,97,196.624,1.6196
97,4,239.052,11.7636
97,5,59.16,1.03505
97,8,193.524,13.8224
97,16,185.289,14.8554
97,21,215.189,13.8655
97,25,146.813,9.40167
97,37,135.279,4.49219
97,42,84.138,0.678161
97,44,130.952,1.48644
97,49,175.611,13.659
97,53,164.619,8.00233
97,62,124.675,10.656
97,65,249.451,20.7876
97,73,172.038,9.52191
97,74,67.739,5.80805
97,83,150.753,8.20697
97,89,145.619,1.8485
97,96,196.624,1.6196
98,1,138.777,3.82658
98,7,209.186,17.7094
98,17,172.399,14.7879
98,22,249.513,21.3532
98,26,214.118,18.284
98,28,136.714,5.82489
98,31,187.533,15.2322
98,34,185.447,15.9088
98,36,216.426,17.3761
98,38,175.446,10.7489
98,40,191.136,16.3922
98,41,149.513,12.1043
98,47,286.376,21.6574
98,52,80.8187,5.90529
98,55,55.4464,3.34609
98,58,213.154,17.2891
98,75,204.608,8.19804
98,76,119.043,3.71307
98,79,208.985,14.9021
98,81,121.946,5.96499
98,88,36.918,2.61037
98,94,197.006,16.078
98,95,243.354,19.3938
99,3,80.1124,0
99,11,53.4509,0
99,13,92.6607,0
99,18,84.5991,0
99,29,143.757,0
99,32,143.014,0
99,33,128.658,0
99,63,98.4124,0
99,70,143.056,0
99,84,170.262,0
99,92,255.601,21.4229
