0,48,80.895,0
0,55,108.632,0
0,93,67.72,0
0,94,54.5894,0
0,95,32.1403,0
0,97,98.0051,0
1,6,103.964,7.63278
1,11,192.852,0
1,12,103.527,8.88066
1,15,156.137,11.5693
1,20,96.7682,8.1634
1,26,122.636,10.3951
1,29,127.659,8.12646
1,32,158.079,10.6158
1,37,143.877,7.86658
1,38,145.44,3.98607
1,43,132.976,10.8915
1,45,169.672,14.0512
1,46,120.93,0
1,53,144.303,4.35981
1,54,117.331,5.2906
1,56,157.404,13.4894
1,61,72.1543,3.86541
1,62,172.8,0
1,64,141.823,8.80077
1,67,106.27,8.13973
1,68,138.39,11.8583
1,69,139.214,2.32998
1,71,83.7616,0
1,72,173.023,10.3409
1,77,140.044,9.83209
1,79,200.504,10.9178
1,86,101.882,8.73812
1,90,208.337,13.1513
2,4,134.765,10.5955
2,5,190.998,16.0209
2,10,99.7246,0
2,18,60.7454,0
2,24,121.866,6.35656
2,35,121.92,6.34742
2,39,133.033,6.7602
2,41,184.143,14.8635
2,44,196.306,12.0526
2,52,3.16228,0
2,70,104.859,6.42845
2,83,163.082,10.4608
2,84,187.677,15.5964
2,91,99.0202,0
2,99,119.218,0
3,5,142.817,11.5352
3,8,80.7912,4.22106
3,12,187.545,4.80343
3,14,113.25,5.18185
3,15,169.982,14.023
3,16,240.441,0
3,17,174.837,0
3,23,131.103,0
3,24,139.022,10.0104
3,31,46.0435,0
3,39,124.377,10.6305
3,40,175.454,0
3,41,72,4.8
3,43,158.04,7.75477
3,44,162.473,12.3009
3,45,165.529,0
3,49,72.4897,6.13165
3,56,122.147,0
3,57,70.2282,0
3,58,40.05,0
3,70,118.751,5.72406
3,73,152.118,0
3,76,158.828,13.6179
3,80,140.694,6.80194
3,83,140.967,12.009
3,84,64.6558,4.45051
3,85,47.2017,0
3,86,186.984,4.04727
3,87,162.99,13.9781
3,89,163.492,14.0193
3,91,161.029,12.529
4,2,134.765,10.5955
4,9,195.007,0.521379
4,15,152.27,9.95662
4,22,149.343,12.4153
4,25,129.522,0
4,35,32.249,0
4,36,106.409,9.10691
4,39,145,9.89583
4,52,130.609,10.245
4,70,125.454,8.04723
4,74,58.8558,0
4,76,142.974,10.1813
4,82,180.102,12.3757
4,87,141.204,10.0553
4,88,212.003,12.3847
4,89,144.048,10.1131
4,91,107.892,8.7439
4,96,116.619,0
5,2,190.998,16.0209
5,3,142.817,11.5352
5,8,163.568,13.9227
5,10,49.0918,0
5,14,94.2777,8.05449
5,18,117.104,9.22195
5,24,113.501,7.88225
5,31,137.044,11.7519
5,41,122.943,6.32909
5,44,28.0484,1.94453
5,49,71.9341,5.58914
5,58,188.581,15.8869
5,70,150.005,11.2504
5,83,61.8466,4.12311
5,84,136.766,9.83518
5,85,109.772,8.23294
5,99,124.169,0
6,1,103.964,7.63278
6,11,143.071,11.7835
6,12,113.437,0
6,20,77.6981,0
6,21,76.4003,0
6,22,111.126,0
6,29,52.8867,0
6,30,76.0066,0
6,37,73.7564,0
6,38,213.802,9.34885
6,42,120.154,0
6,43,126.625,0
6,46,113.674,5.77643
6,51,98.1835,0
6,53,214.584,9.38306
6,54,211.568,12.4297
6,61,83.0241,0
6,62,122.289,10.3345
6,64,59.9083,0
6,65,100.285,5.80959
6,67,74.2765,0
6,69,210.738,7.98249
6,71,132.04,5.86842
6,72,76.5376,0
6,77,109.986,0
6,79,98.8989,0
6,82,124.064,0
6,86,116.619,0
6,90,92.1314,7.58134
7,16,30.0463,0.575887
7,17,88.3501,6.88442
7,23,108.572,8.56849
7,26,140.283,10.9312
7,40,113.901,7.97458
7,45,155.671,11.3698
7,56,218.899,13.1899
7,57,168.018,10.8603
7,58,199.876,12.0246
7,60,57.2189,0
7,66,68.2422,0
7,68,135.801,9.7164
7,73,98.1005,8.30969
7,80,123.093,10.1421
7,81,65.6201,0
7,92,24.3516,0
7,98,106.231,0
8,3,80.7912,4.22106
8,5,163.568,13.9227
8,12,155.256,9.3436
8,14,91.2688,0
8,15,74.027,0
8,20,114.634,0
8,23,211.119,3.29163
8,24,101.72,6.19968
8,31,84.5818,6.98044
8,36,127.534,0
8,39,43.8634,0
8,41,43.2782,0
8,43,69.023,1.66081
8,44,142.284,12.1651
8,45,207.036,3.2716
8,49,66.7533,0
8,56,137.599,3.21568
8,57,150.816,3.31197
8,58,115.07,3.11609
8,61,158.496,12.734
8,67,124.455,0
8,70,61.8466,0
8,73,219.251,3.90405
8,76,69.6348,0
8,77,100.045,0
8,80,213.998,2.86158
8,83,89.9389,0
8,84,29,0
8,85,59.2601,1.95363
8,86,162.449,8.79624
8,87,74.5252,0
8,89,73.9797,0
8,91,80.7217,0
9,4,195.007,0.521379
9,19,70.2282,0
9,25,109.836,0
9,35,203.056,4.08695
9,59,82.2922,0
9,74,131.683,2.93454
9,82,191.724,15.307
9,88,186.186,4.10864
9,96,149.265,0
10,2,99.7246,0
10,5,49.0918,0
10,14,139.021,9.76027
10,18,39,0
10,24,122.534,4.9059
10,41,114.27,6.38986
10,44,69.7917,5.97873
10,49,147.398,12.5204
10,52,102.181,0
10,70,207.71,14.788
10,83,66.1159,5.16935
10,84,127.208,6.23654
10,99,76.6551,0
11,1,192.852,0
11,6,143.071,11.7835
11,30,157.591,13.4959
11,32,108.503,8.90865
11,38,93.987,8.00506
11,46,74.027,0
11,53,94.9506,8.0702
11,54,180.141,8.61071
11,55,79.9234,6.85058
11,62,23.4094,0
11,65,85.2017,3.53248
11,69,117.991,7.36622
11,71,114.612,0
11,72,44.9905,3.78217
11,79,32.2296,2.53808
11,90,110.601,8.77788
11,94,136.156,9.29227
11,97,94.2922,8.08686
12,1,103.527,8.88066
12,3,187.545,4.80343
12,6,113.437,0
12,8,155.256,9.3436
12,15,72.5672,0
12,20,51.4296,0
12,22,121.017,0
12,23,213.426,9.41509
12,26,136.143,10.8207
12,31,231.699,4.80799
12,39,102.616,0
12,43,35.1283,0
12,45,112.974,7.80149
12,54,126.856,7.01701
12,56,79.078,4.15966
12,57,197.146,4.92191
12,58,174.976,4.52754
12,61,33.121,0
12,67,70.8308,0
12,68,171.104,12.4897
12,71,168.79,14.2188
12,73,190.254,6.45178
12,76,84.4808,0
12,77,77.6981,0
12,80,148.913,7.44259
12,81,181.4,15.3363
12,84,186.901,14.7303
12,85,233.306,5.00678
12,86,7.2111,0
12,87,85.1587,0
12,89,82.201,0
13,26,128.478,9.26527
13,27,111.396,0
13,28,68.6804,0
13,32,83.5284,0
13,33,52.3259,0
13,34,83.5284,0
13,38,101.213,0
13,47,65.3911,0
13,50,43.0116,0
13,53,100.424,0
13,54,92.2822,0
13,63,84.119,0
13,66,89.8944,0
13,68,90.5031,2.36609
13,69,102.825,0
13,75,8.06226,0
13,81,103.247,0
13,98,61.5224,0
14,3,113.25,5.18185
14,5,94.2777,8.05449
14,8,91.2688,0
14,10,139.021,9.76027
14,16,255.124,0.496336
14,17,191.507,0.496105
14,23,182.803,1.05031
14,24,150.08,12.8734
14,31,80.0263,2.14789
14,40,169.421,0.495347
14,41,67.7422,0
14,44,87.4099,7.08396
14,49,30.2324,0
14,56,238.908,3.31259
14,57,145.501,1.23232
14,58,144.632,1.79058
14,73,227.731,1.11611
14,80,250.66,1.81558
14,83,111.673,9.56002
14,84,75.0267,0
14,85,62.3409,5.03523
15,1,156.137,11.5693
15,3,169.982,14.023
15,4,152.27,9.95662
15,8,74.027,0
15,12,72.5672,0
15,20,57.1402,0
15,22,69.3758,0
15,29,117.324,0
15,35,120.868,4.26138
15,36,66.0681,0
15,37,114.272,0
15,39,50.4777,0
15,41,110.114,0
15,43,40.2492,0
15,51,91.444,0
15,56,135.915,11.6321
15,58,187.422,14.5315
15,61,88.1192,0
15,67,57.8014,0
15,70,74.3303,0
15,76,14.3178,0
15,77,26.4764,0
15,82,99.368,0
15,84,96.6902,0
15,85,157.953,11.5716
15,86,79.3095,0
15,87,13.0384,0
15,89,10.0499,0
15,91,61.3514,0
16,3,240.441,0
16,7,30.0463,0.575887
16,14,255.124,0.496336
16,17,67.6757,0
16,23,113.278,0
16,26,232.084,9.16163
16,31,222.144,0
16,40,86.093,0
16,45,179.023,8.85241
16,56,236.565,7.07483
16,57,172.047,0
16,58,208.403,0
16,60,83.7619,0.984261
16,66,98.296,0.599181
16,73,109.974,6.87802
16,80,141.951,9.03622
16,81,89.6239,1.05314
16,85,249.303,0
16,92,19.6473,0.955076
17,3,174.837,0
17,7,88.3501,6.88442
17,14,191.507,0.496105
17,16,67.6757,0
17,23,57.5847,0
17,26,207.615,14.008
17,31,154.506,0
17,40,34.0588,0
17,45,172.186,0
17,49,208.597,8.33385
17,56,194.613,5.13636
17,57,108.904,0
17,58,145.671,0
17,60,145,11.469
17,66,161.16,13.4876
17,73,96.5194,0
17,80,138.521,0
17,81,167.851,8.78244
17,85,181.648,0
17,92,88.644,5.06188
18,2,60.7454,0
18,5,117.104,9.22195
18,10,39,0
18,24,85.2567,4.47655
18,39,183.658,15.7283
18,41,140.363,11.9897
18,44,113.336,7.02783
18,49,185.596,12.7508
18,52,63.2456,0
18,70,148.732,12.7425
18,83,84.1249,6.86473
18,84,154.827,13.2661
18,91,164.941,13.2807
18,99,81.3449,0
19,9,70.2282,0
19,25,171.266,0
19,59,60.531,0
19,74,201.911,3.02269
19,88,212.194,4.63286
19,96,209.16,0
20,1,96.7682,8.1634
20,6,77.6981,0
20,8,114.634,0
20,12,51.4296,0
20,15,57.1402,0
20,21,127.098,0
20,22,75.1798,0
20,29,80.6226,0
20,36,99.6092,0
20,37,87.6641,0
20,39,105.38,0
20,43,50.448,0
20,45,154.574,12.3556
20,46,178.941,15.0428
20,51,82.7587,0
20,56,132.742,11.3848
20,61,42.5441,0
20,64,99.4082,0
20,67,19.8494,0
20,71,165.043,13.8357
20,76,71.3442,0
20,77,43.2897,0
20,82,103.6,0
20,86,57.8014,0
20,87,68.884,0
20,89,66.242,0
20,91,117.631,0
21,6,76.4003,0
21,20,127.098,0
21,22,109.554,0
21,29,47.2652,0
21,30,60.8822,4.42211
21,37,51.9711,0
21,42,66.7083,0
21,51,84.8116,0
21,64,28.2843,0
21,65,125.525,10.7485
21,67,112.285,0
21,72,139.034,9.3636
21,82,101.533,0
21,88,127.453,9.12848
21,90,90.236,7.3235
22,4,149.343,12.4153
22,6,111.126,0
22,12,121.017,0
22,15,69.3758,0
22,20,75.1798,0
22,21,109.554,0
22,25,133.122,11.4173
22,29,71.218,0
22,35,115.524,7.16881
22,36,41.4005,0
22,37,57.8014,0
22,39,109.458,0
22,42,76.1052,0
22,43,100.703,0
22,51,25.632,0
22,61,117.618,0
22,64,84.9588,0
22,67,57.0088,0
22,70,122.711,0
22,74,162.42,13.8195
22,76,73.171,0
22,77,47.0106,0
22,82,31.0644,0
22,86,128.144,0
22,87,68.1836,0
22,88,78.032,0
22,89,68.469,0
22,91,95.7549,0
23,3,131.103,0
23,7,108.572,8.56849
23,8,211.119,3.29163
23,12,213.426,9.41509
23,14,182.803,1.05031
23,16,113.278,0
23,17,57.5847,0
23,26,211.896,0
23,31,124.016,0
23,40,80.025,0
23,41,199.818,14.5339
23,43,230.133,9.99318
23,45,121.277,0
23,49,187.713,7.77709
23,56,137.145,4.8659
23,57,60.9262,0
23,58,96.0417,0
23,60,162.786,13.0348
23,66,159.527,12.8111
23,68,231.176,1.93609
23,73,51.614,0
23,80,89.8888,0
23,81,131.407,10.7892
23,84,195.211,13.5602
23,85,150.333,0
23,86,204.592,8.95271
23,92,125.303,7.60503
24,2,121.866,6.35656
24,3,139.022,10.0104
24,5,113.501,7.88225
24,8,101.72,6.19968
24,10,122.534,4.9059
24,14,150.08,12.8734
24,18,85.2567,4.47655
24,31,145.495,11.2524
24,39,104.214,8.27097
24,41,67.0477,5.15461
24,44,88.0025,5.86684
24,49,125.984,9.56304
24,52,123.643,6.17465
24,70,86.1938,7.37954
24,76,143.02,9.59052
24,83,52.1902,3.79078
24,84,76.0011,5.46544
24,85,117.559,6.8563
24,87,148.046,9.92481
24,89,148.809,9.69292
24,91,112.277,8.87069
25,4,129.522,0
25,9,109.836,0
25,19,171.266,0
25,22,133.122,11.4173
25,35,121.014,3.87738
25,36,127.835,8.72435
25,37,152.89,10.1453
25,42,159.167,12.1702
25,51,139.028,11.8974
25,59,145.231,0
25,74,78.8923,0
25,82,109,9.22297
25,88,120.609,4.32724
25,91,176.638,15.1462
25,96,160.524,0
26,1,122.636,10.3951
26,7,140.283,10.9312
26,12,136.143,10.8207
26,13,128.478,9.26527
26,16,232.084,9.16163
26,17,207.615,14.008
26,23,211.896,0
26,32,123.75,9.05469
26,38,122.739,9.15666
26,43,180.929,15.0774
26,45,107.07,0
26,50,139.489,9.03358
26,53,120.778,8.85816
26,54,91.6491,7.47872
26,56,165.529,0
26,57,225.73,2.53355
26,58,229.29,3.33297
26,61,124.728,10.6994
26,66,124.333,10.1493
26,68,38,0
26,69,126.055,10.5046
26,71,186,9.81132
26,73,160.312,0
26,75,135.137,9.41494
26,80,125.936,0
26,81,78.5384,5.47174
26,86,129.884,9.59028
26,98,136.473,10.2355
27,13,111.396,0
27,28,42.8019,0
27,32,116.842,0
27,33,62.0081,0
27,34,31.305,0
27,47,111.647,0
27,48,50.01,0
27,50,82.4924,0
27,75,110.209,0
27,93,66.2193,0
27,95,97.0052,0
27,97,117.388,0
28,13,68.6804,0
28,27,42.8019,0
28,32,92.1954,0
28,33,23.3452,0
28,34,20.0998,0
28,38,111.826,0
28,47,78.2624,0
28,48,84.5281,0
28,50,45.7056,0
28,53,111.571,0
28,54,126.099,0
28,69,116.181,0
28,75,67.424,0
28,93,98.4124,0
28,98,124.338,0
29,1,127.659,8.12646
29,6,52.8867,0
29,15,117.324,0
29,20,80.6226,0
29,21,47.2652,0
29,22,71.218,0
29,30,80.9197,0
29,36,112.614,0
29,37,21.095,0
29,42,68,0
29,46,152.48,12.3752
29,51,51.0784,0
29,61,108.674,0
29,64,19.0263,0
29,65,145.437,11.7182
29,67,65.0692,0
29,71,181.815,15.5244
29,72,120.221,0
29,76,127.632,0
29,77,91.1811,0
29,82,75.1864,0
29,87,123.065,0
29,88,104.887,2.89209
29,89,121.852,0
29,90,114.888,8.91881
30,6,76.0066,0
30,11,157.591,13.4959
30,21,60.8822,4.42211
30,29,80.9197,0
30,37,94.4934,0
30,42,128.371,5.54599
30,46,158.186,13.0082
30,62,147.839,12.6661
30,64,66.7083,0
30,65,72.0204,4.28693
30,71,197.837,15.7186
30,72,111.508,9.5035
30,79,130.02,11.0111
30,90,47.2337,0.524264
31,3,46.0435,0
31,5,137.044,11.7519
31,8,84.5818,6.98044
31,12,231.699,4.80799
31,14,80.0263,2.14789
31,16,222.144,0
31,17,154.506,0
31,23,124.016,0
31,24,145.495,11.2524
31,39,126.543,7.96424
31,40,146.997,0
31,41,80.4973,6.25787
31,43,203.073,8.53431
31,44,143.467,11.5198
31,45,176.111,6.3559
31,49,64.8468,5.24699
31,56,161.245,0
31,57,71.4703,0
31,58,63.7809,0
31,70,137.849,7.95519
31,73,159.11,0
31,80,172.849,1.62942
31,83,160.133,11.3972
31,84,80.0472,6.4209
31,85,27.2029,0
31,86,229.124,4.44816
32,1,158.079,10.6158
32,11,108.503,8.90865
32,13,83.5284,0
32,26,123.75,9.05469
32,27,116.842,0
32,28,92.1954,0
32,33,71.1688,0
32,34,88,0
32,38,20.1246,0
32,46,127.174,9.88117
32,48,123.309,0
32,50,53,0
32,53,19.6977,0
32,54,43.8292,0
32,55,104.393,0
32,62,114.147,9.67401
32,68,96.6365,3.11821
32,69,24.0416,0
32,71,102.446,8.02858
32,72,151.467,12.6843
32,75,90.6973,0
32,79,139.701,11.3693
32,93,126.036,0
32,97,101.193,0
33,13,52.3259,0
33,27,62.0081,0
33,28,23.3452,0
33,32,71.1688,0
33,34,31.8904,0
33,38,91.1811,0
33,47,81.8413,0
33,48,95.3415,0
33,50,22.3607,0
33,53,90.824,0
33,54,103.005,0
33,63,127.035,0
33,68,126.161,2.16944
33,69,95.1893,0
33,75,53.4509,0
33,93,106.902,0
33,97,125,0
33,98,112.361,0
34,13,83.5284,0
34,27,31.305,0
34,28,20.0998,0
34,32,88,0
34,33,31.8904,0
34,38,106.381,0
34,47,98.3107,0
34,48,65.521,0
34,50,51.3128,0
34,53,106.301,0
34,54,126.495,0
34,55,125.1,0
34,69,111.221,0
34,75,83.6301,0
34,93,78.7718,0
34,95,114.237,0
34,97,111.14,0
35,2,121.92,6.34742
35,4,32.249,0
35,9,203.056,4.08695
35,15,120.868,4.26138
35,22,115.524,7.16881
35,25,121.014,3.87738
35,36,71.0508,4.87763
35,39,119.589,5.81336
35,51,138.681,8.72819
35,52,118.756,6.31627
35,70,110.02,6.5488
35,74,74.8866,0
35,76,109.398,3.8907
35,77,122.019,4.14224
35,82,135.236,11.5555
35,87,107.692,3.83003
35,88,189.069,13.8991
35,89,110.544,3.83093
35,91,83.1731,5.54487
35,96,148,0
36,4,106.409,9.10691
36,8,127.534,0
36,15,66.0681,0
36,20,99.6092,0
36,22,41.4005,0
36,25,127.835,8.72435
36,29,112.614,0
36,35,71.0508,4.87763
36,37,98.3107,0
36,39,87.0919,0
36,42,105.081,0
36,43,105.683,0
36,51,64.5368,0
36,64,125.873,0
36,67,86.093,0
36,70,92.0869,0
36,74,122.817,9.91984
36,76,61.2209,0
36,77,58.2409,0
36,82,53.4509,0
36,87,57.3847,0
36,88,92.2659,0
36,89,59.4138,0
36,91,62.3939,0
36,96,216.669,13.3562
37,1,143.877,7.86658
37,6,73.7564,0
37,15,114.272,0
37,20,87.6641,0
37,21,51.9711,0
37,22,57.8014,0
37,25,152.89,10.1453
37,29,21.095,0
37,30,94.4934,0
37,36,98.3107,0
37,42,49.2037,0
37,51,34.0588,0
37,61,121.248,0
37,64,27.8029,0
37,67,69.3758,0
37,76,122.723,0
37,77,87.8237,0
37,82,55.7136,0
37,87,117.881,0
37,88,82.0384,1.96615
37,89,117.154,0
37,90,131.086,9.2426
38,1,145.44,3.98607
38,6,213.802,9.34885
38,11,93.987,8.00506
38,13,101.213,0
38,26,122.739,9.15666
38,28,111.826,0
38,32,20.1246,0
38,33,91.1811,0
38,34,106.381,0
38,46,114.655,3.6227
38,50,73.0616,0
38,53,1,0
38,54,38.4708,0
38,55,100.305,0
38,61,185.512,13.1949
38,62,116.193,6.91623
38,68,101.22,4.17783
38,69,5.38516,0
38,71,81.9896,3.49329
38,72,153.784,11.6836
38,75,108.706,0
38,79,127.116,10.7607
38,97,100.344,0
39,2,133.033,6.7602
39,3,124.377,10.6305
39,4,145,9.89583
39,8,43.8634,0
39,12,102.616,0
39,15,50.4777,0
39,18,183.658,15.7283
39,20,105.38,0
39,22,109.458,0
39,24,104.214,8.27097
39,31,126.543,7.96424
39,35,119.589,5.81336
39,36,87.0919,0
39,41,65.0308,0
39,43,68.352,0
39,44,136.431,8.79927
39,49,100.02,0
39,52,127.056,5.12339
39,56,160.49,12.6115
39,57,196.946,14.5389
39,58,161.103,12.8786
39,61,127.91,0
39,67,108.227,0
39,70,28.1603,0
39,76,39,0
39,77,75.5844,0
39,83,99.1615,0
39,84,53.9351,0
39,85,99.0506,1.12433
39,86,108.513,0.50698
39,87,43.6578,0
39,89,44.7772,0
39,91,37.2022,0
40,3,175.454,0
40,7,113.901,7.97458
40,14,169.421,0.495347
40,16,86.093,0
40,17,34.0588,0
40,23,80.025,0
40,31,146.997,0
40,45,200.26,0
40,49,190.22,9.0171
40,56,215.761,4.63025
40,57,117.184,0
40,58,152.643,0
40,60,167.915,14.1213
40,73,126.127,0
40,80,167.487,0
40,81,202.028,9.16451
40,85,173.217,0
40,92,105.376,5.08596
41,2,184.143,14.8635
41,3,72,4.8
41,5,122.943,6.32909
41,8,43.2782,0
41,10,114.27,6.38986
41,14,67.7422,0
41,15,110.114,0
41,18,140.363,11.9897
41,23,199.818,14.5339
41,24,67.0477,5.15461
41,31,80.4973,6.25787
41,39,65.0308,0
41,43,108.467,0
41,44,98.8826,4.71868
41,49,37.5899,0
41,52,184.567,14.8287
41,56,178.222,12.8252
41,57,139.144,11.7092
41,58,112.009,9.60075
41,70,63.9531,0
41,76,101.833,0
41,83,47.4342,0
41,84,14.4222,0
41,85,53.0153,1.51708
41,87,106.794,0
41,89,107.201,0
41,91,92.6984,0
42,6,120.154,0
42,21,66.7083,0
42,22,76.1052,0
42,25,159.167,12.1702
42,29,68,0
42,30,128.371,5.54599
42,36,105.081,0
42,37,49.2037,0
42,51,53.6004,0
42,59,212.282,8.35064
42,64,62.3699,0
42,67,112.508,0
42,77,120.075,0
42,82,51.6624,0
42,88,60.8158,4.28059
43,1,132.976,10.8915
43,3,158.04,7.75477
43,6,126.625,0
43,8,69.023,1.66081
43,12,35.1283,0
43,15,40.2492,0
43,20,50.448,0
43,22,100.703,0
43,23,230.133,9.99318
43,26,180.929,15.0774
43,31,203.073,8.53431
43,36,105.683,0
43,39,68.352,0
43,41,108.467,0
43,45,162.946,7.41206
43,51,117.924,0
43,56,93.2887,6.21925
43,57,193.518,7.3948
43,58,161.271,7.30732
43,61,60.208,0
43,67,64.0078,0
43,70,96.4624,0
43,73,216.885,8.05578
43,76,50.448,0
43,77,53.8238,0
43,80,188.651,7.39918
43,84,94.0479,0
43,85,188.03,10.9516
43,86,41.0122,0
43,87,51.8652,0
43,89,49.0408,0
43,91,94.0213,0
44,2,196.306,12.0526
44,3,162.473,12.3009
44,5,28.0484,1.94453
44,8,142.284,12.1651
44,10,69.7917,5.97873
44,14,87.4099,7.08396
44,18,113.336,7.02783
44,24,88.0025,5.86684
44,31,143.467,11.5198
44,39,136.431,8.79927
44,41,98.8826,4.71868
44,49,78.6292,6.27091
44,52,199.612,11.991
44,58,205.245,12.5911
44,70,121.023,7.42858
44,83,36.8909,1.7132
44,84,113.274,8.22757
44,85,130.343,9.81251
44,99,146.373,8.32613
45,1,169.672,14.0512
45,3,165.529,0
45,7,155.671,11.3698
45,8,207.036,3.2716
45,12,112.974,7.80149
45,16,179.023,8.85241
45,17,172.186,0
45,20,154.574,12.3556
45,23,121.277,0
45,26,107.07,0
45,31,176.111,6.3559
45,40,200.26,0
45,43,162.946,7.41206
45,54,191.53,9.85996
45,56,75.8947,0
45,57,115.335,4.45131
45,58,121.092,3.59107
45,61,123.864,10.6101
45,66,157.725,13.3672
45,68,140.528,0
45,73,76.0263,0
45,80,34.2345,0
45,81,104.417,7.11815
45,85,203.523,2.23421
45,86,96.9553,7.60391
45,92,175.902,13.9277
46,1,120.93,0
46,6,113.674,5.77643
46,11,74.027,0
46,20,178.941,15.0428
46,29,152.48,12.3752
46,30,158.186,13.0082
46,32,127.174,9.88117
46,38,114.655,3.6227
46,53,116.184,3.59617
46,54,144.915,7.26998
46,55,154.416,10.2944
46,61,190.72,4.74012
46,62,52.345,0
46,64,147.308,10.3421
46,65,105.292,7.80499
46,67,182.501,15.5793
46,69,115.44,1.81873
46,71,54.037,0
46,72,66.1532,5.51277
46,79,83.0213,6.81183
46,90,116.987,10.0238
46,97,165.258,12.1544
47,13,65.3911,0
47,27,111.647,0
47,28,78.2624,0
47,33,81.8413,0
47,34,98.3107,0
47,50,90.7855,0
47,63,79.1744,5.83195
47,66,128.137,5.99537
47,75,57.3847,0
47,78,154.134,11.4255
47,98,89.975,5.55728
48,0,80.895,0
48,27,50.01,0
48,28,84.5281,0
48,32,123.309,0
48,33,95.3415,0
48,34,65.521,0
48,50,109.554,0
48,55,97.5756,0
48,93,16.5529,0
48,94,83.3547,0
48,95,48.8365,0
48,97,81.0247,0
49,3,72.4897,6.13165
49,5,71.9341,5.58914
49,8,66.7533,0
49,10,147.398,12.5204
49,14,30.2324,0
49,17,208.597,8.33385
49,18,185.596,12.7508
49,23,187.713,7.77709
49,24,125.984,9.56304
49,31,64.8468,5.24699
49,39,100.02,0
49,40,190.22,9.0171
49,41,37.5899,0
49,44,78.6292,6.27091
49,56,184.122,13.4478
49,57,136.038,7.36615
49,58,114.049,8.38816
49,70,101.533,0
49,73,223.903,8.22389
49,83,100.552,5.30988
49,84,46.0977,0
49,85,36.8951,2.29596
50,13,43.0116,0
50,26,139.489,9.03358
50,27,82.4924,0
50,28,45.7056,0
50,32,53,0
50,33,22.3607,0
50,34,51.3128,0
50,38,73.0616,0
50,47,90.7855,0
50,48,109.554,0
50,53,72.5603,0
50,54,81.0555,0
50,63,125.515,0
50,68,105.173,2.22847
50,69,76.4788,0
50,71,155.18,12.7229
50,75,47.3814,0
50,93,118.962,0
50,97,124.68,0
50,98,104.389,0
51,6,98.1835,0
51,15,91.444,0
51,20,82.7587,0
51,21,84.8116,0
51,22,25.632,0
51,25,139.028,11.8974
51,29,51.0784,0
51,35,138.681,8.72819
51,36,64.5368,0
51,37,34.0588,0
51,42,53.6004,0
51,43,117.924,0
51,61,123.065,0
51,64,61.8466,0
51,67,62.9365,0
51,74,182.15,15.4552
51,76,97.0824,0
51,77,66.4906,0
51,82,26.0768,0
51,87,92.0869,0
51,88,65.192,0
51,89,92.0054,0
51,91,121.334,0
52,2,3.16228,0
52,4,130.609,10.245
52,10,102.181,0
52,18,63.2456,0
52,24,123.643,6.17465
52,35,118.756,6.31627
52,39,127.056,5.12339
52,41,184.567,14.8287
52,44,199.612,11.991
52,70,100.947,5.67143
52,83,164.554,10.6568
52,84,182.431,15.4755
52,91,96.566,0
52,99,122.381,0
53,1,144.303,4.35981
53,6,214.584,9.38306
53,11,94.9506,8.0702
53,13,100.424,0
53,26,120.778,8.85816
53,28,111.571,0
53,32,19.6977,0
53,33,90.824,0
53,34,106.301,0
53,38,1,0
53,46,116.184,3.59617
53,50,72.5603,0
53,54,37.5899,0
53,55,101.242,0
53,61,182.98,13.4202
53,62,117.021,7.17122
53,68,100.258,4.17547
53,69,5.09902,0
53,71,82.6855,3.52294
53,72,155.682,11.7519
53,75,107.935,0
53,79,128.088,10.8216
53,97,101.213,0
54,1,117.331,5.2906
54,6,211.568,12.4297
54,11,180.141,8.61071
54,12,126.856,7.01701
54,13,92.2822,0
54,26,91.6491,7.47872
54,28,126.099,0
54,32,43.8292,0
54,33,103.005,0
54,34,126.495,0
54,38,38.4708,0
54,45,191.53,9.85996
54,46,144.915,7.26998
54,50,81.0555,0
54,53,37.5899,0
54,56,208.553,14.7004
54,61,116.028,9.06812
54,62,173.45,8.2482
54,68,65.268,4.10778
54,69,34.5398,0
54,71,96.1519,5.85103
54,72,205.258,13.9926
54,75,100.344,0
54,79,212.007,13.6512
54,80,216.004,10.3249
54,81,134.428,11.2558
54,86,121.341,6.68018
55,0,108.632,0
55,11,79.9234,6.85058
55,32,104.393,0
55,34,125.1,0
55,38,100.305,0
55,46,154.416,10.2944
55,48,97.5756,0
55,53,101.242,0
55,62,102.428,8.43252
55,65,104.043,0
55,69,104,0
55,71,186.676,11.1117
55,72,75.2396,0
55,79,52.0384,0
55,90,132.406,5.08398
55,93,85.7263,0
55,94,56.8595,0
55,95,98.326,0
55,97,16.5529,0
56,1,157.404,13.4894
56,3,122.147,0
56,7,218.899,13.1899
56,8,137.599,3.21568
56,12,79.078,4.15966
56,14,238.908,3.31259
56,15,135.915,11.6321
56,16,236.565,7.07483
56,17,194.613,5.13636
56,20,132.742,11.3848
56,23,137.145,4.8659
56,26,165.529,0
56,31,161.245,0
56,39,160.49,12.6115
56,40,215.761,4.63025
56,41,178.222,12.8252
56,43,93.2887,6.21925
56,45,75.8947,0
56,49,184.122,13.4478
56,54,208.553,14.7004
56,57,118.609,0
56,58,99.5389,0
56,61,104.827,8.97398
56,67,150.849,12.6275
56,68,202.869,0
56,70,185.564,15.8568
56,73,124.403,0
56,76,145.237,12.4464
56,77,146.606,12.2518
56,80,95.6033,0
56,81,180.063,8.56269
56,84,166.069,10.1726
56,85,169.293,0
56,86,72.3418,3.79844
56,87,147.95,12.6911
56,89,144.775,12.4169
57,3,70.2282,0
57,7,168.018,10.8603
57,8,150.816,3.31197
57,12,197.146,4.92191
57,14,145.501,1.23232
57,16,172.047,0
57,17,108.904,0
57,23,60.9262,0
57,26,225.73,2.53355
57,31,71.4703,0
57,39,196.946,14.5389
57,40,117.184,0
57,41,139.144,11.7092
57,43,193.518,7.3948
57,45,115.335,4.45131
57,49,136.038,7.36615
57,56,118.609,0
57,58,36.7696,0
57,73,87.8635,0
57,80,104.088,1.15531
57,81,176.488,12.3796
57,84,135.083,11.0022
57,85,95.0368,0
57,86,190.948,4.52244
57,92,185.954,8.18171
58,3,40.05,0
58,5,188.581,15.8869
58,7,199.876,12.0246
58,8,115.07,3.11609
58,12,174.976,4.52754
58,14,144.632,1.79058
58,15,187.422,14.5315
58,16,208.403,0
58,17,145.671,0
58,23,96.0417,0
58,26,229.29,3.33297
58,31,63.7809,0
58,39,161.103,12.8786
58,40,152.643,0
58,41,112.009,9.60075
58,43,161.271,7.30732
58,44,205.245,12.5911
58,45,121.092,3.59107
58,49,114.049,8.38816
58,56,99.5389,0
58,57,36.7696,0
58,61,205.35,14.1567
58,70,173.135,14.8526
58,73,112.285,0
58,76,186.574,14.8958
58,80,104.353,5.51056
58,81,210.489,9.63114
58,83,185.943,15.2542
58,84,104.195,8.9288
58,85,78.8923,0
58,86,170.669,4.17309
58,87,192.171,15.455
58,89,190.892,15.2022
58,92,221.675,8.62255
59,9,82.2922,0
59,19,60.531,0
59,25,145.231,0
59,42,212.282,8.35064
59,74,199.623,1.46
59,82,202.198,13.7532
59,88,155.809,4.59752
59,96,231.041,0
60,7,57.2189,0
60,16,83.7619,0.984261
60,17,145,11.469
60,23,162.786,13.0348
60,40,167.915,14.1213
60,63,79.3221,0
60,66,44.0114,0
60,68,138.525,6.60174
60,73,145.544,10.5125
60,78,134.464,11.0612
60,80,168.965,14.0118
60,81,84.8764,0
60,92,67.4463,0
60,98,70.6612,0
61,1,72.1543,3.86541
61,6,83.0241,0
61,8,158.496,12.734
61,12,33.121,0
61,15,88.1192,0
61,20,42.5441,0
61,22,117.618,0
61,26,124.728,10.6994
61,29,108.674,0
61,37,121.248,0
61,38,185.512,13.1949
61,39,127.91,0
61,43,60.208,0
61,45,123.864,10.6101
61,46,190.72,4.74012
61,51,123.065,0
61,53,182.98,13.4202
61,54,116.028,9.06812
61,56,104.827,8.97398
61,58,205.35,14.1567
61,62,242.943,4.88977
61,64,125.539,0
61,67,61.0574,0
61,68,142.765,12.1993
61,69,177.972,12.4042
61,71,156.101,4.36387
61,73,196.292,15.5634
61,76,101.98,0
61,77,82.8734,0
61,80,157.099,13.2087
61,86,34.4819,0
61,87,101.119,0
61,89,98.1529,0
62,1,172.8,0
62,6,122.289,10.3345
62,11,23.4094,0
62,30,147.839,12.6661
62,32,114.147,9.67401
62,38,116.193,6.91623
62,46,52.345,0
62,53,117.021,7.17122
62,54,173.45,8.2482
62,55,102.428,8.43252
62,61,242.943,4.88977
62,65,81.1512,3.19228
62,69,129.737,2.84907
62,71,98.0816,0
62,72,36.1519,2.65891
62,79,40.4567,3.39822
62,90,101.671,7.90392
62,94,157.823,12.2662
62,97,117.595,9.84155
63,13,84.119,0
63,33,127.035,0
63,47,79.1744,5.83195
63,50,125.515,0
63,60,79.3221,0
63,66,67,0
63,75,78.339,0
63,78,117.206,8.26769
63,81,116.927,0
63,98,38.9487,0
64,1,141.823,8.80077
64,6,59.9083,0
64,20,99.4082,0
64,21,28.2843,0
64,22,84.9588,0
64,29,19.0263,0
64,30,66.7083,0
64,36,125.873,0
64,37,27.8029,0
64,42,62.3699,0
64,46,147.308,10.3421
64,51,61.8466,0
64,61,125.539,0
64,65,136.059,11.3382
64,67,84.0952,0
64,72,117.068,0
64,77,109.417,0
64,82,82.7345,0
64,88,112.095,6.34559
64,90,103.158,8.20818
65,6,100.285,5.80959
65,11,85.2017,3.53248
65,21,125.525,10.7485
65,29,145.437,11.7182
65,30,72.0204,4.28693
65,46,105.292,7.80499
65,55,104.043,0
65,62,81.1512,3.19228
65,64,136.059,11.3382
65,71,155.065,13.2809
65,72,44.9444,0
65,79,58.0086,0
65,90,32.8976,2.74146
65,97,120.487,0
66,7,68.2422,0
66,13,89.8944,0
66,16,98.296,0.599181
66,17,161.16,13.4876
66,23,159.527,12.8111
66,26,124.333,10.1493
66,45,157.725,13.3672
66,47,128.137,5.99537
66,60,44.0114,0
66,63,67,0
66,68,94.1166,4.62298
66,73,135.094,10.3437
66,75,89.8888,0
66,78,170.516,13.6631
66,80,148.978,12.6636
66,81,53.7122,0
66,92,89.1067,0
66,98,38.0789,0
67,1,106.27,8.13973
67,6,74.2765,0
67,8,124.455,0
67,12,70.8308,0
67,15,57.8014,0
67,20,19.8494,0
67,21,112.285,0
67,22,57.0088,0
67,29,65.0692,0
67,36,86.093,0
67,37,69.3758,0
67,39,108.227,0
67,42,112.508,0
67,43,64.0078,0
67,46,182.501,15.5793
67,51,62.9365,0
67,56,150.849,12.6275
67,61,61.0574,0
67,64,84.0952,0
67,71,170.716,14.643
67,76,70.7672,0
67,77,36.0555,0
67,82,84.3149,0
67,86,77.3886,0
67,87,67.1789,0
67,88,128.035,0
67,89,65.0692,0
67,91,114.039,0
68,1,138.39,11.8583
68,7,135.801,9.7164
68,12,171.104,12.4897
68,13,90.5031,2.36609
68,23,231.176,1.93609
68,26,38,0
68,32,96.6365,3.11821
68,33,126.161,2.16944
68,38,101.22,4.17783
68,45,140.528,0
68,50,105.173,2.22847
68,53,100.258,4.17547
68,54,65.268,4.10778
68,56,202.869,0
68,60,138.525,6.60174
68,61,142.765,12.1993
68,66,94.1166,4.62298
68,69,98.0332,4.11993
68,71,189.98,9.70412
68,73,183.935,0
68,75,97.1431,2.36762
68,80,154.402,0
68,81,69.1532,5.61243
68,86,164.924,10.9949
68,98,100.154,3.33794
69,1,139.214,2.32998
69,6,210.738,7.98249
69,11,117.991,7.36622
69,13,102.825,0
69,26,126.055,10.5046
69,28,116.181,0
69,32,24.0416,0
69,33,95.1893,0
69,34,111.221,0
69,38,5.38516,0
69,46,115.44,1.81873
69,50,76.4788,0
69,53,5.09902,0
69,54,34.5398,0
69,55,104,0
69,61,177.972,12.4042
69,62,129.737,2.84907
69,68,98.0332,4.11993
69,71,78.69,2.00523
69,72,164.162,10.1394
69,75,110.454,0
69,79,150.209,11.5022
69,97,104.623,0
70,2,104.859,6.42845
70,3,118.751,5.72406
70,4,125.454,8.04723
70,5,150.005,11.2504
70,8,61.8466,0
70,10,207.71,14.788
70,15,74.3303,0
70,18,148.732,12.7425
70,22,122.711,0
70,24,86.1938,7.37954
70,31,137.849,7.95519
70,35,110.02,6.5488
70,36,92.0869,0
70,39,28.1603,0
70,41,63.9531,0
70,43,96.4624,0
70,44,121.023,7.42858
70,49,101.533,0
70,52,100.947,5.67143
70,56,185.564,15.8568
70,58,173.135,14.8526
70,76,60.8276,0
70,77,96.8297,0
70,83,84.5931,0
70,84,58.258,0
70,85,109.585,1.36797
70,87,64.5368,0
70,89,66.5282,0
70,91,30.1496,0
71,1,83.7616,0
71,6,132.04,5.86842
71,11,114.612,0
71,12,168.79,14.2188
71,20,165.043,13.8357
71,26,186,9.81132
71,29,181.815,15.5244
71,30,197.837,15.7186
71,32,102.446,8.02858
71,38,81.9896,3.49329
71,46,54.037,0
71,50,155.18,12.7229
71,53,82.6855,3.52294
71,54,96.1519,5.85103
71,55,186.676,11.1117
71,61,156.101,4.36387
71,62,98.0816,0
71,65,155.065,13.2809
71,67,170.716,14.643
71,68,189.98,9.70412
71,69,78.69,2.00523
71,72,120.048,7.59456
71,79,138.086,7.47703
71,86,156.382,13.3832
71,90,167.031,13.471
71,97,177.174,14.3889
72,1,173.023,10.3409
72,6,76.5376,0
72,11,44.9905,3.78217
72,21,139.034,9.3636
72,29,120.221,0
72,30,111.508,9.5035
72,32,151.467,12.6843
72,38,153.784,11.6836
72,46,66.1532,5.51277
72,53,155.682,11.7519
72,54,205.258,13.9926
72,55,75.2396,0
72,62,36.1519,2.65891
72,64,117.068,0
72,65,44.9444,0
72,69,164.162,10.1394
72,71,120.048,7.59456
72,79,23.3452,0
72,90,64.6739,4.62734
72,94,127.781,0
72,97,90.0056,0
73,3,152.118,0
73,7,98.1005,8.30969
73,8,219.251,3.90405
73,12,190.254,6.45178
73,14,227.731,1.11611
73,16,109.974,6.87802
73,17,96.5194,0
73,23,51.614,0
73,26,160.312,0
73,31,159.11,0
73,40,126.127,0
73,43,216.885,8.05578
73,45,76.0263,0
73,49,223.903,8.22389
73,56,124.403,0
73,57,87.8635,0
73,58,112.285,0
73,60,145.544,10.5125
73,61,196.292,15.5634
73,66,135.094,10.3437
73,68,183.935,0
73,80,42.0476,0
73,81,85.2082,7.10069
73,85,182.822,0
73,86,178.705,6.30051
73,92,113.384,9.70181
74,4,58.8558,0
74,9,131.683,2.93454
74,19,201.911,3.02269
74,22,162.42,13.8195
74,25,78.8923,0
74,35,74.8866,0
74,36,122.817,9.91984
74,51,182.15,15.4552
74,59,199.623,1.46
74,82,166.954,11.047
74,88,184.52,8.66603
74,91,151.93,13.0197
74,96,98.9949,0
75,13,8.06226,0
75,26,135.137,9.41494
75,27,110.209,0
75,28,67.424,0
75,32,90.6973,0
75,33,53.4509,0
75,34,83.6301,0
75,38,108.706,0
75,47,57.3847,0
75,50,47.3814,0
75,53,107.935,0
75,54,100.344,0
75,63,78.339,0
75,66,89.8888,0
75,68,97.1431,2.36762
75,69,110.454,0
75,81,107.355,0
75,98,58.9406,0
76,3,158.828,13.6179
76,4,142.974,10.1813
76,8,69.6348,0
76,12,84.4808,0
76,15,14.3178,0
76,20,71.3442,0
76,22,73.171,0
76,24,143.02,9.59052
76,29,127.632,0
76,35,109.398,3.8907
76,36,61.2209,0
76,37,122.723,0
76,39,39,0
76,41,101.833,0
76,43,50.448,0
76,51,97.0824,0
76,56,145.237,12.4464
76,58,186.574,14.8958
76,61,101.98,0
76,67,70.7672,0
76,70,60.8276,0
76,77,36.7151,0
76,82,101.415,0
76,84,89.1403,0
76,85,129.64,2.48477
76,86,90.934,0
76,87,5,0
76,89,5.83095,0
76,91,47.1275,0
77,1,140.044,9.83209
77,6,109.986,0
77,8,100.045,0
77,12,77.6981,0
77,15,26.4764,0
77,20,43.2897,0
77,22,47.0106,0
77,29,91.1811,0
77,35,122.019,4.14224
77,36,58.2409,0
77,37,87.8237,0
77,39,75.5844,0
77,42,120.075,0
77,43,53.8238,0
77,51,66.4906,0
77,56,146.606,12.2518
77,61,82.8734,0
77,64,109.417,0
77,67,36.0555,0
77,70,96.8297,0
77,76,36.7151,0
77,82,78.032,0
77,84,123.167,0
77,86,84.9058,0
77,87,32.45,0
77,88,125.032,0
77,89,30.8869,0
77,91,78.0064,0
78,47,154.134,11.4255
78,60,134.464,11.0612
78,63,117.206,8.26769
78,66,170.516,13.6631
78,98,163.431,12.4165
79,1,200.504,10.9178
79,6,98.8989,0
79,11,32.2296,2.53808
79,30,130.02,11.0111
79,32,139.701,11.3693
79,38,127.116,10.7607
79,46,83.0213,6.81183
79,53,128.088,10.8216
79,54,212.007,13.6512
79,55,52.0384,0
79,62,40.4567,3.39822
79,65,58.0086,0
79,69,150.209,11.5022
79,71,138.086,7.47703
79,72,23.3452,0
79,90,83.2531,4.90661
79,94,104.676,0
79,97,67.1863,0
80,3,140.694,6.80194
80,7,123.093,10.1421
80,8,213.998,2.86158
80,12,148.913,7.44259
80,14,250.66,1.81558
80,16,141.951,9.03622
80,17,138.521,0
80,23,89.8888,0
80,26,125.936,0
80,31,172.849,1.62942
80,40,167.487,0
80,43,188.651,7.39918
80,45,34.2345,0
80,54,216.004,10.3249
80,56,95.6033,0
80,57,104.088,1.15531
80,58,104.353,5.51056
80,60,168.965,14.0118
80,61,157.099,13.2087
80,66,148.978,12.6636
80,68,154.402,0
80,73,42.0476,0
80,81,96.0138,6.8993
80,85,185.674,4.80436
80,86,136.741,7.1547
80,92,139.914,11.9467
81,7,65.6201,0
81,12,181.4,15.3363
81,13,103.247,0
81,16,89.6239,1.05314
81,17,167.851,8.78244
81,23,131.407,10.7892
81,26,78.5384,5.47174
81,40,202.028,9.16451
81,45,104.417,7.11815
81,54,134.428,11.2558
81,56,180.063,8.56269
81,57,176.488,12.3796
81,58,210.489,9.63114
81,60,84.8764,0
81,63,116.927,0
81,66,53.7122,0
81,68,69.1532,5.61243
81,73,85.2082,7.10069
81,75,107.355,0
81,80,96.0138,6.8993
81,86,174.325,14.4735
81,92,89.627,0
81,98,80.3057,0
82,4,180.102,12.3757
82,6,124.064,0
82,9,191.724,15.307
82,15,99.368,0
82,20,103.6,0
82,21,101.533,0
82,22,31.0644,0
82,25,109,9.22297
82,29,75.1864,0
82,35,135.236,11.5555
82,36,53.4509,0
82,37,55.7136,0
82,42,51.6624,0
82,51,26.0768,0
82,59,202.198,13.7532
82,64,82.7345,0
82,67,84.3149,0
82,74,166.954,11.047
82,76,101.415,0
82,77,78.032,0
82,87,96.5401,0
82,88,47.0106,0
82,89,97.2677,0
82,91,115.317,0
83,2,163.082,10.4608
83,3,140.967,12.009
83,5,61.8466,4.12311
83,8,89.9389,0
83,10,66.1159,5.16935
83,14,111.673,9.56002
83,18,84.1249,6.86473
83,24,52.1902,3.79078
83,31,160.133,11.3972
83,39,99.1615,0
83,41,47.4342,0
83,44,36.8909,1.7132
83,49,100.552,5.30988
83,52,164.554,10.6568
83,58,185.943,15.2542
83,70,84.5931,0
83,84,61.0737,0
83,85,128.566,10.6705
83,91,114.215,0
83,99,146.671,8.73041
84,2,187.677,15.5964
84,3,64.6558,4.45051
84,5,136.766,9.83518
84,8,29,0
84,10,127.208,6.23654
84,12,186.901,14.7303
84,14,75.0267,0
84,15,96.6902,0
84,18,154.827,13.2661
84,23,195.211,13.5602
84,24,76.0011,5.46544
84,31,80.0472,6.4209
84,39,53.9351,0
84,41,14.4222,0
84,43,94.0479,0
84,44,113.274,8.22757
84,49,46.0977,0
84,52,182.431,15.4755
84,56,166.069,10.1726
84,57,135.083,11.0022
84,58,104.195,8.9288
84,70,58.258,0
84,76,89.1403,0
84,77,123.167,0
84,83,61.0737,0
84,85,52.9124,1.78299
84,86,198.497,14.1543
84,87,94.1329,0
84,89,94.3398,0
84,91,85,0
85,3,47.2017,0
85,5,109.772,8.23294
85,8,59.2601,1.95363
85,12,233.306,5.00678
85,14,62.3409,5.03523
85,15,157.953,11.5716
85,16,249.303,0
85,17,181.648,0
85,23,150.333,0
85,24,117.559,6.8563
85,31,27.2029,0
85,39,99.0506,1.12433
85,40,173.217,0
85,41,53.0153,1.51708
85,43,188.03,10.9516
85,44,130.343,9.81251
85,45,203.523,2.23421
85,49,36.8951,2.29596
85,56,169.293,0
85,57,95.0368,0
85,58,78.8923,0
85,70,109.585,1.36797
85,73,182.822,0
85,76,129.64,2.48477
85,80,185.674,4.80436
85,83,128.566,10.6705
85,84,52.9124,1.78299
85,86,233.406,4.19331
86,1,101.882,8.73812
86,3,186.984,4.04727
86,6,116.619,0
86,8,162.449,8.79624
86,12,7.2111,0
86,15,79.3095,0
86,20,57.8014,0
86,22,128.144,0
86,23,204.592,8.95271
86,26,129.884,9.59028
86,31,229.124,4.44816
86,39,108.513,0.50698
86,43,41.0122,0
86,45,96.9553,7.60391
86,54,121.341,6.68018
86,56,72.3418,3.79844
86,57,190.948,4.52244
86,58,170.669,4.17309
86,61,34.4819,0
86,67,77.3886,0
86,68,164.924,10.9949
86,71,156.382,13.3832
86,73,178.705,6.30051
86,76,90.934,0
86,77,84.9058,0
86,80,136.741,7.1547
86,81,174.325,14.4735
86,84,198.497,14.1543
86,85,233.406,4.19331
86,87,91.7824,0
86,89,88.8426,0
87,3,162.99,13.9781
87,4,141.204,10.0553
87,8,74.5252,0
87,12,85.1587,0
87,15,13.0384,0
87,20,68.884,0
87,22,68.1836,0
87,24,148.046,9.92481
87,29,123.065,0
87,35,107.692,3.83003
87,36,57.3847,0
87,37,117.881,0
87,39,43.6578,0
87,41,106.794,0
87,43,51.8652,0
87,51,92.0869,0
87,56,147.95,12.6911
87,58,192.171,15.455
87,61,101.119,0
87,67,67.1789,0
87,70,64.5368,0
87,76,5,0
87,77,32.45,0
87,82,96.5401,0
87,84,94.1329,0
87,86,91.7824,0
87,89,3,0
87,91,48.8467,0
88,4,212.003,12.3847
88,9,186.186,4.10864
88,19,212.194,4.63286
88,21,127.453,9.12848
88,22,78.032,0
88,25,120.609,4.32724
88,29,104.887,2.89209
88,35,189.069,13.8991
88,36,92.2659,0
88,37,82.0384,1.96615
88,42,60.8158,4.28059
88,51,65.192,0
88,59,155.809,4.59752
88,64,112.095,6.34559
88,67,128.035,0
88,74,184.52,8.66603
88,77,125.032,0
88,82,47.0106,0
89,3,163.492,14.0193
89,4,144.048,10.1131
89,8,73.9797,0
89,12,82.201,0
89,15,10.0499,0
89,20,66.242,0
89,22,68.469,0
89,24,148.809,9.69292
89,29,121.852,0
89,35,110.544,3.83093
89,36,59.4138,0
89,37,117.154,0
89,39,44.7772,0
89,41,107.201,0
89,43,49.0408,0
89,51,92.0054,0
89,56,144.775,12.4169
89,58,190.892,15.2022
89,61,98.1529,0
89,67,65.0692,0
89,70,66.5282,0
89,76,5.83095,0
89,77,30.8869,0
89,82,97.2677,0
89,84,94.3398,0
89,86,88.8426,0
89,87,3,0
89,91,51.6236,0
90,1,208.337,13.1513
90,6,92.1314,7.58134
90,11,110.601,8.77788
90,21,90.236,7.3235
90,29,114.888,8.91881
90,30,47.2337,0.524264
90,37,131.086,9.2426
90,46,116.987,10.0238
90,55,132.406,5.08398
90,62,101.671,7.90392
90,64,103.158,8.20818
90,65,32.8976,2.74146
90,71,167.031,13.471
90,72,64.6739,4.62734
90,79,83.2531,4.90661
91,2,99.0202,0
91,3,161.029,12.529
91,4,107.892,8.7439
91,8,80.7217,0
91,15,61.3514,0
91,18,164.941,13.2807
91,20,117.631,0
91,22,95.7549,0
91,24,112.277,8.87069
91,25,176.638,15.1462
91,35,83.1731,5.54487
91,36,62.3939,0
91,39,37.2022,0
91,41,92.6984,0
91,43,94.0213,0
91,51,121.334,0
91,52,96.566,0
91,67,114.039,0
91,70,30.1496,0
91,74,151.93,13.0197
91,76,47.1275,0
91,77,78.0064,0
91,82,115.317,0
91,83,114.215,0
91,84,85,0
91,87,48.8467,0
91,89,51.6236,0
92,7,24.3516,0
92,16,19.6473,0.955076
92,17,88.644,5.06188
92,23,125.303,7.60503
92,40,105.376,5.08596
92,45,175.902,13.9277
92,57,185.954,8.18171
92,58,221.675,8.62255
92,60,67.4463,0
92,66,89.1067,0
92,73,113.384,9.70181
92,80,139.914,11.9467
92,81,89.627,0
92,98,126.372,0
93,0,67.72,0
93,27,66.2193,0
93,28,98.4124,0
93,32,126.036,0
93,33,106.902,0
93,34,78.7718,0
93,48,16.5529,0
93,50,118.962,0
93,55,85.7263,0
93,94,66.888,0
93,95,36.6742,0
93,97,69.3758,0
94,0,54.5894,0
94,11,136.156,9.29227
94,48,83.3547,0
94,55,56.8595,0
94,62,157.823,12.2662
94,72,127.781,0
94,79,104.676,0
94,93,66.888,0
94,95,56.3649,0
94,97,50.448,0
95,0,32.1403,0
95,27,97.0052,0
95,34,114.237,0
95,48,48.8365,0
95,55,98.326,0
95,93,36.6742,0
95,94,56.3649,0
95,97,84.3445,0
96,4,116.619,0
96,9,149.265,0
96,19,209.16,0
96,25,160.524,0
96,35,148,0
96,36,216.669,13.3562
96,59,231.041,0
96,74,98.9949,0
97,0,98.0051,0
97,11,94.2922,8.08686
97,27,117.388,0
97,32,101.193,0
97,33,125,0
97,34,111.14,0
97,38,100.344,0
97,46,165.258,12.1544
97,48,81.0247,0
97,50,124.68,0
97,53,101.213,0
97,55,16.5529,0
97,62,117.595,9.84155
97,65,120.487,0
97,69,104.623,0
97,71,177.174,14.3889
97,72,90.0056,0
97,79,67.1863,0
97,93,69.3758,0
97,94,50.448,0
97,95,84.3445,0
98,7,106.231,0
98,13,61.5224,0
98,26,136.473,10.2355
98,28,124.338,0
98,33,112.361,0
98,47,89.975,5.55728
98,50,104.389,0
98,60,70.6612,0
98,63,38.9487,0
98,66,38.0789,0
98,68,100.154,3.33794
98,75,58.9406,0
98,78,163.431,12.4165
98,81,80.3057,0
98,92,126.372,0
99,2,119.218,0
99,5,124.169,0
99,10,76.6551,0
99,18,81.3449,0
99,44,146.373,8.32613
99,52,122.381,0
99,83,146.671,8.73041
