0,5,78.339,0
0,14,372.146,30.4433
0,18,277.204,23.7803
0,32,359.423,29.3122
0,49,175.059,13.6091
0,51,342.271,28.9924
0,59,90.0222,0
0,68,177.346,14.3363
0,69,186.724,14.0952
0,71,300.112,7.19827
0,87,329.019,27.8656
0,92,250.307,21.2024
0,93,198.123,16.5393
0,96,283.394,15.1818
1,3,224.354,19.2304
1,7,108.081,7.25506
1,10,417.374,35.0964
1,12,285.62,22.8626
1,19,222.579,10.9529
1,20,57.7474,2.36239
1,21,25.4495,1.64816
1,24,424.667,30.1889
1,26,259.614,21.9977
1,28,377.989,31.9843
1,39,169.841,13.9007
1,44,449.047,30.9056
1,54,308.712,25.4359
1,56,252.314,3.41739
1,60,67.8858,5.82322
1,62,313.823,24.0449
1,64,134.223,2.17738
1,73,168.649,14.1585
1,77,297.333,25.5037
1,84,294.026,24.9476
1,85,225.574,19.3308
1,88,112.132,4.11163
1,90,84.8662,2.41937
1,95,237.295,20.3562
2,13,88.1022,0
2,22,120.017,0
2,29,271.13,3.8941
2,34,49.0408,0
2,38,185.918,9.40601
2,40,220.293,0
2,43,102.694,0
2,45,227.379,0
2,52,303.87,21.3396
2,53,290.235,23.4421
2,61,244.346,0
2,63,215.035,0
2,67,132.004,0
2,74,230.217,0
2,86,208.926,0
3,1,224.354,19.2304
3,7,169.343,5.17126
3,9,339.677,18.0231
3,10,325.164,12.4538
3,12,270.735,11.4001
3,16,293.106,25.1137
3,17,177.688,0
3,19,127.35,0
3,20,205.25,2.51205
3,21,248.639,21.1538
3,24,186.408,15.056
3,25,444.385,28.7293
3,26,106.456,8.12781
3,28,263.462,15.8841
3,39,51.822,3.63335
3,41,156,0
3,54,204.824,0
3,60,155.882,3.54871
3,62,88.459,0
3,64,288.679,2.53063
3,73,49.5253,3.55397
3,77,130.847,9.73188
3,80,391.43,33.5701
3,84,172.071,11.4237
3,85,109.385,0
3,88,210.299,5.14211
3,90,130.468,3.83298
3,95,56.1654,1.85161
4,6,67.1791,4.76881
4,31,47.2196,3.88905
4,66,152.194,11.2771
4,89,167.502,0
4,91,100.319,0
4,94,135.595,0
4,97,201.698,0
5,0,78.339,0
5,14,293.675,25.1893
5,18,298.329,19.8886
5,32,280.59,19.3098
5,48,279.376,12.1074
5,49,91.2665,7.74975
5,51,301.033,25.2429
5,59,22.0227,0
5,68,159.594,12.8644
5,69,111.779,8.66351
5,71,238.191,13.2782
5,76,234.01,8.25035
5,87,220.052,18.868
5,92,178.88,11.4038
5,93,189.55,15.4451
5,96,253.025,18.8866
6,4,67.1791,4.76881
6,31,23.3238,0
6,66,107.946,7.28555
6,89,281.575,23.6047
6,91,168.106,10.9218
6,94,201.015,11.4599
6,97,280.389,20.8116
7,1,108.081,7.25506
7,3,169.343,5.17126
7,10,313.512,26.7273
7,12,181.122,12.3711
7,19,225.281,14.226
7,20,79.3221,0
7,21,95.9635,0
7,24,349.801,26.6896
7,25,242.621,0
7,26,187.596,13.1461
7,33,253.618,0
7,39,115.935,0
7,54,369.1,30.583
7,56,169.85,0
7,60,42.45,0
7,62,259.884,9.58182
7,64,148.946,0
7,73,118.229,0
7,77,219.861,17.7094
7,78,310.937,21.0986
7,84,254.867,0
7,85,212.207,0
7,88,41.5933,0
7,90,65.6201,0
7,95,194.738,1.93286
8,11,285.617,10.1337
8,14,257,0
8,15,238.799,0
8,30,127.346,0
8,32,265.444,22.6025
8,35,61.3514,0
8,36,142.201,0
8,37,329.683,24.5822
8,42,104.293,0
8,50,173.046,5.81827
8,51,349.406,29.9632
8,55,115.732,0
8,58,135.518,0
8,61,268.213,0
8,72,114.39,0
8,74,280.957,0
8,79,196.554,16.3363
8,81,33.3766,0
8,87,259.977,0
8,89,214.294,0
8,94,283.283,0
8,96,245.911,12.4577
8,97,179.513,0
9,3,339.677,18.0231
9,10,211.987,7.32865
9,12,331.846,2.56718
9,16,292.027,0
9,17,324.376,3.81165
9,22,308.598,20.3253
9,23,297.873,22.2506
9,24,343.984,22.3097
9,25,313.321,25.8289
9,26,300.06,0
9,28,478.139,25.182
9,29,232.515,3.39864
9,34,301.732,8.49842
9,39,398.138,11.5061
9,41,307.344,1.49167
9,53,248.571,3.8907
9,62,228.388,12.4282
9,63,148.186,3.951
9,65,380.311,32.2876
9,67,210.21,10.3254
9,73,415.051,9.14971
9,77,263.697,0
9,82,372.183,28.7299
9,85,448.673,35.3806
9,86,191.92,16.4227
9,95,376.194,25.3796
9,98,346.922,28.1363
10,1,417.374,35.0964
10,3,325.164,12.4538
10,7,313.512,26.7273
10,9,211.987,7.32865
10,11,350.11,29.7098
10,12,133.821,0
10,15,320.003,15.894
10,16,489.122,0
10,17,487.525,4.11166
10,24,443.032,22.5673
10,25,140.562,11.8437
10,26,222.036,0
10,29,219.698,16.3789
10,33,227.83,15.6134
10,39,303.468,15.0319
10,41,456.816,1.54664
10,53,253.619,17.3541
10,56,371.396,31.0077
10,60,334.292,28.5694
10,62,327.692,5.15289
10,63,201.188,16.7343
10,67,298.584,21.8835
10,73,318.876,15.4544
10,77,192.769,0
10,78,362.89,30.853
10,85,431.921,35.8513
10,86,316.435,26.7787
10,88,344.585,29.5228
10,90,338.784,29.0183
10,95,376.818,25.4497
11,8,285.617,10.1337
11,10,350.11,29.7098
11,12,405.757,32.6546
11,13,364.476,31.0633
11,15,164.944,12.7841
11,25,227.634,18.0182
11,29,126.739,9.90926
11,30,202.324,17.0955
11,33,225.345,15.9785
11,35,312.013,21.6639
11,36,310.253,26.3651
11,38,270.66,22.3268
11,42,171.013,4.6898
11,47,281.274,22.3975
11,50,371.508,25.7908
11,52,337.117,23.301
11,53,133.793,5.85462
11,61,217.763,3.81944
11,63,235.838,12.0486
11,67,299.51,7.44396
11,74,217.145,3.69775
11,78,325.657,25.8917
11,81,325.807,23.635
12,1,285.62,22.8626
12,3,270.735,11.4001
12,7,181.122,12.3711
12,9,331.846,2.56718
12,10,133.821,0
12,11,405.757,32.6546
12,15,325.397,17.9053
12,16,553.003,0
12,17,492.225,18.6449
12,19,339.849,27.5004
12,20,260.356,13.8509
12,21,268.374,14.2172
12,24,441.175,22.3362
12,25,178.142,14.5959
12,26,173.666,0
12,29,283.777,22.2877
12,33,218.209,16.1391
12,39,189.967,16.0243
12,41,450.418,18.4262
12,47,357.609,28.9967
12,53,326.865,24.6367
12,56,250.184,12.3458
12,60,211.975,13.5601
12,62,334.842,7.55115
12,63,329.618,26.956
12,73,200.657,17.0362
12,77,166.433,0
12,78,328.879,28.2088
12,85,345.512,29.1457
12,88,210.503,12.7152
12,90,210.385,13.3671
12,95,326.907,23.6976
13,2,88.1022,0
13,11,364.476,31.0633
13,22,176.664,0
13,29,259.869,22.2931
13,34,47.634,0
13,38,99.8053,8.12894
13,40,217.037,0
13,43,130.614,0
13,45,213.974,0
13,52,239.012,16.2559
13,53,225.006,16.9792
13,61,173.623,0
13,63,164.542,0
13,67,121.807,0
13,74,159.38,0
13,86,218.358,0
14,0,372.146,30.4433
14,5,293.675,25.1893
14,8,257,0
14,18,272.635,19.0601
14,27,127.577,0
14,30,259.538,0
14,32,170.082,0
14,35,200.002,0
14,36,166.355,0
14,47,478.696,26.1317
14,48,118.444,0
14,49,218.287,18.2787
14,50,181.585,8.3086
14,51,197.226,0
14,57,200.392,0
14,59,261.871,20.0778
14,68,280.003,21.8184
14,69,178.82,14.0378
14,70,157.521,2.90809
14,71,92.358,0
14,72,157.003,0
14,75,143.178,0
14,76,120.553,0
14,79,361.266,30.314
14,81,224.056,0
14,83,155.396,0
14,87,78.5175,0
14,92,115.865,3.86157
14,93,229.102,12.0551
14,96,154.237,0
15,8,238.799,0
15,10,320.003,15.894
15,11,164.944,12.7841
15,12,325.397,17.9053
15,25,179.402,0
15,27,406.177,20.5407
15,29,293.483,24.3503
15,30,112.161,0
15,33,111.158,0
15,35,208.406,0
15,36,240.173,17.7885
15,38,414.15,35.1294
15,42,198.814,14.7431
15,47,131.133,10.7273
15,50,227.567,16.8728
15,53,309.695,26.4722
15,56,349.249,29.6898
15,70,415.7,11.7447
15,72,301.483,12.6578
15,75,427.603,16.1971
15,78,180.171,15.2016
15,81,226.214,0
15,83,497.119,26.9519
16,3,293.106,25.1137
16,9,292.027,0
16,10,489.122,0
16,12,553.003,0
16,17,87.5331,3.72948
16,23,135.781,8.4496
16,24,203.77,16.1564
16,26,409.236,7.59505
16,28,302.874,22.6328
16,39,335.55,28.3005
16,41,116.917,2.32986
16,46,216.792,6.76938
16,62,209.441,12.7116
16,63,437.234,33.3015
16,65,167.428,6.62256
16,67,408.63,34.9794
16,73,342.437,29.2002
16,77,402.711,1.82467
16,80,215.429,10.5149
16,82,113.978,5.81062
16,84,420.869,26.4671
16,85,415.994,28.4297
16,86,287.555,24.2976
16,95,359.037,20.6921
16,98,127.903,6.38737
17,3,177.688,0
17,9,324.376,3.81165
17,10,487.525,4.11166
17,12,492.225,18.6449
17,16,87.5331,3.72948
17,19,362.163,30.9105
17,23,209.629,16.7759
17,24,108.524,8.68989
17,26,310.586,23.3911
17,28,216.313,17.4823
17,39,226.609,3.80354
17,41,22.2036,0
17,46,238.296,0
17,54,408.655,34.5223
17,62,109.736,5.22593
17,65,189.169,0
17,73,226.695,4.24369
17,77,325.04,18.9315
17,80,159.615,0
17,82,124.652,0
17,84,326.266,23.5549
17,85,318.963,25.4917
17,86,383.954,28.3442
17,95,264.088,20.4023
17,98,150.333,0
18,0,277.204,23.7803
18,5,298.329,19.8886
18,14,272.635,19.0601
18,32,112.067,4.24495
18,35,283.703,4.49321
18,37,164.627,1.95745
18,49,250.107,15.883
18,51,56.6277,3.53528
18,55,355.88,29.1877
18,58,338.062,29.001
18,59,320.965,23.619
18,68,106.235,5.37858
18,69,293.393,21.961
18,71,371.723,29.8685
18,72,207.267,5.3357
18,79,290.824,24.5895
18,81,355.671,28.3701
18,87,201.023,17.0988
18,92,337.616,19.5989
18,93,110.164,0
18,96,106.936,7.08035
19,1,222.579,10.9529
19,3,127.35,0
19,7,225.281,14.226
19,12,339.849,27.5004
19,17,362.163,30.9105
19,20,275.465,22.009
19,21,240.581,14.9292
19,24,258.019,20.7081
19,26,239.826,18.1972
19,28,188.932,15.8028
19,39,157.08,9.88613
19,41,331.33,28.4198
19,44,300.328,19.7465
19,54,90.1388,0
19,60,241.156,18.9247
19,62,227.393,13.7862
19,64,361.694,30.7965
19,73,146.407,9.05969
19,77,264.34,20.6492
19,80,300.915,12.5181
19,84,76.8375,0
19,85,45.7056,0
19,88,313.492,26.8685
19,90,171.707,14.6181
19,95,102.612,4.47485
20,1,57.7474,2.36239
20,3,205.25,2.51205
20,7,79.3221,0
20,12,260.356,13.8509
20,19,275.465,22.009
20,21,38.2753,0
20,26,246.511,12.5883
20,39,163.355,0
20,54,358.301,30.7373
20,56,204.198,0
20,60,55.0818,0
20,62,295.049,3.48456
20,64,83.4326,0
20,73,161.623,0
20,77,285.252,19.7448
20,84,354.145,30.3553
20,85,288.013,24.2491
20,88,69.3542,0
20,90,77.8845,0
20,95,308.042,26.3934
21,1,25.4495,1.64816
21,3,248.639,21.1538
21,7,95.9635,0
21,12,268.374,14.2172
21,19,240.581,14.9292
21,20,38.2753,0
21,24,438.121,34.6242
21,26,274.903,22.4165
21,28,396.544,33.9433
21,39,190.96,14.9342
21,44,422.54,31.9991
21,54,321.792,26.9047
21,56,240.033,0
21,60,57.3149,0
21,62,337.122,25.2401
21,64,109.417,0
21,73,188.216,14.9761
21,77,310.159,26.2396
21,84,315.37,26.9297
21,85,270.301,22.47
21,88,100.285,0
21,90,99.7985,7.84083
21,95,252.476,21.1254
22,2,120.017,0
22,9,308.598,20.3253
22,13,176.664,0
22,23,219.584,0
22,34,130.74,0
22,38,277.638,14.3344
22,43,218.874,0
22,46,280.516,0
22,53,288.996,9.15506
22,63,208.586,0
22,65,275.77,0
22,67,110.494,0
22,86,123.004,0
22,98,276.872,0
23,9,297.873,22.2506
23,16,135.781,8.4496
23,17,209.629,16.7759
23,22,219.584,0
23,24,327.145,27.2033
23,41,253.98,21.7208
23,46,117.388,0
23,62,345.56,28.5265
23,63,268.539,0
23,65,79.6241,0
23,67,236.034,0
23,80,268.931,0
23,82,101.02,0
23,86,139.359,0
23,98,61.131,0
24,1,424.667,30.1889
24,3,186.408,15.056
24,7,349.801,26.6896
24,9,343.984,22.3097
24,10,443.032,22.5673
24,12,441.175,22.3362
24,16,203.77,16.1564
24,17,108.524,8.68989
24,19,258.019,20.7081
24,21,438.121,34.6242
24,23,327.145,27.2033
24,26,262.31,19.7473
24,28,135.912,0
24,39,238.945,20.3102
24,41,97.7798,8.33351
24,54,300.527,24.2208
24,60,369.041,31.6573
24,62,117.555,10.0781
24,65,294.018,10.934
24,73,237.662,19.9653
24,77,278.109,18.5406
24,80,204.28,16.5903
24,82,225.761,11.0156
24,84,230.693,2.63054
24,85,207.694,12.9326
24,90,358.869,28.7191
24,95,185.224,0
24,98,256.152,10.765
25,3,444.385,28.7293
25,7,242.621,0
25,9,313.321,25.8289
25,10,140.562,11.8437
25,11,227.634,18.0182
25,12,178.142,14.5959
25,15,179.402,0
25,26,339.703,20.4162
25,29,121.709,0
25,30,402.214,34.2573
25,33,91.2853,0
25,38,331.233,27.1899
25,39,365.993,30.6666
25,47,215.082,8.00976
25,53,165.484,0
25,56,233.105,0
25,60,286.425,3.28099
25,62,465.058,27.9959
25,63,168.467,0
25,67,267.978,0
25,73,376.688,31.7081
25,77,318.285,20.4945
25,78,207.808,11.7225
25,88,259.37,0
25,90,314.194,12.7648
26,1,259.614,21.9977
26,3,106.456,8.12781
26,7,187.596,13.1461
26,9,300.06,0
26,10,222.036,0
26,12,173.666,0
26,16,409.236,7.59505
26,17,310.586,23.3911
26,19,239.826,18.1972
26,20,246.511,12.5883
26,21,274.903,22.4165
26,24,262.31,19.7473
26,25,339.703,20.4162
26,28,351.569,23.8219
26,29,441.406,35.6932
26,33,393.068,32.7974
26,39,98.3807,8.14631
26,41,249.692,21.3266
26,54,312.396,17.3501
26,56,325.057,18.3366
26,60,191.44,11.9317
26,62,171.097,8.74759
26,63,408.446,29.1252
26,73,117.016,8.4993
26,77,37.5766,0
26,84,282.11,23.6707
26,85,216.212,15.4104
26,86,492.732,29.6455
26,88,228.383,14.0582
26,90,175.088,11.5758
26,95,161.269,13.6929
27,14,127.577,0
27,15,406.177,20.5407
27,30,375.012,30.9829
27,32,286.252,0
27,33,468.651,32.5417
27,35,312.185,24.6901
27,36,259.85,20.8317
27,47,334.15,9.74604
27,48,85.4459,0
27,49,321.373,23.0677
27,50,236.007,18.9077
27,56,471.711,31.0521
27,57,116.297,0
27,69,281.494,15.8791
27,70,30.026,2.25195
27,71,116.25,0
27,72,295.253,21.1635
27,75,17.2047,0
27,76,125.32,0
27,78,400.402,8.8005
27,81,342.676,26.0822
27,83,62.2896,0
27,87,206.051,0
27,92,215.162,3.02521
27,96,275.944,0
28,1,377.989,31.9843
28,3,263.462,15.8841
28,9,478.139,25.182
28,16,302.874,22.6328
28,17,216.313,17.4823
28,19,188.932,15.8028
28,21,396.544,33.9433
28,24,135.912,0
28,26,351.569,23.8219
28,39,316.32,21.663
28,41,216.191,15.8765
28,54,179.753,14.3251
28,60,355.595,29.1743
28,62,251.213,14.7456
28,73,307.604,20.7609
28,77,376.035,22.2258
28,80,152.394,7.76912
28,82,293.663,21.2841
28,84,99.4938,8.53522
28,85,147.407,12.126
28,90,324.832,27.4876
28,95,213.776,0
28,98,336.411,23.4019
29,2,271.13,3.8941
29,9,232.515,3.39864
29,10,219.698,16.3789
29,11,126.739,9.90926
29,12,283.777,22.2877
29,13,259.869,22.2931
29,15,293.483,24.3503
29,25,121.709,0
29,26,441.406,35.6932
29,30,285.455,16.2535
29,33,174.046,0
29,34,215.138,0.5003
29,38,208.522,15.6003
29,42,248.6,0
29,47,373.851,31.7734
29,52,422.524,35.2647
29,53,44.2719,0
29,61,303.28,25.9269
29,63,108.757,0
29,67,188.322,0
29,74,302.796,25.9565
29,77,412.55,34.03
29,78,346.537,28.2333
29,86,251.4,0
30,8,127.346,0
30,11,202.324,17.0955
30,14,259.538,0
30,15,112.161,0
30,25,402.214,34.2573
30,27,375.012,30.9829
30,29,285.455,16.2535
30,32,277.417,0
30,33,249.695,12.2223
30,35,107.968,0
30,36,93.5201,0
30,38,377.796,31.2695
30,42,59.6154,0
30,47,280.539,22.1167
30,50,125.186,9.10549
30,53,285.858,12.413
30,55,242.662,0
30,58,262.819,0
30,61,246.135,0.504359
30,70,403.18,29.7674
30,72,183.897,0
30,74,265.654,5.83384
30,75,382.734,32.2634
30,78,382.381,28.1235
30,79,329.164,26.5983
30,81,119.067,0
30,97,275.786,0
31,4,47.2196,3.88905
31,6,23.3238,0
31,66,131.432,7.22329
31,89,198.367,8.8163
31,91,147.517,7.04762
31,94,178.539,7.30388
31,97,232.762,8.28293
32,0,359.423,29.3122
32,5,280.59,19.3098
32,8,265.444,22.6025
32,14,170.082,0
32,18,112.067,4.24495
32,27,286.252,0
32,30,277.417,0
32,35,171.677,0
32,36,215.244,0
32,37,172.651,14.3175
32,42,285.801,0
32,48,287.8,0
32,49,212.055,14.5924
32,50,241.763,7.02439
32,51,55.0091,0
32,55,279.943,14.2156
32,58,282.121,19.482
32,59,309.629,23.5669
32,68,216.639,18.2016
32,69,278.368,23.7485
32,71,254.719,0
32,72,93.5201,0
32,76,282.002,0
32,79,215.007,12.1093
32,81,185.642,5.48494
32,87,114.495,0
32,92,256.528,20.8759
32,93,180.916,15.5154
32,96,29.0689,0
33,7,253.618,0
33,10,227.83,15.6134
33,11,225.345,15.9785
33,12,218.209,16.1391
33,15,111.158,0
33,25,91.2853,0
33,26,393.068,32.7974
33,27,468.651,32.5417
33,29,174.046,0
33,30,249.695,12.2223
33,36,396.237,31.3867
33,42,284.717,10.1436
33,47,127.175,8.23609
33,50,362.938,30.4054
33,53,260.278,17.5373
33,56,179.769,0
33,63,251.078,0
33,70,461.637,26.8656
33,75,484.063,28.3684
33,77,382.139,32.1887
33,78,121.605,9.85893
33,88,255.766,0
34,2,49.0408,0
34,9,301.732,8.49842
34,13,47.634,0
34,22,130.74,0
34,29,215.138,0.5003
34,38,148.031,10.1623
34,40,234.047,0
34,43,128.035,0
34,45,235.907,0
34,52,282.988,18.6287
34,53,238.107,20.1934
34,61,219.021,0
34,63,170.074,0
34,67,99.2975,0
34,74,204.707,0
34,86,189.433,0
35,8,61.3514,0
35,11,312.013,21.6639
35,14,200.002,0
35,15,208.406,0
35,18,283.703,4.49321
35,27,312.185,24.6901
35,30,107.968,0
35,32,171.677,0
35,36,85.7963,0
35,37,362.462,26.0895
35,42,116.692,0
35,47,406.885,30.0097
35,50,114.82,4.79274
35,51,226.612,0
35,55,177.389,10.4031
35,58,187.091,5.82329
35,70,348.462,29.5665
35,71,286.211,0
35,72,79.2023,0
35,75,325.146,24.7242
35,79,240.076,18.8786
35,81,29.1548,0
35,87,213.785,0
35,89,275.045,0
35,96,189.621,0
35,97,240.693,0
36,8,142.201,0
36,11,310.253,26.3651
36,14,166.355,0
36,15,240.173,17.7885
36,27,259.85,20.8317
36,30,93.5201,0
36,32,215.244,0
36,33,396.237,31.3867
36,35,85.7963,0
36,42,140.911,0
36,47,318.147,11.9875
36,48,308.181,25.4442
36,50,29.6985,2.17571
36,51,267.918,0
36,55,296.144,22.2108
36,57,375.642,30.9978
36,58,300.679,17.4588
36,70,327.007,11.0192
36,71,255.771,8.9522
36,72,128.25,0
36,75,287.514,22.0539
36,76,319.413,23.0192
36,78,428.393,16.0339
36,79,319.472,27.1695
36,81,113.846,0
36,83,321.799,27.5828
36,87,211.009,0
36,92,280.685,4.19004
36,96,223.215,0
37,8,329.683,24.5822
37,18,164.627,1.95745
37,32,172.651,14.3175
37,35,362.462,26.0895
37,51,134.347,0
37,55,134.462,11.2052
37,58,94.1116,0
37,68,273.912,20.1831
37,72,299.094,17.0598
37,79,131.425,6.96226
37,81,346.101,22.8376
37,87,277.555,14.5137
37,89,257.211,4.22377
37,93,271.003,21.1035
37,96,185.565,12.5795
37,97,239.677,0
38,2,185.918,9.40601
38,11,270.66,22.3268
38,13,99.8053,8.12894
38,15,414.15,35.1294
38,22,277.638,14.3344
38,25,331.233,27.1899
38,29,208.522,15.6003
38,30,377.796,31.2695
38,34,148.031,10.1623
38,40,253.669,8.47286
38,42,373.334,31.8946
38,43,200.763,7.7398
38,45,243.867,9.05796
38,52,242.221,20.7786
38,53,167.027,2.65371
38,61,162.337,13.2048
38,63,219.259,18.7216
38,67,209.017,16.3836
38,74,147.157,12.0769
38,86,308.532,20.2836
39,1,169.841,13.9007
39,3,51.822,3.63335
39,7,115.935,0
39,9,398.138,11.5061
39,10,303.468,15.0319
39,12,189.967,16.0243
39,16,335.55,28.3005
39,17,226.609,3.80354
39,19,157.08,9.88613
39,20,163.355,0
39,21,190.96,14.9342
39,24,238.945,20.3102
39,25,365.993,30.6666
39,26,98.3807,8.14631
39,28,316.32,21.663
39,41,203.482,3.23976
39,54,241.198,9.82981
39,56,272.092,0
39,60,109.659,0
39,62,125.575,0
39,64,246.435,0
39,73,11.748,1.00125
39,77,136.277,9.82769
39,84,198.087,12.0171
39,85,151.453,9.1514
39,88,157.305,0
39,90,87,0
39,95,101.71,6.78068
40,2,220.293,0
40,13,217.037,0
40,34,234.047,0
40,38,253.669,8.47286
40,43,120.337,0
40,45,25.4951,0
40,52,185.813,15.7829
40,61,277.588,23.0461
40,74,234.277,18.9936
40,91,217.497,0
40,94,226.55,0
41,3,156,0
41,9,307.344,1.49167
41,10,456.816,1.54664
41,12,450.418,18.4262
41,16,116.917,2.32986
41,17,22.2036,0
41,19,331.33,28.4198
41,23,253.98,21.7208
41,24,97.7798,8.33351
41,26,249.692,21.3266
41,28,216.191,15.8765
41,39,203.482,3.23976
41,46,307.929,20.0953
41,54,401.45,33.2567
41,62,75.743,0
41,65,260.477,19.4465
41,73,204.826,4.1855
41,77,279.623,18.4408
41,80,172.047,0
41,82,146.154,0
41,84,328.635,18.3449
41,85,299.01,23.3429
41,86,399.906,26.6604
41,90,277.332,0
41,95,237.346,17.7658
41,98,223.061,18.3091
42,8,104.293,0
42,11,171.013,4.6898
42,15,198.814,14.7431
42,29,248.6,0
42,30,59.6154,0
42,32,285.801,0
42,33,284.717,10.1436
42,35,116.692,0
42,36,140.911,0
42,38,373.334,31.8946
42,47,324.934,27.7362
42,50,169.032,7.16478
42,52,289.86,17.5271
42,53,295.396,18.7939
42,55,216.391,0
42,58,234,0
42,61,197.01,0
42,72,195.346,0
42,74,207.06,0
42,79,295.993,22.6321
42,81,112.681,0
42,89,259.563,0
42,97,222.081,0
43,2,102.694,0
43,13,130.614,0
43,22,218.874,0
43,34,128.035,0
43,38,200.763,7.7398
43,40,120.337,0
43,45,131.746,0
43,52,242.755,20.078
43,53,357.352,30.0656
43,61,205.643,0
43,67,226.63,0
43,74,193.871,0
44,1,449.047,30.9056
44,19,300.328,19.7465
44,21,422.54,31.9991
44,54,221.919,3.9168
44,84,315.14,12.7043
44,85,331.385,18.6935
45,2,227.379,0
45,13,213.974,0
45,34,235.907,0
45,38,243.867,9.05796
45,40,25.4951,0
45,43,131.746,0
45,52,159.922,12.6464
45,61,261.63,19.3686
45,74,226.883,19.4527
45,91,203.089,0
45,94,205.73,0
46,16,216.792,6.76938
46,17,238.296,0
46,22,280.516,0
46,23,117.388,0
46,41,307.929,20.0953
46,65,49.4773,0
46,80,279.957,0
46,82,119.419,0
46,86,241.232,0
46,98,89.0225,0
46,99,194.12,9.03869
47,11,281.274,22.3975
47,12,357.609,28.9967
47,14,478.696,26.1317
47,15,131.133,10.7273
47,25,215.082,8.00976
47,27,334.15,9.74604
47,29,373.851,31.7734
47,30,280.539,22.1167
47,33,127.175,8.23609
47,35,406.885,30.0097
47,36,318.147,11.9875
47,42,324.934,27.7362
47,48,425.052,30.9809
47,50,267.642,16.8446
47,56,312.998,18.724
47,57,444.849,26.7761
47,70,325.214,0
47,75,347.925,1.9253
47,78,121.078,0
47,81,425.157,34.3497
47,83,400.633,17.7234
48,5,279.376,12.1074
48,14,118.444,0
48,27,85.4459,0
48,32,287.8,0
48,36,308.181,25.4442
48,47,425.052,30.9809
48,49,273.252,21.985
48,50,306.386,26.1981
48,57,84.3801,0
48,59,240.693,0
48,69,218.003,13.557
48,70,110.081,4.35423
48,71,46.0977,0
48,72,269.223,0
48,75,87,0
48,76,41.8808,0
48,83,55.5788,0
48,87,204.09,8.97966
48,92,159.58,3.351
48,96,269.774,0
49,0,175.059,13.6091
49,5,91.2665,7.74975
49,14,218.287,18.2787
49,18,250.107,15.883
49,27,321.373,23.0677
49,32,212.055,14.5924
49,48,273.252,21.985
49,51,182.705,10.8753
49,59,135.979,5.34908
49,68,184.713,10.9469
49,69,55.7972,4.31827
49,70,350.827,25.2847
49,71,228.437,19.5335
49,72,276.174,17.9485
49,75,334.434,23.5538
49,76,247.631,21.0485
49,83,323.835,22.9664
49,87,127.5,10.9375
49,92,117.388,0
49,93,162.635,10.8423
49,96,181.017,13.306
50,8,173.046,5.81827
50,11,371.508,25.7908
50,14,181.585,8.3086
50,15,227.567,16.8728
50,27,236.007,18.9077
50,30,125.186,9.10549
50,32,241.763,7.02439
50,33,362.938,30.4054
50,35,114.82,4.79274
50,36,29.6985,2.17571
50,42,169.032,7.16478
50,47,267.642,16.8446
50,48,306.386,26.1981
50,51,294.536,7.6261
50,55,330.28,26.5458
50,57,352.397,28.7877
50,58,339.446,24.1656
50,70,296.138,9.93897
50,71,300.369,24.8141
50,72,154.688,5.54991
50,75,258.47,20.3545
50,76,318.125,24.8993
50,78,390.018,17.8936
50,79,347.651,29.7355
50,81,144.891,5.72412
50,83,296.744,25.3457
50,87,231.784,8.32578
50,92,298.446,12.8122
50,96,249.13,7.595
51,0,342.271,28.9924
51,5,301.033,25.2429
51,8,349.406,29.9632
51,14,197.226,0
51,18,56.6277,3.53528
51,32,55.0091,0
51,35,226.612,0
51,36,267.918,0
51,37,134.347,0
51,49,182.705,10.8753
51,50,294.536,7.6261
51,55,305.136,23.5457
51,58,298.242,25.0862
51,59,289.869,23.8844
51,68,168.063,9.96007
51,69,229.858,16.0017
51,71,295.954,11.2544
51,72,148.499,0
51,79,240.589,19.4609
51,81,291.635,22.9733
51,87,126.036,0
51,92,281.455,23.9656
51,93,140.801,9.38675
51,96,47.1699,0
52,2,303.87,21.3396
52,11,337.117,23.301
52,13,239.012,16.2559
52,29,422.524,35.2647
52,34,282.988,18.6287
52,38,242.221,20.7786
52,40,185.813,15.7829
52,42,289.86,17.5271
52,43,242.755,20.078
52,45,159.922,12.6464
52,53,398.978,28.6195
52,61,118.879,6.45548
52,74,120.291,7.46458
52,89,304.053,22.5197
52,91,294.362,25.2501
52,94,242.262,20.7783
52,97,282.355,20.4477
53,2,290.235,23.4421
53,9,248.571,3.8907
53,10,253.619,17.3541
53,11,133.793,5.85462
53,12,326.865,24.6367
53,13,225.006,16.9792
53,15,309.695,26.4722
53,22,288.996,9.15506
53,25,165.484,0
53,29,44.2719,0
53,30,285.858,12.413
53,33,260.278,17.5373
53,34,238.107,20.1934
53,38,167.027,2.65371
53,42,295.396,18.7939
53,43,357.352,30.0656
53,52,398.978,28.6195
53,61,290.631,22.6942
53,63,107.201,0
53,67,177.337,5.80433
53,74,281.24,21.3315
53,86,241.052,0
54,1,308.712,25.4359
54,3,204.824,0
54,7,369.1,30.583
54,17,408.655,34.5223
54,19,90.1388,0
54,20,358.301,30.7373
54,21,321.792,26.9047
54,24,300.527,24.2208
54,26,312.396,17.3501
54,28,179.753,14.3251
54,39,241.198,9.82981
54,41,401.45,33.2567
54,44,221.919,3.9168
54,60,355.912,29.9302
54,62,339.366,28.6823
54,73,226.431,7.21443
54,77,334.712,20.128
54,80,258.219,6.27474
54,84,77.3886,0
54,85,96.0417,0
54,90,302.446,25.9397
54,95,173.474,7.05336
55,8,115.732,0
55,18,355.88,29.1877
55,30,242.662,0
55,32,279.943,14.2156
55,35,177.389,10.4031
55,36,296.144,22.2108
55,37,134.462,11.2052
55,42,216.391,0
55,50,330.28,26.5458
55,51,305.136,23.5457
55,58,22.2036,0
55,72,247.784,11.8745
55,79,65.9689,3.00582
55,81,128.515,0
55,87,383.799,32.6953
55,89,176.556,0
55,93,446.982,33.0316
55,94,276.538,0
55,96,309.993,21.2713
55,97,156.732,0
56,1,252.314,3.41739
56,7,169.85,0
56,10,371.396,31.0077
56,12,250.184,12.3458
56,15,349.249,29.6898
56,20,204.198,0
56,21,240.033,0
56,25,233.105,0
56,26,325.057,18.3366
56,27,471.711,31.0521
56,33,179.769,0
56,39,272.092,0
56,47,312.998,18.724
56,60,206.197,0
56,64,204.832,0
56,70,442.077,26.4707
56,73,277.108,0
56,75,456.658,28.4413
56,78,191.515,15.3476
56,83,376.145,30.5641
56,88,142.411,0
56,90,234.48,0
57,14,200.392,0
57,27,116.297,0
57,36,375.642,30.9978
57,47,444.849,26.7761
57,48,84.3801,0
57,50,352.397,28.7877
57,69,289.336,12.6645
57,70,133.005,8.23041
57,71,127.016,0
57,75,104.389,0
57,76,109.041,0
57,78,443.502,30.5062
57,83,54.7083,0
57,87,288.379,9.29365
57,92,238.362,3.49868
58,8,135.518,0
58,18,338.062,29.001
58,30,262.819,0
58,32,282.121,19.482
58,35,187.091,5.82329
58,36,300.679,17.4588
58,37,94.1116,0
58,42,234,0
58,50,339.446,24.1656
58,51,298.242,25.0862
58,55,22.2036,0
58,72,269.902,17.1049
58,79,67.2422,5.76545
58,81,150.083,0
58,87,397.779,34.1124
58,89,166.111,0
58,93,439.678,35.4073
58,94,269.474,0
58,96,309.035,24.8003
58,97,150.479,0
59,0,90.0222,0
59,5,22.0227,0
59,14,261.871,20.0778
59,18,320.965,23.619
59,32,309.629,23.5669
59,48,240.693,0
59,49,135.979,5.34908
59,51,289.869,23.8844
59,68,186.983,15.0627
59,69,83.0473,5.98899
59,71,196.229,0
59,76,202.892,0
59,87,278.792,16.8189
59,92,135.784,11.3784
59,93,210.727,17.9007
59,96,277.664,21.8374
60,1,67.8858,5.82322
60,3,155.882,3.54871
60,7,42.45,0
60,10,334.292,28.5694
60,12,211.975,13.5601
60,19,241.156,18.9247
60,20,55.0818,0
60,21,57.3149,0
60,24,369.041,31.6573
60,25,286.425,3.28099
60,26,191.44,11.9317
60,28,355.595,29.1743
60,39,109.659,0
60,54,355.912,29.9302
60,56,206.197,0
60,62,247.479,5.88443
60,64,137.058,0
60,73,108.812,0
60,77,230.286,18.118
60,84,256.673,14.2456
60,85,208.39,11.5695
60,88,65.3911,0
60,90,31.241,0
60,95,214.596,16.3635
61,2,244.346,0
61,8,268.213,0
61,11,217.763,3.81944
61,13,173.623,0
61,29,303.28,25.9269
61,30,246.135,0.504359
61,34,219.021,0
61,38,162.337,13.2048
61,40,277.588,23.0461
61,42,197.01,0
61,43,205.643,0
61,45,261.63,19.3686
61,52,118.879,6.45548
61,53,290.631,22.6942
61,63,392.811,33.6882
61,67,284.693,0
61,74,14.3178,0
61,89,265.089,0
61,91,374.533,32.1298
61,94,245.014,12.3354
61,97,241.033,0
62,1,313.823,24.0449
62,3,88.459,0
62,7,259.884,9.58182
62,9,228.388,12.4282
62,10,327.692,5.15289
62,12,334.842,7.55115
62,16,209.441,12.7116
62,17,109.736,5.22593
62,19,227.393,13.7862
62,20,295.049,3.48456
62,21,337.122,25.2401
62,23,345.56,28.5265
62,24,117.555,10.0781
62,25,465.058,27.9959
62,26,171.097,8.74759
62,28,251.213,14.7456
62,39,125.575,0
62,41,75.743,0
62,54,339.366,28.6823
62,60,247.479,5.88443
62,63,379.443,32.534
62,65,378.472,32.2455
62,73,136.647,4.71944
62,77,167.931,7.46362
62,80,230.931,0
62,82,304.896,26.1052
62,84,301.065,17.6586
62,85,224.19,19.2291
62,86,397.326,30.7086
62,88,301.507,9.73975
62,90,218.408,3.90636
62,95,122.526,8.32077
62,98,338.063,28.9594
63,2,215.035,0
63,9,148.186,3.951
63,10,201.188,16.7343
63,11,235.838,12.0486
63,12,329.618,26.956
63,13,164.542,0
63,16,437.234,33.3015
63,22,208.586,0
63,23,268.539,0
63,25,168.467,0
63,26,408.446,29.1252
63,29,108.757,0
63,33,251.078,0
63,34,170.074,0
63,38,219.259,18.7216
63,53,107.201,0
63,61,392.811,33.6882
63,62,379.443,32.534
63,67,99.7246,0
63,74,375.556,32.1874
63,77,371.917,27.8466
63,86,143.283,0
64,1,134.223,2.17738
64,3,288.679,2.53063
64,7,148.946,0
64,19,361.694,30.7965
64,20,83.4326,0
64,21,109.417,0
64,39,246.435,0
64,56,204.832,0
64,60,137.058,0
64,73,244.951,0
64,85,388.693,32.7054
64,88,118.106,0
64,90,161.298,0
65,9,380.311,32.2876
65,16,167.428,6.62256
65,17,189.169,0
65,22,275.77,0
65,23,79.6241,0
65,24,294.018,10.934
65,41,260.477,19.4465
65,46,49.4773,0
65,62,378.472,32.2455
65,80,244.639,0
65,82,74.3303,0
65,86,215.539,0
65,98,39.5601,0
65,99,222.538,4.56401
66,4,152.194,11.2771
66,6,107.946,7.28555
66,31,131.432,7.22329
66,89,384.938,31.7001
66,91,196.951,7.14177
66,94,267.437,15.8645
67,2,132.004,0
67,9,210.21,10.3254
67,10,298.584,21.8835
67,11,299.51,7.44396
67,13,121.807,0
67,16,408.63,34.9794
67,22,110.494,0
67,23,236.034,0
67,25,267.978,0
67,29,188.322,0
67,34,99.2975,0
67,38,209.017,16.3836
67,43,226.63,0
67,53,177.337,5.80433
67,61,284.693,0
67,63,99.7246,0
67,74,271.155,0
67,86,97.1854,0
68,0,177.346,14.3363
68,5,159.594,12.8644
68,14,280.003,21.8184
68,18,106.235,5.37858
68,32,216.639,18.2016
68,37,273.912,20.1831
68,49,184.713,10.9469
68,51,168.063,9.96007
68,59,186.983,15.0627
68,69,232.73,16.5271
68,71,359.403,30.3602
68,72,303.17,24.471
68,76,370.851,30.0049
68,79,408.12,30.2643
68,87,186.461,15.2207
68,92,264.194,19.4038
68,93,40.4969,0
68,96,192.872,15.1151
69,0,186.724,14.0952
69,5,111.779,8.66351
69,14,178.82,14.0378
69,18,293.393,21.961
69,27,281.494,15.8791
69,32,278.368,23.7485
69,48,218.003,13.557
69,49,55.7972,4.31827
69,51,229.858,16.0017
69,57,289.336,12.6645
69,59,83.0473,5.98899
69,68,232.73,16.5271
69,70,310.245,18.1818
69,71,173.018,12.8431
69,72,319.096,25.2445
69,75,291.926,15.8165
69,76,180.264,11.5315
69,83,274.117,14.5979
69,87,175.695,10.4581
69,92,65.9719,1.87017
69,93,219.707,15.0694
69,96,250.02,21.3821
70,14,157.521,2.90809
70,15,415.7,11.7447
70,27,30.026,2.25195
70,30,403.18,29.7674
70,33,461.637,26.8656
70,35,348.462,29.5665
70,36,327.007,11.0192
70,47,325.214,0
70,48,110.081,4.35423
70,49,350.827,25.2847
70,50,296.138,9.93897
70,56,442.077,26.4707
70,57,133.005,8.23041
70,69,310.245,18.1818
70,71,144.082,3.76684
70,72,325.495,24.8117
70,75,22.8712,1.41263
70,76,151.069,4.29974
70,78,379.494,0
70,81,376.492,31.0992
70,83,79.2397,5.89683
70,87,236.017,2.94623
70,92,245.261,6.31129
71,0,300.112,7.19827
71,5,238.191,13.2782
71,14,92.358,0
71,18,371.723,29.8685
71,27,116.25,0
71,32,254.719,0
71,35,286.211,0
71,36,255.771,8.9522
71,48,46.0977,0
71,49,228.437,19.5335
71,50,300.369,24.8141
71,51,295.954,11.2544
71,57,127.016,0
71,59,196.229,0
71,68,359.403,30.3602
71,69,173.018,12.8431
71,70,144.082,3.76684
71,72,249.239,0
71,75,123.004,0
71,76,28.2312,0
71,83,101.124,0
71,87,167.901,9.56014
71,92,113.502,3.28338
71,93,339.366,28.7147
71,96,234.139,0
72,8,114.39,0
72,14,157.003,0
72,15,301.483,12.6578
72,18,207.267,5.3357
72,27,295.253,21.1635
72,30,183.897,0
72,32,93.5201,0
72,35,79.2023,0
72,36,128.25,0
72,37,299.094,17.0598
72,42,195.346,0
72,48,269.223,0
72,49,276.174,17.9485
72,50,154.688,5.54991
72,51,148.499,0
72,55,247.784,11.8745
72,58,269.902,17.1049
72,68,303.17,24.471
72,69,319.096,25.2445
72,70,325.495,24.8117
72,71,249.239,0
72,75,315.058,22.3735
72,76,277.346,0
72,79,216.526,10.0056
72,81,87.367,0
72,87,146.25,0
72,92,277.695,18.8385
72,93,261.955,18.4908
72,96,110.422,0
72,97,298.828,12.2248
73,1,168.649,14.1585
73,3,49.5253,3.55397
73,7,118.229,0
73,9,415.051,9.14971
73,10,318.876,15.4544
73,12,200.657,17.0362
73,16,342.437,29.2002
73,17,226.695,4.24369
73,19,146.407,9.05969
73,20,161.623,0
73,21,188.216,14.9761
73,24,237.662,19.9653
73,25,376.688,31.7081
73,26,117.016,8.4993
73,28,307.604,20.7609
73,39,11.748,1.00125
73,41,204.826,4.1855
73,54,226.431,7.21443
73,56,277.108,0
73,60,108.812,0
73,62,136.647,4.71944
73,64,244.951,0
73,77,155.999,9.14229
73,84,175.216,6.39919
73,85,127.212,2.85601
73,88,159.261,0
73,90,84.3801,0
73,95,93.6326,6.13934
74,2,230.217,0
74,8,280.957,0
74,11,217.145,3.69775
74,13,159.38,0
74,29,302.796,25.9565
74,30,265.654,5.83384
74,34,204.707,0
74,38,147.157,12.0769
74,40,234.277,18.9936
74,42,207.06,0
74,43,193.871,0
74,45,226.883,19.4527
74,52,120.291,7.46458
74,53,281.24,21.3315
74,61,14.3178,0
74,63,375.556,32.1874
74,67,271.155,0
74,89,278.62,0
74,91,401.662,34.0231
74,94,298.963,24.5297
74,97,255.002,0
75,14,143.178,0
75,15,427.603,16.1971
75,27,17.2047,0
75,30,382.734,32.2634
75,33,484.063,28.3684
75,35,325.146,24.7242
75,36,287.514,22.0539
75,47,347.925,1.9253
75,48,87,0
75,49,334.434,23.5538
75,50,258.47,20.3545
75,56,456.658,28.4413
75,57,104.389,0
75,69,291.926,15.8165
75,70,22.8712,1.41263
75,71,123.004,0
75,72,315.058,22.3735
75,76,128.425,0
75,78,402.476,1.75982
75,81,354.463,25.6478
75,83,52.6118,0
75,87,221.461,0
75,92,227.243,3.46601
76,5,234.01,8.25035
76,14,120.553,0
76,27,125.32,0
76,32,282.002,0
76,36,319.413,23.0192
76,48,41.8808,0
76,49,247.631,21.0485
76,50,318.125,24.8993
76,57,109.041,0
76,59,202.892,0
76,68,370.851,30.0049
76,69,180.264,11.5315
76,70,151.069,4.29974
76,71,28.2312,0
76,72,277.346,0
76,75,128.425,0
76,83,95.1893,0
76,87,194.971,10.2613
76,92,129.737,3.44284
76,93,369.672,31.4017
76,96,272.742,5.71211
77,1,297.333,25.5037
77,3,130.847,9.73188
77,7,219.861,17.7094
77,9,263.697,0
77,10,192.769,0
77,12,166.433,0
77,16,402.711,1.82467
77,17,325.04,18.9315
77,19,264.34,20.6492
77,20,285.252,19.7448
77,21,310.159,26.2396
77,24,278.109,18.5406
77,25,318.285,20.4945
77,26,37.5766,0
77,28,376.035,22.2258
77,29,412.55,34.03
77,33,382.139,32.1887
77,39,136.277,9.82769
77,41,279.623,18.4408
77,54,334.712,20.128
77,60,230.286,18.118
77,62,167.931,7.46362
77,63,371.917,27.8466
77,73,155.999,9.14229
77,84,316.723,27.1587
77,85,238.183,17.8637
77,86,455.664,28.9745
77,88,261.07,19.5355
77,90,212.364,16.9331
77,95,184.798,15.8532
78,7,310.937,21.0986
78,10,362.89,30.853
78,11,325.657,25.8917
78,12,328.879,28.2088
78,15,180.171,15.2016
78,25,207.808,11.7225
78,27,400.402,8.8005
78,29,346.537,28.2333
78,30,382.381,28.1235
78,33,121.605,9.85893
78,36,428.393,16.0339
78,47,121.078,0
78,50,390.018,17.8936
78,56,191.515,15.3476
78,57,443.502,30.5062
78,70,379.494,0
78,75,402.476,1.75982
78,83,439.323,17.7948
78,88,298.201,20.8939
79,8,196.554,16.3363
79,14,361.266,30.314
79,18,290.824,24.5895
79,30,329.164,26.5983
79,32,215.007,12.1093
79,35,240.076,18.8786
79,36,319.472,27.1695
79,37,131.425,6.96226
79,42,295.993,22.6321
79,50,347.651,29.7355
79,51,240.589,19.4609
79,55,65.9689,3.00582
79,58,67.2422,5.76545
79,68,408.12,30.2643
79,72,216.526,10.0056
79,81,212.848,16.3637
79,87,331.052,28.3909
79,89,235.062,10.3311
79,93,380.371,29.3877
79,96,243.005,18.5298
79,97,220.455,11.6736
80,3,391.43,33.5701
80,16,215.429,10.5149
80,17,159.615,0
80,19,300.915,12.5181
80,23,268.931,0
80,24,204.28,16.5903
80,28,152.394,7.76912
80,41,172.047,0
80,46,279.957,0
80,54,258.219,6.27474
80,62,230.931,0
80,65,244.639,0
80,82,174.977,0
80,84,207.39,4.81119
80,85,273.296,17.3407
80,95,365.169,29.1546
80,98,221.578,0
81,8,33.3766,0
81,11,325.807,23.635
81,14,224.056,0
81,15,226.214,0
81,18,355.671,28.3701
81,27,342.676,26.0822
81,30,119.067,0
81,32,185.642,5.48494
81,35,29.1548,0
81,36,113.846,0
81,37,346.101,22.8376
81,42,112.681,0
81,47,425.157,34.3497
81,50,144.891,5.72412
81,51,291.635,22.9733
81,55,128.515,0
81,58,150.083,0
81,70,376.492,31.0992
81,72,87.367,0
81,75,354.463,25.6478
81,79,212.848,16.3637
81,87,230.465,0
81,89,246.008,0
81,96,195.208,0
81,97,211.88,0
82,9,372.183,28.7299
82,16,113.978,5.81062
82,17,124.652,0
82,23,101.02,0
82,24,225.761,11.0156
82,28,293.663,21.2841
82,41,146.154,0
82,46,119.419,0
82,62,304.896,26.1052
82,65,74.3303,0
82,80,174.977,0
82,86,234.559,0
82,98,46.669,0
82,99,271.841,8.21309
83,14,155.396,0
83,15,497.119,26.9519
83,27,62.2896,0
83,36,321.799,27.5828
83,47,400.633,17.7234
83,48,55.5788,0
83,49,323.835,22.9664
83,50,296.744,25.3457
83,56,376.145,30.5641
83,57,54.7083,0
83,69,274.117,14.5979
83,70,79.2397,5.89683
83,71,101.124,0
83,75,52.6118,0
83,76,95.1893,0
83,78,439.323,17.7948
83,87,235.408,3.17614
83,92,214.062,3.38263
84,1,294.026,24.9476
84,3,172.071,11.4237
84,7,254.867,0
84,16,420.869,26.4671
84,17,326.266,23.5549
84,19,76.8375,0
84,20,354.145,30.3553
84,21,315.37,26.9297
84,24,230.693,2.63054
84,26,282.11,23.6707
84,28,99.4938,8.53522
84,39,198.087,12.0171
84,41,328.635,18.3449
84,44,315.14,12.7043
84,54,77.3886,0
84,60,256.673,14.2456
84,62,301.065,17.6586
84,73,175.216,6.39919
84,77,316.723,27.1587
84,80,207.39,4.81119
84,85,42.72,0
84,88,314.388,11.9086
84,90,218.606,11.3116
84,95,123.942,10.433
85,1,225.574,19.3308
85,3,109.385,0
85,7,212.207,0
85,9,448.673,35.3806
85,10,431.921,35.8513
85,12,345.512,29.1457
85,16,415.994,28.4297
85,17,318.963,25.4917
85,19,45.7056,0
85,20,288.013,24.2491
85,21,270.301,22.47
85,24,207.694,12.9326
85,26,216.212,15.4104
85,28,147.407,12.126
85,39,151.453,9.1514
85,41,299.01,23.3429
85,44,331.385,18.6935
85,54,96.0417,0
85,60,208.39,11.5695
85,62,224.19,19.2291
85,64,388.693,32.7054
85,73,127.212,2.85601
85,77,238.183,17.8637
85,80,273.296,17.3407
85,84,42.72,0
85,88,266.749,9.51455
85,90,174.69,10.2376
85,95,77.1937,5.73336
86,2,208.926,0
86,9,191.92,16.4227
86,10,316.435,26.7787
86,13,218.358,0
86,16,287.555,24.2976
86,17,383.954,28.3442
86,22,123.004,0
86,23,139.359,0
86,26,492.732,29.6455
86,29,251.4,0
86,34,189.433,0
86,38,308.532,20.2836
86,41,399.906,26.6604
86,46,241.232,0
86,53,241.052,0
86,62,397.326,30.7086
86,63,143.283,0
86,65,215.539,0
86,67,97.1854,0
86,77,455.664,28.9745
86,82,234.559,0
86,98,200.09,0
87,0,329.019,27.8656
87,5,220.052,18.868
87,8,259.977,0
87,14,78.5175,0
87,18,201.023,17.0988
87,27,206.051,0
87,32,114.495,0
87,35,213.785,0
87,36,211.009,0
87,37,277.555,14.5137
87,48,204.09,8.97966
87,49,127.5,10.9375
87,50,231.784,8.32578
87,51,126.036,0
87,55,383.799,32.6953
87,57,288.379,9.29365
87,58,397.779,34.1124
87,59,278.792,16.8189
87,68,186.461,15.2207
87,69,175.695,10.4581
87,70,236.017,2.94623
87,71,167.901,9.56014
87,72,146.25,0
87,75,221.461,0
87,76,194.971,10.2613
87,79,331.052,28.3909
87,81,230.465,0
87,83,235.408,3.17614
87,92,150.091,8.19103
87,93,150.045,10.5397
87,96,90.4434,0
88,1,112.132,4.11163
88,3,210.299,5.14211
88,7,41.5933,0
88,10,344.585,29.5228
88,12,210.503,12.7152
88,19,313.492,26.8685
88,20,69.3542,0
88,21,100.285,0
88,25,259.37,0
88,26,228.383,14.0582
88,33,255.766,0
88,39,157.305,0
88,56,142.411,0
88,60,65.3911,0
88,62,301.507,9.73975
88,64,118.106,0
88,73,159.261,0
88,77,261.07,19.5355
88,78,298.201,20.8939
88,84,314.388,11.9086
88,85,266.749,9.51455
88,90,95.7706,0
88,95,248.037,8.38667
89,4,167.502,0
89,6,281.575,23.6047
89,8,214.294,0
89,31,198.367,8.8163
89,35,275.045,0
89,37,257.211,4.22377
89,42,259.563,0
89,52,304.053,22.5197
89,55,176.556,0
89,58,166.111,0
89,61,265.089,0
89,66,384.938,31.7001
89,74,278.62,0
89,79,235.062,10.3311
89,81,246.008,0
89,91,168.573,0
89,94,107.912,0
89,97,37.5366,0
90,1,84.8662,2.41937
90,3,130.468,3.83298
90,7,65.6201,0
90,10,338.784,29.0183
90,12,210.385,13.3671
90,19,171.707,14.6181
90,20,77.8845,0
90,21,99.7985,7.84083
90,24,358.869,28.7191
90,25,314.194,12.7648
90,26,175.088,11.5758
90,28,324.832,27.4876
90,39,87,0
90,41,277.332,0
90,54,302.446,25.9397
90,56,234.48,0
90,60,31.241,0
90,62,218.408,3.90636
90,64,161.298,0
90,73,84.3801,0
90,77,212.364,16.9331
90,84,218.606,11.3116
90,85,174.69,10.2376
90,88,95.7706,0
90,95,179.071,14.0672
91,4,100.319,0
91,6,168.106,10.9218
91,31,147.517,7.04762
91,40,217.497,0
91,45,203.089,0
91,52,294.362,25.2501
91,61,374.533,32.1298
91,66,196.951,7.14177
91,74,401.662,34.0231
91,89,168.573,0
91,94,75.4321,0
91,97,189.32,0
92,0,250.307,21.2024
92,5,178.88,11.4038
92,14,115.865,3.86157
92,18,337.616,19.5989
92,27,215.162,3.02521
92,32,256.528,20.8759
92,36,280.685,4.19004
92,48,159.58,3.351
92,49,117.388,0
92,50,298.446,12.8122
92,51,281.455,23.9656
92,57,238.362,3.49868
92,59,135.784,11.3784
92,68,264.194,19.4038
92,69,65.9719,1.87017
92,70,245.261,6.31129
92,71,113.502,3.28338
92,72,277.695,18.8385
92,75,227.243,3.46601
92,76,129.737,3.44284
92,83,214.062,3.38263
92,87,150.091,8.19103
92,93,223.926,18.8411
92,96,229.463,19.4006
93,0,198.123,16.5393
93,5,189.55,15.4451
93,14,229.102,12.0551
93,18,110.164,0
93,32,180.916,15.5154
93,37,271.003,21.1035
93,49,162.635,10.8423
93,51,140.801,9.38675
93,55,446.982,33.0316
93,58,439.678,35.4073
93,59,210.727,17.9007
93,68,40.4969,0
93,69,219.707,15.0694
93,71,339.366,28.7147
93,72,261.955,18.4908
93,76,369.672,31.4017
93,79,380.371,29.3877
93,87,150.045,10.5397
93,92,223.926,18.8411
93,96,152.346,12.984
94,4,135.595,0
94,6,201.015,11.4599
94,8,283.283,0
94,31,178.539,7.30388
94,40,226.55,0
94,45,205.73,0
94,52,242.262,20.7783
94,55,276.538,0
94,58,269.474,0
94,61,245.014,12.3354
94,66,267.437,15.8645
94,74,298.963,24.5297
94,89,107.912,0
94,91,75.4321,0
94,97,119.817,0
95,1,237.295,20.3562
95,3,56.1654,1.85161
95,7,194.738,1.93286
95,9,376.194,25.3796
95,10,376.818,25.4497
95,12,326.907,23.6976
95,16,359.037,20.6921
95,17,264.088,20.4023
95,19,102.612,4.47485
95,20,308.042,26.3934
95,21,252.476,21.1254
95,24,185.224,0
95,26,161.269,13.6929
95,28,213.776,0
95,39,101.71,6.78068
95,41,237.346,17.7658
95,54,173.474,7.05336
95,60,214.596,16.3635
95,62,122.526,8.32077
95,73,93.6326,6.13934
95,77,184.798,15.8532
95,80,365.169,29.1546
95,84,123.942,10.433
95,85,77.1937,5.73336
95,88,248.037,8.38667
95,90,179.071,14.0672
96,0,283.394,15.1818
96,5,253.025,18.8866
96,8,245.911,12.4577
96,14,154.237,0
96,18,106.936,7.08035
96,27,275.944,0
96,32,29.0689,0
96,35,189.621,0
96,36,223.215,0
96,37,185.565,12.5795
96,48,269.774,0
96,49,181.017,13.306
96,50,249.13,7.595
96,51,47.1699,0
96,55,309.993,21.2713
96,58,309.035,24.8003
96,59,277.664,21.8374
96,68,192.872,15.1151
96,69,250.02,21.3821
96,71,234.139,0
96,72,110.422,0
96,76,272.742,5.71211
96,79,243.005,18.5298
96,81,195.208,0
96,87,90.4434,0
96,92,229.463,19.4006
96,93,152.346,12.984
97,4,201.698,0
97,6,280.389,20.8116
97,8,179.513,0
97,30,275.786,0
97,31,232.762,8.28293
97,35,240.693,0
97,37,239.677,0
97,42,222.081,0
97,52,282.355,20.4477
97,55,156.732,0
97,58,150.479,0
97,61,241.033,0
97,72,298.828,12.2248
97,74,255.002,0
97,79,220.455,11.6736
97,81,211.88,0
97,89,37.5366,0
97,91,189.32,0
97,94,119.817,0
98,9,346.922,28.1363
98,16,127.903,6.38737
98,17,150.333,0
98,22,276.872,0
98,23,61.131,0
98,24,256.152,10.765
98,28,336.411,23.4019
98,41,223.061,18.3091
98,46,89.0225,0
98,62,338.063,28.9594
98,65,39.5601,0
98,80,221.578,0
98,82,46.669,0
98,86,200.09,0
98,99,257.222,4.55706
99,46,194.12,9.03869
99,65,222.538,4.56401
99,82,271.841,8.21309
99,98,257.222,4.55706
