0,10,12.8062,0
0,34,101.548,0
0,36,186.602,8.37828
0,60,64.56,0
0,61,201.361,12.6979
0,89,88.8369,0
0,92,188.323,10.3151
1,3,104.01,0
1,22,28.2843,0
1,26,104.805,0
1,29,18.3848,0
1,38,129.016,0
1,42,38.0132,0
1,49,45,0
1,62,174.393,0
1,65,67.2086,0
1,70,136.004,0
1,77,119.369,0
1,82,147.709,0
1,88,67.0075,0
1,90,51.4198,0
1,94,164.924,0
1,95,84.5991,0
1,98,170.942,0
2,7,261.414,9.40834
2,15,157.689,13.5275
2,16,143.188,10.1244
2,17,214.228,16.9706
2,24,63.9531,0
2,25,224.203,17.0864
2,30,166.005,13.5122
2,31,93.3191,7.74514
2,37,164.677,13.0696
2,39,55.5428,0
2,43,122.035,7.04257
2,45,177.044,14.6044
2,47,150.489,7.62566
2,48,159.299,13.6441
2,51,200.581,9.33952
2,53,180.568,8.93364
2,61,259.493,13.5774
2,68,139.291,0
2,71,270.239,10.4959
2,72,166.193,0
2,81,108,0
2,85,208.473,16.8739
2,86,166.209,9.54312
2,92,283.123,10.3887
3,1,104.01,0
3,11,153.701,0
3,13,170,0
3,21,94.0213,0
3,22,126.625,0
3,26,15.8114,0
3,29,86.0233,0
3,38,26.6271,0
3,42,137.801,0
3,44,160.649,0
3,46,137.713,0
3,49,115.918,0
3,62,92.8493,0
3,65,39.5601,0
3,69,173.072,0
3,70,118.258,0
3,77,132.382,0
3,79,169.806,0
3,82,109.417,0
3,88,103.73,0
3,90,99.2472,0
3,94,97.7446,0
3,95,19.4165,0
3,98,76.844,0
4,5,279.957,0
4,13,156.55,8.94304
4,14,227.009,18.8603
4,18,249.462,21.3109
4,19,78.0028,6.28063
4,41,42.19,0
4,59,49.783,1.07755
4,63,188.49,15.208
4,64,346.225,0
4,66,133.148,11.3801
4,67,240.975,20.6706
4,69,152.06,13.016
4,74,116.069,0
4,75,172.325,4.75162
4,76,62.2896,0
4,78,164.111,11.1252
4,80,233.654,16.3675
4,83,130.637,11.2044
4,87,173.267,11.5977
4,93,274.467,0
5,4,279.957,0
5,6,307.695,0
5,14,306.828,8.79675
5,41,286.503,0
5,59,322.342,1.72028
5,63,312.873,12.8324
5,64,140.428,0
5,74,246.203,0
5,75,209.848,0
5,76,264.273,0
5,91,359.388,0
5,93,112.588,0
6,5,307.695,0
6,11,233.276,18.0852
6,44,191.004,14.1803
6,54,249.062,0
6,64,177.46,0
6,69,265.858,16.7052
6,74,303.137,0
6,79,244.071,18.1846
6,91,125.172,0
6,94,254.268,21.632
6,99,281.603,0
7,2,261.414,9.40834
7,15,186.007,13.8798
7,16,161.879,4.82271
7,30,172.491,7.08972
7,31,228.63,16.2041
7,34,153.14,13.0351
7,36,346.649,5.57827
7,37,137.451,2.39644
7,39,320.933,11.5588
7,43,139.043,1.78006
7,45,181.436,6.54805
7,48,172.316,9.60345
7,60,143.017,6.24106
7,61,100.619,4.03567
7,85,238.809,2.62732
7,89,153.987,12.3746
7,92,86.267,4.72751
8,20,133.385,11.0669
8,23,133.881,0
8,27,109.417,0
8,28,90.1855,2.57101
8,32,94.5795,8.11208
8,35,83.8861,6.91891
8,46,232.466,19.9346
8,50,215.165,12.058
8,55,139.635,11.9499
8,56,167.984,14.1922
8,73,19.799,0
8,84,200.653,15.3423
8,96,204.091,16.3972
8,97,169.768,13.8534
9,14,42.4853,3.59368
9,18,172.809,1.01623
9,33,110.628,4.95557
9,40,114.497,1.144
9,47,163.932,1.81954
9,51,155.136,5.50134
9,52,77.0686,1.28131
9,53,163.221,5.16697
9,57,99.3779,1.24055
9,58,109.508,1.1891
9,59,215.183,15.1281
9,63,37.0397,0.596041
9,67,79.1666,1.06812
9,72,181.206,1.1182
9,75,166.483,12.1646
9,76,167.343,7.96315
9,93,272.734,0
10,0,12.8062,0
10,34,88.8369,0
10,36,174.839,8.18413
10,60,52.9528,0
10,61,188.925,12.3946
10,85,226.402,17.9422
10,89,76.1577,0
10,92,176.177,10.0998
11,3,153.701,0
11,6,233.276,18.0852
11,26,137.906,0
11,38,145.165,0
11,44,37.2022,0
11,49,154.353,0
11,65,147.706,0
11,69,160.953,0
11,70,51.3517,0
11,77,80.9506,0
11,79,21.587,0
11,90,138.051,0
11,91,126.266,9.35394
11,94,68.6003,0
11,95,155.682,0
11,98,120.354,0
12,15,120.441,0
12,16,131.643,0
12,17,249.17,21.3437
12,20,126.147,0
12,28,166.643,0
12,30,119.553,0
12,34,209.006,17.0807
12,36,69.9501,4.58068
12,37,233.946,14.5174
12,45,113.137,0
12,48,125.603,0
12,56,122.577,0
12,60,233.033,19.4471
12,61,277.31,9.33364
12,71,117.277,2.43362
12,84,96.6075,0
12,85,101.527,6.82958
12,89,210.404,17.9655
12,92,294.888,8.37331
12,96,132.484,0
12,97,105.679,0
13,3,170,0
13,4,156.55,8.94304
13,19,101.486,3.91685
13,21,76.5506,0
13,23,205.072,17.5645
13,26,172.54,0
13,27,207.291,17.57
13,32,183.73,14.5177
13,35,187.488,14.4271
13,38,146.932,0
13,41,134.004,5.0083
13,46,67.2681,0
13,50,125.3,9.73187
13,55,140.711,9.47658
13,59,144.776,7.70993
13,62,131.609,0
13,66,82.3286,0
13,69,104.661,0
13,74,175.812,13
13,76,215.677,17.944
13,78,24.0832,0
13,80,165.512,12.7213
13,83,72.2496,0
13,87,28.7924,0
13,94,173.649,0
13,98,126.194,0
14,4,227.009,18.8603
14,5,306.828,8.79675
14,9,42.4853,3.59368
14,18,180.759,6.51179
14,33,131.037,2.40147
14,40,124.354,2.6349
14,41,265.041,21.1962
14,47,181.165,2.19315
14,51,176.193,2.42956
14,52,92.2661,2.15983
14,53,183.349,2.43441
14,57,112.541,2.33533
14,58,120.947,2.48412
14,59,200.676,16.8732
14,63,22.0706,1.83922
14,67,87.5447,2.55339
14,75,122.748,7.34878
14,76,163.664,13.9048
14,93,206.928,6.24121
15,2,157.689,13.5275
15,7,186.007,13.8798
15,12,120.441,0
15,16,31.0483,0
15,17,212.376,13.6843
15,24,163.594,13.0471
15,30,29.2062,0
15,31,196.879,13.2353
15,34,196.25,16.244
15,36,171.214,14.6337
15,37,61.6774,4.47987
15,39,156.106,12.4359
15,43,132.83,11.3899
15,45,32.6497,0
15,48,17.72,0
15,60,234.344,19.914
15,61,116.754,9.68215
15,68,250.462,17.4811
15,71,94.1789,5.46718
15,72,296.971,18.148
15,81,213.361,17.0263
15,84,159.013,0
15,85,52.2594,0.964788
15,89,209.19,17.7622
15,92,137.735,10.7783
15,96,179.739,0
16,2,143.188,10.1244
16,7,161.879,4.82271
16,12,131.643,0
16,15,31.0483,0
16,17,243.969,19.2226
16,24,183.753,15.6692
16,30,12.2066,0
16,31,230.268,19.5452
16,34,174.413,12.5779
16,36,214.894,9.62617
16,37,31.6818,2.19643
16,39,172.019,14.7364
16,43,130.093,8.9423
16,45,19.2354,0
16,48,13.3417,0
16,60,211.173,18.0606
16,61,87.1417,2.93642
16,71,123.841,5.38793
16,81,242.939,20.406
16,85,55.8599,2.99249
16,89,186.611,14.7934
16,92,107.755,2.9712
17,2,214.228,16.9706
17,12,249.17,21.3437
17,15,212.376,13.6843
17,16,243.969,19.2226
17,18,158.968,3.35819
17,24,137.377,5.06677
17,30,240.152,19.2498
17,33,199.421,10.0602
17,37,275.659,21.4799
17,39,151.737,5.41225
17,40,144.546,11.2309
17,45,240.143,19.6608
17,47,120.636,8.81969
17,48,230.114,17.1355
17,52,179.95,11.1146
17,53,193.246,10.0856
17,56,267.242,19.0205
17,57,157.068,10.6775
17,58,147.705,10.872
17,67,183.005,12.9114
17,68,57.6221,3.58579
17,71,134.462,0
17,72,89.226,3.46548
17,80,288.312,0
17,81,76.3884,5.76849
17,84,229.687,14.4558
17,85,243.641,20.2443
17,96,231.615,9.62873
18,4,249.462,21.3109
18,9,172.809,1.01623
18,14,180.759,6.51179
18,17,158.968,3.35819
18,19,229.401,19.03
18,24,155.09,3.7845
18,33,163.11,1.57723
18,39,171.032,6.7801
18,40,77.4399,2.39695
18,47,113.851,0
18,50,348.451,2.95119
18,52,114.381,1.93371
18,53,178.832,0
18,56,271.222,21.2602
18,57,97.3174,2.41871
18,58,84.9199,1.965
18,59,175.518,11.1636
18,63,158.724,4.1229
18,66,210.105,15.6455
18,67,98.3397,0.982561
18,68,71.3442,0
18,71,268.781,2.51011
18,72,44.7214,0
18,76,268.071,17.3501
18,80,157.66,4.18384
18,81,103.247,0
18,83,220.606,17.3445
18,84,278.734,15.8426
18,96,233.784,12.9726
19,4,78.0028,6.28063
19,13,101.486,3.91685
19,18,229.401,19.03
19,21,170.667,4.18273
19,41,70.6207,6.05635
19,46,167.788,3.97393
19,50,192.845,16.0404
19,59,45.6953,3.77808
19,63,223.885,18.1109
19,66,55.0813,4.29205
19,67,243.81,20.7257
19,69,127.657,7.86921
19,74,141.204,10.87
19,75,212.924,16.2749
19,76,119.295,7.7939
19,78,97.7549,4.07121
19,80,154.556,12.6666
19,83,53.6656,4.11907
19,87,105.364,4.09226
20,8,133.385,11.0669
20,12,126.147,0
20,23,129.256,10.6126
20,27,134.035,11.4583
20,28,40.8534,0
20,32,193,16.4662
20,35,193.138,16.4171
20,36,197.947,13.5186
20,50,158.576,10.2108
20,55,233.445,19.9684
20,56,53.0848,0
20,71,178.447,3.55601
20,73,112.203,9.62528
20,84,78.7147,0
20,96,92.2659,0
20,97,39.2046,0
21,3,94.0213,0
21,13,76.5506,0
21,19,170.667,4.18273
21,23,218.638,16.933
21,26,98.2344,0
21,27,226.663,17.9242
21,29,179.109,0
21,32,185.672,13.3522
21,35,191.305,13.9468
21,38,72.7805,0
21,41,189.164,5.51729
21,44,178.997,0
21,46,56.3649,0
21,50,180.259,12.2928
21,55,137.852,8.31911
21,62,73,0
21,65,133.33,0
21,66,158.6,0
21,69,117.346,0
21,70,178.765,0
21,74,204.992,10.8498
21,78,96.6644,0
21,82,135.366,0
21,83,148.405,0
21,87,96.4624,0
21,94,123.004,0
21,95,113.159,0
21,98,71.1969,0
22,1,28.2843,0
22,3,126.625,0
22,26,124.868,0
22,29,45.0999,0
22,38,150.083,0
22,42,11.1803,0
22,49,32.0156,0
22,65,87.7097,0
22,70,134.733,0
22,77,111.072,0
22,82,175.847,0
22,88,92.6607,0
22,90,48.7032,0
22,94,174.264,0
22,95,107.541,0
23,8,133.881,0
23,13,205.072,17.5645
23,20,129.256,10.6126
23,21,218.638,16.933
23,27,26.0768,0
23,28,122.166,6.45124
23,32,65.8354,5.62278
23,35,74.6695,5.84552
23,46,160.846,13.75
23,50,89.6816,6.98818
23,55,106.595,7.92298
23,56,110.242,3.82047
23,62,224.354,19.2304
23,66,234.901,20.0665
23,73,124.788,0
23,78,192.169,15.788
23,80,260.05,13.5388
23,83,231.145,19.7377
23,84,146.972,3.97114
23,87,183.494,14.6177
23,96,128.019,2.84448
23,97,170.6,13.0671
24,2,63.9531,0
24,15,163.594,13.0471
24,16,183.753,15.6692
24,17,137.377,5.06677
24,18,155.09,3.7845
24,25,205.366,14.7933
24,30,190.491,16.2652
24,31,179.281,15.0742
24,33,169.284,0
24,37,216.025,17.9487
24,39,9.21954,0
24,40,154.529,4.68742
24,43,204.939,11.9033
24,45,195.824,16.78
24,47,87.8635,0
24,48,176.428,14.6535
24,51,161.124,0
24,52,173.404,0
24,53,140.943,0
24,57,152.82,0
24,58,151.398,2.77462
24,61,272.039,20.2631
24,67,184.377,2.25936
24,68,76.0263,0
24,71,197.505,3.07937
24,72,103.044,0
24,81,46.3249,0
24,85,214.911,18.398
24,86,146.285,0.988035
24,92,293.267,20.4511
25,2,224.203,17.0864
25,24,205.366,14.7933
25,31,213.965,13.3326
25,33,170.218,5.55141
25,39,204.985,15.0843
25,47,181.156,11.3734
25,51,125.044,5.36472
25,53,119.337,5.38103
25,86,72.6372,4.84248
26,1,104.805,0
26,3,15.8114,0
26,11,137.906,0
26,13,172.54,0
26,21,98.2344,0
26,22,124.868,0
26,29,87.6926,0
26,38,25.632,0
26,42,136.004,0
26,44,145.499,0
26,46,146.003,0
26,49,110.368,0
26,62,106.438,0
26,65,37.6431,0
26,69,166.012,0
26,70,102.942,0
26,77,118.849,0
26,79,154.013,0
26,82,125.196,0
26,88,113.78,0
26,90,92.1954,0
26,94,83.1865,0
26,95,25,0
26,98,68.4763,0
27,8,109.417,0
27,13,207.291,17.57
27,20,134.035,11.4583
27,21,226.663,17.9242
27,23,26.0768,0
27,28,115.82,4.91615
27,32,60.9741,4.77337
27,35,60.824,4.96115
27,46,168.203,14.414
27,50,119.233,7.17564
27,55,99.4209,8.14216
27,56,134.213,10.113
27,62,220.07,18.8047
27,66,265.479,21.8423
27,73,102,0
27,78,205.871,17.1059
27,80,286.02,13.8668
27,83,264.632,21.3647
27,84,170.395,10.7242
27,87,198.012,15.9495
27,96,151.944,8.98633
27,97,174.619,14.4288
28,8,90.1855,2.57101
28,12,166.643,0
28,20,40.8534,0
28,23,122.166,6.45124
28,27,115.82,4.91615
28,32,165.019,9.78287
28,35,161.908,9.67664
28,50,133.574,6.88679
28,55,216.391,13.3924
28,56,79.404,0
28,73,71.2841,2.41274
28,84,112.699,0
28,96,116.078,0
28,97,69.5845,0
29,1,18.3848,0
29,3,86.0233,0
29,21,179.109,0
29,22,45.0999,0
29,26,87.6926,0
29,38,111.396,0
29,42,55.5788,0
29,49,52.6972,0
29,62,156.719,0
29,65,50.448,0
29,70,130.25,0
29,77,118.596,0
29,82,133.462,0
29,88,60,0
29,90,51.8652,0
29,94,152.427,0
29,95,66.6108,0
29,98,154.806,0
30,2,166.005,13.5122
30,7,172.491,7.08972
30,12,119.553,0
30,15,29.2062,0
30,16,12.2066,0
30,17,240.152,19.2498
30,24,190.491,16.2652
30,31,237.25,20.3438
30,34,166.182,11.9254
30,36,196.615,7.64778
30,37,37.0321,2.98175
30,39,178.652,15.323
30,43,142.444,11.1747
30,45,7.28011,0
30,48,14.3178,0
30,60,205.058,17.5562
30,61,90.1343,3.78797
30,71,117.779,5.03711
30,81,241.908,20.6026
30,84,174.889,0
30,85,42.4519,2.42019
30,89,179.416,14.129
30,92,110.997,3.94373
31,2,93.3191,7.74514
31,7,228.63,16.2041
31,15,196.879,13.2353
31,16,230.268,19.5452
31,24,179.281,15.0742
31,25,213.965,13.3326
31,30,237.25,20.3438
31,37,278.252,15.596
31,39,160.28,12.616
31,43,121.074,10.1679
31,45,245.429,21.0134
31,48,216.596,18.3164
31,61,297.494,15.8607
31,81,274.825,21.3052
31,86,205.276,16.6733
31,92,300.248,16.3856
32,8,94.5795,8.11208
32,13,183.73,14.5177
32,20,193,16.4662
32,21,185.672,13.3522
32,23,65.8354,5.62278
32,27,60.9741,4.77337
32,28,165.019,9.78287
32,35,5.09902,0
32,46,131.51,11.1708
32,50,121.221,10.3978
32,55,49.93,4.16083
32,56,192.112,15.7792
32,62,165.404,13.8884
32,73,110.284,8.38736
32,78,182.01,15.4481
32,82,220.32,18.8705
32,83,227.057,17.5686
32,87,173.426,14.8361
32,96,193.848,11.0941
32,97,234.471,20.1144
33,9,110.628,4.95557
33,14,131.037,2.40147
33,17,199.421,10.0602
33,18,163.11,1.57723
33,24,169.284,0
33,25,170.218,5.55141
33,39,175.841,0
33,40,88.5494,0
33,47,83.9345,0
33,51,46.3249,0
33,52,62.6259,0
33,53,52.6118,0
33,57,70.1783,0
33,58,80.0625,0
33,63,119.604,0
33,67,84.6463,0
33,68,142.594,0
33,72,141.693,0
33,81,141.143,0.522692
33,86,98,0
34,0,101.548,0
34,7,153.14,13.0351
34,10,88.8369,0
34,12,209.006,17.0807
34,15,196.25,16.244
34,16,174.413,12.5779
34,30,166.182,11.9254
34,36,135.198,11.5456
34,37,152.868,10.4328
34,43,284.135,15.0689
34,45,164.005,10.5362
34,48,180.886,14.3561
34,60,43.2666,0
34,61,109.5,9.16514
34,85,148.02,10.5814
34,89,12.8062,0
34,92,97.089,8.30047
35,8,83.8861,6.91891
35,13,187.488,14.4271
35,20,193.138,16.4171
35,21,191.305,13.9468
35,23,74.6695,5.84552
35,27,60.824,4.96115
35,28,161.908,9.67664
35,32,5.09902,0
35,46,136.682,11.5838
35,50,127.454,10.9329
35,55,53.6058,4.57718
35,56,194.821,16.1403
35,62,166.373,13.8644
35,73,104.835,8.04657
35,78,187.072,15.7693
35,82,221.532,18.9981
35,87,178.492,15.2019
35,96,207.301,14.6857
35,97,232.564,19.9501
36,0,186.602,8.37828
36,7,346.649,5.57827
36,10,174.839,8.18413
36,12,69.9501,4.58068
36,15,171.214,14.6337
36,16,214.894,9.62617
36,20,197.947,13.5186
36,30,196.615,7.64778
36,34,135.198,11.5456
36,37,239.633,0
36,45,193.006,3.52612
36,48,189.07,14.0302
36,56,192.961,11.8548
36,60,154.526,8.8723
36,61,248.966,0
36,71,177.232,14.233
36,84,166.256,11.2343
36,85,142.338,0
36,89,133.054,10.2709
36,92,259.915,0
36,96,202.449,12.0506
36,97,180.769,14.7672
37,2,164.677,13.0696
37,7,137.451,2.39644
37,12,233.946,14.5174
37,15,61.6774,4.47987
37,16,31.6818,2.19643
37,17,275.659,21.4799
37,24,216.025,17.9487
37,30,37.0321,2.98175
37,31,278.252,15.596
37,34,152.868,10.4328
37,36,239.633,0
37,39,205.716,17.0912
37,43,158.758,0
37,45,43.9432,3.21928
37,48,44.1584,3.75166
37,60,185.72,15.9107
37,61,55.5698,0
37,71,153.214,9.57192
37,85,106.827,0
37,89,163.826,12.8336
37,92,76.0263,0
38,1,129.016,0
38,3,26.6271,0
38,11,145.165,0
38,13,146.932,0
38,21,72.7805,0
38,22,150.083,0
38,26,25.632,0
38,29,111.396,0
38,42,161.245,0
38,44,146.25,0
38,46,122.262,0
38,49,135.978,0
38,55,195.007,9.26324
38,62,91.0494,0
38,65,62.434,0
38,69,146.741,0
38,70,117.72,0
38,77,138.752,0
38,78,168.573,0
38,79,163.38,0
38,82,123.033,0
38,87,168.962,0
38,88,129.619,0
38,90,117.631,0
38,94,82.2982,0
38,95,45.2769,0
38,98,51.788,0
39,2,55.5428,0
39,7,320.933,11.5588
39,15,156.106,12.4359
39,16,172.019,14.7364
39,17,151.737,5.41225
39,18,171.032,6.7801
39,24,9.21954,0
39,25,204.985,15.0843
39,30,178.652,15.323
39,31,160.28,12.616
39,33,175.841,0
39,37,205.716,17.0912
39,40,165.633,5.62661
39,43,196.123,9.22042
39,45,186.654,16.0089
39,47,95.462,0
39,48,164.343,13.8909
39,51,168.871,1.55291
39,53,148.627,1.54677
39,57,161.447,0
39,58,154.434,0
39,61,263.202,19.0746
39,68,85.0941,0
39,71,202.902,2.70838
39,72,112.112,0
39,81,55.5428,0
39,85,206.695,17.626
39,86,150,1.94521
39,92,285.341,18.9199
40,9,114.497,1.144
40,14,124.354,2.6349
40,17,144.546,11.2309
40,18,77.4399,2.39695
40,24,154.529,4.68742
40,33,88.5494,0
40,39,165.633,5.62661
40,47,71.007,0
40,51,123.794,0
40,52,41,0
40,53,116.211,0
40,57,20.0998,0
40,58,8.544,0
40,59,249.908,21.1787
40,63,103.586,0
40,67,36.7696,0
40,68,82.3286,0
40,72,67.2309,0
40,75,175.103,6.30804
40,76,195.229,12.2871
40,80,214.401,18.3556
40,81,99.8599,0
40,86,159.013,0
41,4,42.19,0
41,5,286.503,0
41,13,134.004,5.0083
41,14,265.041,21.1962
41,19,70.6207,6.05635
41,21,189.164,5.51729
41,59,79.2219,0.488869
41,63,233.516,20.0293
41,64,335.41,0
41,66,125.57,10.5341
41,69,109.659,8.11815
41,74,84.119,0
41,75,218.358,0
41,76,103.479,0
41,78,138.283,5.1002
41,80,229.491,18.6437
41,83,120,9.76327
41,87,146.726,5.14061
41,91,336.149,0
41,93,296.675,0
42,1,38.0132,0
42,3,137.801,0
42,22,11.1803,0
42,26,136.004,0
42,29,55.5788,0
42,38,161.245,0
42,49,38.6005,0
42,65,98.8838,0
42,70,141.908,0
42,77,116.155,0
42,88,99.4032,0
42,90,57.2451,0
42,95,118.701,0
43,2,122.035,7.04257
43,7,139.043,1.78006
43,15,132.83,11.3899
43,16,130.093,8.9423
43,24,204.939,11.9033
43,30,142.444,11.1747
43,31,121.074,10.1679
43,34,284.135,15.0689
43,37,158.758,0
43,39,196.123,9.22042
43,45,149.866,12.1986
43,48,128.444,10.5125
43,61,178.045,0
43,71,250.643,20.2345
43,81,252.345,20.5667
43,85,189.073,15.9312
43,89,290.827,18.5761
43,92,184.694,0
44,3,160.649,0
44,6,191.004,14.1803
44,11,37.2022,0
44,21,178.997,0
44,26,145.499,0
44,38,146.25,0
44,65,163.6,0
44,69,129.035,0
44,70,81.3941,0
44,74,248.168,21.2887
44,77,115.434,0
44,79,53.7587,0
44,90,165.801,0
44,91,88.4436,7.40188
44,94,63.9531,0
44,95,166.928,0
44,98,109.622,0
45,2,177.044,14.6044
45,7,181.436,6.54805
45,12,113.137,0
45,15,32.6497,0
45,16,19.2354,0
45,17,240.143,19.6608
45,24,195.824,16.78
45,30,7.28011,0
45,31,245.429,21.0134
45,34,164.005,10.5362
45,36,193.006,3.52612
45,37,43.9432,3.21928
45,39,186.654,16.0089
45,43,149.866,12.1986
45,48,20.3961,0
45,60,203.444,17.2665
45,61,95.6816,2.26614
45,71,115.701,4.27672
45,81,246.464,21.0475
45,84,171.269,0
45,85,39.1798,3.22936
45,89,175.839,13.2735
45,92,116.287,2.3173
46,3,137.713,0
46,8,232.466,19.9346
46,13,67.2681,0
46,19,167.788,3.97393
46,21,56.3649,0
46,23,160.846,13.75
46,26,146.003,0
46,27,168.203,14.414
46,32,131.51,11.1708
46,35,136.682,11.5838
46,38,122.262,0
46,50,136.787,11.6678
46,55,84.033,6.92104
46,62,70.7248,0
46,65,176.777,0
46,66,141.198,0
46,69,153.235,0
46,73,251.585,20.4748
46,78,73.9256,0
46,80,223.666,17.8467
46,82,135,0
46,83,132.231,0
46,87,68.8186,0
46,94,179.335,0
46,95,155.029,0
46,98,127.475,0
47,2,150.489,7.62566
47,9,163.932,1.81954
47,14,181.165,2.19315
47,17,120.636,8.81969
47,18,113.851,0
47,24,87.8635,0
47,25,181.156,11.3734
47,33,83.9345,0
47,39,95.462,0
47,40,71.007,0
47,51,90.0944,0
47,52,89,0
47,53,73.0821,0
47,57,71.5681,0
47,58,68.3593,0
47,63,163.878,0
47,67,100.17,0
47,68,66.4831,0
47,71,246.237,19.8418
47,72,77.4209,0
47,81,58.5706,0.990189
47,86,102.825,0
48,2,159.299,13.6441
48,7,172.316,9.60345
48,12,125.603,0
48,15,17.72,0
48,16,13.3417,0
48,17,230.114,17.1355
48,24,176.428,14.6535
48,30,14.3178,0
48,31,216.596,18.3164
48,34,180.886,14.3561
48,36,189.07,14.0302
48,37,44.1584,3.75166
48,39,164.343,13.8909
48,43,128.444,10.5125
48,45,20.3961,0
48,60,217.776,18.6373
48,61,98.779,6.83396
48,68,264.503,20.6915
48,71,111.576,5.66703
48,81,229.794,19.0323
48,84,173.012,0
48,85,49.6774,1.44892
48,89,192.914,16.1241
48,92,119.668,7.33344
49,1,45,0
49,3,115.918,0
49,11,154.353,0
49,22,32.0156,0
49,26,110.368,0
49,29,52.6972,0
49,38,135.978,0
49,42,38.6005,0
49,65,76.6551,0
49,70,103.325,0
49,77,79.1581,0
49,79,156.387,0
49,88,111.036,0
49,90,20.5183,0
49,94,147.435,0
49,95,98.5089,0
49,98,166.973,0
50,8,215.165,12.058
50,13,125.3,9.73187
50,18,348.451,2.95119
50,19,192.845,16.0404
50,20,158.576,10.2108
50,21,180.259,12.2928
50,23,89.6816,6.98818
50,27,119.233,7.17564
50,28,133.574,6.88679
50,32,121.221,10.3978
50,35,127.454,10.9329
50,46,136.787,11.6678
50,55,167.26,0
50,56,155.902,13.3273
50,59,234.48,19.5684
50,62,218.202,18.2982
50,66,146.226,12.5089
50,73,200.357,12.8519
50,78,103.07,8.55269
50,80,195.151,0
50,83,141.593,12.0777
50,84,192.575,16.2457
50,87,97.1802,8.29383
50,96,172.813,14.164
50,97,197.808,10.7599
51,2,200.581,9.33952
51,9,155.136,5.50134
51,14,176.193,2.42956
51,24,161.124,0
51,25,125.044,5.36472
51,33,46.3249,0
51,39,168.871,1.55291
51,40,123.794,0
51,47,90.0944,0
51,52,106.471,0
51,53,20.2485,0
51,57,108.577,0
51,58,115.966,0
51,63,165.605,0
51,67,128.129,0
51,68,156.311,0
51,72,163.049,0
51,81,147.004,1.46879
51,86,54.1295,0
52,9,77.0686,1.28131
52,14,92.2661,2.15983
52,17,179.95,11.1146
52,18,114.381,1.93371
52,24,173.404,0
52,33,62.6259,0
52,40,41,0
52,47,89,0
52,51,106.471,0
52,53,105.65,0
52,57,22.8254,0
52,58,34.176,0
52,59,223.537,17.1957
52,63,75.0267,0
52,67,22.0227,0
52,68,120.221,0
52,72,107.838,0
52,75,148.708,2.42412
52,76,181.004,7.92413
52,81,132.231,0
52,86,152.086,0
53,2,180.568,8.93364
53,9,163.221,5.16697
53,14,183.349,2.43441
53,17,193.246,10.0856
53,18,178.832,0
53,24,140.943,0
53,25,119.337,5.38103
53,33,52.6118,0
53,39,148.627,1.54677
53,40,116.211,0
53,47,73.0821,0
53,51,20.2485,0
53,52,105.65,0
53,57,103.446,0
53,58,109.041,0
53,63,171.047,0
53,67,126.289,0
53,68,139.56,0
53,72,148.476,0
53,81,129.264,1.93996
53,86,46.6905,0
54,6,249.062,0
54,64,352.142,0
54,91,346.485,0
54,99,45.1221,0
55,8,139.635,11.9499
55,13,140.711,9.47658
55,20,233.445,19.9684
55,21,137.852,8.31911
55,23,106.595,7.92298
55,27,99.4209,8.14216
55,28,216.391,13.3924
55,32,49.93,4.16083
55,35,53.6058,4.57718
55,38,195.007,9.26324
55,46,84.033,6.92104
55,50,167.26,0
55,56,208.594,15.4625
55,62,120.027,9.40638
55,66,220.227,17.8117
55,73,163.662,12.3543
55,78,136.199,9.69882
55,80,358.491,0
55,82,177.198,13.998
55,83,210.298,16.8236
55,87,128.054,9.47003
56,8,167.984,14.1922
56,12,122.577,0
56,17,267.242,19.0205
56,18,271.222,21.2602
56,20,53.0848,0
56,23,110.242,3.82047
56,27,134.213,10.113
56,28,79.404,0
56,32,192.112,15.7792
56,35,194.821,16.1403
56,36,192.961,11.8548
56,50,155.902,13.3273
56,55,208.594,15.4625
56,71,141.64,5.40978
56,73,148.608,12.0343
56,80,215.936,16.4319
56,84,37.1214,0
56,96,39.2046,0
56,97,81.9329,0
57,9,99.3779,1.24055
57,14,112.541,2.33533
57,17,157.068,10.6775
57,18,97.3174,2.41871
57,24,152.82,0
57,33,70.1783,0
57,39,161.447,0
57,40,20.0998,0
57,47,71.5681,0
57,51,108.577,0
57,52,22.8254,0
57,53,103.446,0
57,58,12.0416,0
57,59,238.412,19.9259
57,63,93.6483,0
57,67,28.6356,0
57,68,97.4166,0
57,72,85.44,0
57,75,162.829,2.47708
57,76,183.526,6.50269
57,80,230.533,19.6588
57,81,110.454,0
57,86,148.246,0
58,9,109.508,1.1891
58,14,120.947,2.48412
58,17,147.705,10.872
58,18,84.9199,1.965
58,24,151.398,2.77462
58,33,80.0625,0
58,39,154.434,0
58,40,8.544,0
58,47,68.3593,0
58,51,115.966,0
58,52,34.176,0
58,53,109.041,0
58,57,12.0416,0
58,59,250.747,21.4856
58,63,101.02,0
58,67,34.1321,0
58,68,86.8389,0
58,72,73.6817,0
58,75,166.897,2.52365
58,76,187.846,8.46372
58,80,222.319,19.0708
58,81,102.005,0
58,86,152.532,0
59,4,49.783,1.07755
59,5,322.342,1.72028
59,9,215.183,15.1281
59,13,144.776,7.70993
59,14,200.676,16.8732
59,18,175.518,11.1636
59,19,45.6953,3.77808
59,40,249.908,21.1787
59,41,79.2219,0.488869
59,50,234.48,19.5684
59,52,223.537,17.1957
59,57,238.412,19.9259
59,58,250.747,21.4856
59,63,178.264,13.7867
59,66,90.5176,7.16349
59,67,201.302,16.2047
59,69,139.762,7.3936
59,74,162.149,0.503528
59,75,166.208,11.0805
59,76,65.0237,3.40665
59,78,143.372,8.44143
59,80,187.541,13.9167
59,83,93.4876,7.339
59,87,151.873,8.85475
59,93,296.688,5.199
60,0,64.56,0
60,7,143.017,6.24106
60,10,52.9528,0
60,12,233.033,19.4471
60,15,234.344,19.914
60,16,211.173,18.0606
60,30,205.058,17.5562
60,34,43.2666,0
60,36,154.526,8.8723
60,37,185.72,15.9107
60,45,203.444,17.2665
60,48,217.776,18.6373
60,61,136.732,10.8934
60,85,193.058,16.5159
60,89,31.305,0
60,92,124,9.20589
61,0,201.361,12.6979
61,2,259.493,13.5774
61,7,100.619,4.03567
61,10,188.925,12.3946
61,12,277.31,9.33364
61,15,116.754,9.68215
61,16,87.1417,2.93642
61,24,272.039,20.2631
61,30,90.1343,3.78797
61,31,297.494,15.8607
61,34,109.5,9.16514
61,36,248.966,0
61,37,55.5698,0
61,39,263.202,19.0746
61,43,178.045,0
61,45,95.6816,2.26614
61,48,98.779,6.83396
61,60,136.732,10.8934
61,71,207.588,17.2404
61,85,137.361,0
61,89,117.879,10.1008
61,92,20.8806,0
62,1,174.393,0
62,3,92.8493,0
62,13,131.609,0
62,21,73,0
62,23,224.354,19.2304
62,26,106.438,0
62,27,220.07,18.8047
62,29,156.719,0
62,32,165.404,13.8884
62,35,166.373,13.8644
62,38,91.0494,0
62,46,70.7248,0
62,50,218.202,18.2982
62,55,120.027,9.40638
62,65,126.301,0
62,78,143.224,0
62,82,66.1891,0
62,87,138.946,0
62,88,135.532,0
62,94,169.65,0
62,95,104.785,0
62,98,124.531,0
63,4,188.49,15.208
63,5,312.873,12.8324
63,9,37.0397,0.596041
63,14,22.0706,1.83922
63,18,158.724,4.1229
63,19,223.885,18.1109
63,33,119.604,0
63,40,103.586,0
63,41,233.516,20.0293
63,47,163.878,0
63,51,165.605,0
63,52,75.0267,0
63,53,171.047,0
63,57,93.6483,0
63,58,101.02,0
63,59,178.264,13.7867
63,67,67.0075,0
63,72,166.331,0
63,75,95.4789,7.59713
63,76,130.032,6.85028
63,93,208.02,12.4234
64,4,346.225,0
64,5,140.428,0
64,6,177.46,0
64,41,335.41,0
64,54,352.142,0
64,69,315.287,14.2938
64,74,265.149,0
64,75,336.363,0
64,76,354.006,0
64,91,259.538,0
64,93,252.99,0
65,1,67.2086,0
65,3,39.5601,0
65,11,147.706,0
65,21,133.33,0
65,22,87.7097,0
65,26,37.6431,0
65,29,50.448,0
65,38,62.434,0
65,42,98.8838,0
65,44,163.6,0
65,46,176.777,0
65,49,76.6551,0
65,62,126.301,0
65,70,102.956,0
65,77,106.405,0
65,79,159.816,0
65,82,125.399,0
65,88,87.0919,0
65,90,61.131,0
65,94,107.056,0
65,95,22,0
65,98,104.403,0
66,4,133.148,11.3801
66,13,82.3286,0
66,18,210.105,15.6455
66,19,55.0813,4.29205
66,21,158.6,0
66,23,234.901,20.0665
66,27,265.479,21.8423
66,41,125.57,10.5341
66,46,141.198,0
66,50,146.226,12.5089
66,55,220.227,17.8117
66,59,90.5176,7.16349
66,69,137.768,0
66,72,275.444,21.4632
66,74,186.94,16.0334
66,75,238.431,20.4225
66,76,150.552,12.9153
66,78,67.424,0
66,80,94.3163,7.93686
66,83,10.2956,0
66,87,72.5603,0
66,96,266.229,19.0484
67,4,240.975,20.6706
67,9,79.1666,1.06812
67,14,87.5447,2.55339
67,17,183.005,12.9114
67,18,98.3397,0.982561
67,19,243.81,20.7257
67,24,184.377,2.25936
67,33,84.6463,0
67,40,36.7696,0
67,47,100.17,0
67,51,128.129,0
67,52,22.0227,0
67,53,126.289,0
67,57,28.6356,0
67,58,34.1321,0
67,59,201.302,16.2047
67,63,67.0075,0
67,68,119.004,0
67,72,102.215,0
67,75,134.196,2.45936
67,76,177.071,12.9537
67,80,224.981,19.2697
67,81,136.015,0
67,86,172.351,0
68,2,139.291,0
68,15,250.462,17.4811
68,17,57.6221,3.58579
68,18,71.3442,0
68,24,76.0263,0
68,33,142.594,0
68,39,85.0941,0
68,40,82.3286,0
68,47,66.4831,0
68,48,264.503,20.6915
68,51,156.311,0
68,52,120.221,0
68,53,139.56,0
68,57,97.4166,0
68,58,86.8389,0
68,67,119.004,0
68,71,191.181,4.75157
68,72,27.0185,0
68,80,278.842,6.93028
68,81,32.28,0
68,84,284.001,17.0237
68,86,165.496,0
68,96,271.693,13.4421
69,3,173.072,0
69,4,152.06,13.016
69,6,265.858,16.7052
69,11,160.953,0
69,13,104.661,0
69,19,127.657,7.86921
69,21,117.346,0
69,26,166.012,0
69,38,146.741,0
69,41,109.659,8.11815
69,44,129.035,0
69,46,153.235,0
69,59,139.762,7.3936
69,64,315.287,14.2938
69,66,137.768,0
69,74,98.4566,8.44557
69,76,217.457,17.2212
69,78,123.847,0
69,83,129.838,0
69,87,131.244,0
69,91,146.944,12.457
69,94,116.619,0
69,98,97.6371,0
70,1,136.004,0
70,3,118.258,0
70,11,51.3517,0
70,21,178.765,0
70,22,134.733,0
70,26,102.942,0
70,29,130.25,0
70,38,117.72,0
70,42,141.908,0
70,44,81.3941,0
70,49,103.325,0
70,65,102.956,0
70,77,37.4433,0
70,79,57.9741,0
70,90,86.7006,0
70,91,168.936,9.2467
70,94,66.9403,0
70,95,115.256,0
70,98,112.161,0
71,2,270.239,10.4959
71,12,117.277,2.43362
71,15,94.1789,5.46718
71,16,123.841,5.38793
71,17,134.462,0
71,18,268.781,2.51011
71,20,178.447,3.55601
71,24,197.505,3.07937
71,30,117.779,5.03711
71,36,177.232,14.233
71,37,153.214,9.57192
71,39,202.902,2.70838
71,43,250.643,20.2345
71,45,115.701,4.27672
71,47,246.237,19.8418
71,48,111.576,5.66703
71,56,141.64,5.40978
71,61,207.588,17.2404
71,68,191.181,4.75157
71,72,220.373,3.33225
71,80,340.076,0
71,81,191.079,7.11353
71,84,102.369,3.78392
71,85,112.766,4.78257
71,92,228.343,19.4285
71,96,152.524,12.9867
71,97,183.013,3.14705
72,2,166.193,0
72,9,181.206,1.1182
72,15,296.971,18.148
72,17,89.226,3.46548
72,18,44.7214,0
72,24,103.044,0
72,33,141.693,0
72,39,112.112,0
72,40,67.2309,0
72,47,77.4209,0
72,51,163.049,0
72,52,107.838,0
72,53,148.476,0
72,57,85.44,0
72,58,73.6817,0
72,63,166.331,0
72,66,275.444,21.4632
72,67,102.215,0
72,68,27.0185,0
72,71,220.373,3.33225
72,80,228.955,7.93451
72,81,58.5491,0
72,84,285.085,15.8675
72,96,259.742,12.4391
73,8,19.799,0
73,20,112.203,9.62528
73,23,124.788,0
73,27,102,0
73,28,71.2841,2.41274
73,32,110.284,8.38736
73,35,104.835,8.04657
73,46,251.585,20.4748
73,50,200.357,12.8519
73,55,163.662,12.3543
73,56,148.608,12.0343
73,84,181.024,12.5072
73,87,291.214,21.0582
73,96,183.361,13.4859
73,97,148.564,12.7182
74,4,116.069,0
74,5,246.203,0
74,6,303.137,0
74,13,175.812,13
74,19,141.204,10.87
74,21,204.992,10.8498
74,41,84.119,0
74,44,248.168,21.2887
74,59,162.149,0.503528
74,64,265.149,0
74,66,186.94,16.0334
74,69,98.4566,8.44557
74,75,247.814,0
74,76,163.487,0
74,78,179.182,11.2517
74,83,162.453,12.5829
74,87,187.661,11.3689
74,91,256.5,0
74,93,287.924,0
74,98,196.649,12.0736
75,4,172.325,4.75162
75,5,209.848,0
75,9,166.483,12.1646
75,14,122.748,7.34878
75,19,212.924,16.2749
75,40,175.103,6.30804
75,41,218.358,0
75,52,148.708,2.42412
75,57,162.829,2.47708
75,58,166.897,2.52365
75,59,166.208,11.0805
75,63,95.4789,7.59713
75,64,336.363,0
75,66,238.431,20.4225
75,67,134.196,2.45936
75,74,247.814,0
75,76,108.305,6.52599
75,83,239.004,20.4799
75,93,133.686,0
76,4,62.2896,0
76,5,264.273,0
76,9,167.343,7.96315
76,13,215.677,17.944
76,14,163.664,13.9048
76,18,268.071,17.3501
76,19,119.295,7.7939
76,40,195.229,12.2871
76,41,103.479,0
76,52,181.004,7.92413
76,57,183.526,6.50269
76,58,187.846,8.46372
76,59,65.0237,3.40665
76,63,130.032,6.85028
76,64,354.006,0
76,66,150.552,12.9153
76,67,177.071,12.9537
76,69,217.457,17.2212
76,74,163.487,0
76,75,108.305,6.52599
76,78,217.091,18.3754
76,80,261.276,11.7812
76,83,156.273,13.4028
76,87,224.678,18.8292
76,93,225.975,4.27674
77,1,119.369,0
77,3,132.382,0
77,11,80.9506,0
77,22,111.072,0
77,26,118.849,0
77,29,118.596,0
77,38,138.752,0
77,42,116.155,0
77,44,115.434,0
77,49,79.1581,0
77,65,106.405,0
77,70,37.4433,0
77,79,78.6448,0
77,88,177.654,0
77,90,68.0074,0
77,94,102.883,0
77,95,123.976,0
77,98,143.785,0
78,4,164.111,11.1252
78,13,24.0832,0
78,19,97.7549,4.07121
78,21,96.6644,0
78,23,192.169,15.788
78,27,205.871,17.1059
78,32,182.01,15.4481
78,35,187.072,15.7693
78,38,168.573,0
78,41,138.283,5.1002
78,46,73.9256,0
78,50,103.07,8.55269
78,55,136.199,9.69882
78,59,143.372,8.44143
78,62,143.224,0
78,66,67.424,0
78,69,123.847,0
78,74,179.182,11.2517
78,76,217.091,18.3754
78,80,145.699,12.171
78,83,58.3095,0
78,87,8.544,0
78,96,266.836,22.2363
78,98,150.083,0
79,3,169.806,0
79,6,244.071,18.1846
79,11,21.587,0
79,26,154.013,0
79,38,163.38,0
79,44,53.7587,0
79,49,156.387,0
79,65,159.816,0
79,70,57.9741,0
79,77,78.6448,0
79,90,142.056,0
79,91,141.662,10.7375
79,94,89.4427,0
79,95,169.956,0
79,98,141.326,0
80,4,233.654,16.3675
80,13,165.512,12.7213
80,17,288.312,0
80,18,157.66,4.18384
80,19,154.556,12.6666
80,23,260.05,13.5388
80,27,286.02,13.8668
80,40,214.401,18.3556
80,41,229.491,18.6437
80,46,223.666,17.8467
80,50,195.151,0
80,55,358.491,0
80,56,215.936,16.4319
80,57,230.533,19.6588
80,58,222.319,19.0708
80,59,187.541,13.9167
80,66,94.3163,7.93686
80,67,224.981,19.2697
80,68,278.842,6.93028
80,71,340.076,0
80,72,228.955,7.93451
80,76,261.276,11.7812
80,78,145.699,12.171
80,81,316.717,15.9424
80,83,101.808,8.73129
80,84,224.067,17.5189
80,87,148.699,12.5779
80,96,189.01,9.4821
81,2,108,0
81,15,213.361,17.0263
81,16,242.939,20.406
81,17,76.3884,5.76849
81,18,103.247,0
81,24,46.3249,0
81,30,241.908,20.6026
81,31,274.825,21.3052
81,33,141.143,0.522692
81,39,55.5428,0
81,40,99.8599,0
81,43,252.345,20.5667
81,45,246.464,21.0475
81,47,58.5706,0.990189
81,48,229.794,19.0323
81,51,147.004,1.46879
81,52,132.231,0
81,53,129.264,1.93996
81,57,110.454,0
81,58,102.005,0
81,67,136.015,0
81,68,32.28,0
81,71,191.079,7.11353
81,72,58.5491,0
81,80,316.717,15.9424
81,86,152.179,4.05745
81,96,307.614,16.3008
82,1,147.709,0
82,3,109.417,0
82,21,135.366,0
82,22,175.847,0
82,26,125.196,0
82,29,133.462,0
82,32,220.32,18.8705
82,35,221.532,18.9981
82,38,123.033,0
82,46,135,0
82,55,177.198,13.998
82,62,66.1891,0
82,65,125.399,0
82,88,90.0888,0
82,90,177.747,0
82,95,109.877,0
82,98,170.038,0
83,4,130.637,11.2044
83,13,72.2496,0
83,18,220.606,17.3445
83,19,53.6656,4.11907
83,21,148.405,0
83,23,231.145,19.7377
83,27,264.632,21.3647
83,32,227.057,17.5686
83,41,120,9.76327
83,46,132.231,0
83,50,141.593,12.0777
83,55,210.298,16.8236
83,59,93.4876,7.339
83,66,10.2956,0
83,69,129.838,0
83,74,162.453,12.5829
83,75,239.004,20.4799
83,76,156.273,13.4028
83,78,58.3095,0
83,80,101.808,8.73129
83,87,63.9766,0
83,96,268.718,20.235
84,8,200.653,15.3423
84,12,96.6075,0
84,15,159.013,0
84,17,229.687,14.4558
84,18,278.734,15.8426
84,20,78.7147,0
84,23,146.972,3.97114
84,27,170.395,10.7242
84,28,112.699,0
84,30,174.889,0
84,36,166.256,11.2343
84,45,171.269,0
84,48,173.012,0
84,50,192.575,16.2457
84,56,37.1214,0
84,68,284.001,17.0237
84,71,102.369,3.78392
84,72,285.085,15.8675
84,73,181.024,12.5072
84,80,224.067,17.5189
84,85,155.573,1.95422
84,96,36.4005,0
84,97,94.1329,0
85,2,208.473,16.8739
85,7,238.809,2.62732
85,10,226.402,17.9422
85,12,101.527,6.82958
85,15,52.2594,0.964788
85,16,55.8599,2.99249
85,17,243.641,20.2443
85,24,214.911,18.398
85,30,42.4519,2.42019
85,34,148.02,10.5814
85,36,142.338,0
85,37,106.827,0
85,39,206.695,17.626
85,43,189.073,15.9312
85,45,39.1798,3.22936
85,48,49.6774,1.44892
85,60,193.058,16.5159
85,61,137.361,0
85,71,112.766,4.78257
85,84,155.573,1.95422
85,89,158.035,12.8549
85,92,155.332,0
86,2,166.209,9.54312
86,24,146.285,0.988035
86,25,72.6372,4.84248
86,31,205.276,16.6733
86,33,98,0
86,39,150,1.94521
86,40,159.013,0
86,47,102.825,0
86,51,54.1295,0
86,52,152.086,0
86,53,46.6905,0
86,57,148.246,0
86,58,152.532,0
86,67,172.351,0
86,68,165.496,0
86,81,152.179,4.05745
87,4,173.267,11.5977
87,13,28.7924,0
87,19,105.364,4.09226
87,21,96.4624,0
87,23,183.494,14.6177
87,27,198.012,15.9495
87,32,173.426,14.8361
87,35,178.492,15.2019
87,38,168.962,0
87,41,146.726,5.14061
87,46,68.8186,0
87,50,97.1802,8.29383
87,55,128.054,9.47003
87,59,151.873,8.85475
87,62,138.946,0
87,66,72.5603,0
87,69,131.244,0
87,73,291.214,21.0582
87,74,187.661,11.3689
87,76,224.678,18.8292
87,78,8.544,0
87,80,148.699,12.5779
87,83,63.9766,0
87,96,259.655,21.6795
87,98,153.029,0
88,1,67.0075,0
88,3,103.73,0
88,22,92.6607,0
88,26,113.78,0
88,29,60,0
88,38,129.619,0
88,42,99.4032,0
88,49,111.036,0
88,62,135.532,0
88,65,87.0919,0
88,77,177.654,0
88,82,90.0888,0
88,90,111.83,0
88,95,88.8426,0
89,0,88.8369,0
89,7,153.987,12.3746
89,10,76.1577,0
89,12,210.404,17.9655
89,15,209.19,17.7622
89,16,186.611,14.7934
89,30,179.416,14.129
89,34,12.8062,0
89,36,133.054,10.2709
89,37,163.826,12.8336
89,43,290.827,18.5761
89,45,175.839,13.2735
89,48,192.914,16.1241
89,60,31.305,0
89,61,117.879,10.1008
89,85,158.035,12.8549
89,92,105.205,8.61052
90,1,51.4198,0
90,3,99.2472,0
90,11,138.051,0
90,22,48.7032,0
90,26,92.1954,0
90,29,51.8652,0
90,38,117.631,0
90,42,57.2451,0
90,44,165.801,0
90,49,20.5183,0
90,65,61.131,0
90,70,86.7006,0
90,77,68.0074,0
90,79,142.056,0
90,82,177.747,0
90,88,111.83,0
90,94,127.201,0
90,95,83.0963,0
90,98,146.728,0
91,5,359.388,0
91,6,125.172,0
91,11,126.266,9.35394
91,41,336.149,0
91,44,88.4436,7.40188
91,54,346.485,0
91,64,259.538,0
91,69,146.944,12.457
91,70,168.936,9.2467
91,74,256.5,0
91,79,141.662,10.7375
91,94,132.186,7.91379
91,98,160.946,8.53112
92,0,188.323,10.3151
92,2,283.123,10.3887
92,7,86.267,4.72751
92,10,176.177,10.0998
92,12,294.888,8.37331
92,15,137.735,10.7783
92,16,107.755,2.9712
92,24,293.267,20.4511
92,30,110.997,3.94373
92,31,300.248,16.3856
92,34,97.089,8.30047
92,36,259.915,0
92,37,76.0263,0
92,39,285.341,18.9199
92,43,184.694,0
92,45,116.287,2.3173
92,48,119.668,7.33344
92,60,124,9.20589
92,61,20.8806,0
92,71,228.343,19.4285
92,85,155.332,0
92,89,105.205,8.61052
93,4,274.467,0
93,5,112.588,0
93,9,272.734,0
93,14,206.928,6.24121
93,41,296.675,0
93,59,296.688,5.199
93,63,208.02,12.4234
93,64,252.99,0
93,74,287.924,0
93,75,133.686,0
93,76,225.975,4.27674
94,1,164.924,0
94,3,97.7446,0
94,6,254.268,21.632
94,11,68.6003,0
94,13,173.649,0
94,21,123.004,0
94,22,174.264,0
94,26,83.1865,0
94,29,152.427,0
94,38,82.2982,0
94,44,63.9531,0
94,46,179.335,0
94,49,147.435,0
94,62,169.65,0
94,65,107.056,0
94,69,116.619,0
94,70,66.9403,0
94,77,102.883,0
94,79,89.4427,0
94,90,127.201,0
94,91,132.186,7.91379
94,95,106.231,0
94,98,51.8941,0
95,1,84.5991,0
95,3,19.4165,0
95,11,155.682,0
95,21,113.159,0
95,22,107.541,0
95,26,25,0
95,29,66.6108,0
95,38,45.2769,0
95,42,118.701,0
95,44,166.928,0
95,46,155.029,0
95,49,98.5089,0
95,62,104.785,0
95,65,22,0
95,70,115.256,0
95,77,123.976,0
95,79,169.956,0
95,82,109.877,0
95,88,88.8426,0
95,90,83.0963,0
95,94,106.231,0
95,98,93.0376,0
96,8,204.091,16.3972
96,12,132.484,0
96,15,179.739,0
96,17,231.615,9.62873
96,18,233.784,12.9726
96,20,92.2659,0
96,23,128.019,2.84448
96,27,151.944,8.98633
96,28,116.078,0
96,32,193.848,11.0941
96,35,207.301,14.6857
96,36,202.449,12.0506
96,50,172.813,14.164
96,56,39.2046,0
96,66,266.229,19.0484
96,68,271.693,13.4421
96,71,152.524,12.9867
96,72,259.742,12.4391
96,73,183.361,13.4859
96,78,266.836,22.2363
96,80,189.01,9.4821
96,81,307.614,16.3008
96,83,268.718,20.235
96,84,36.4005,0
96,87,259.655,21.6795
96,97,118.457,0
97,8,169.768,13.8534
97,12,105.679,0
97,20,39.2046,0
97,23,170.6,13.0671
97,27,174.619,14.4288
97,28,69.5845,0
97,32,234.471,20.1144
97,35,232.564,19.9501
97,36,180.769,14.7672
97,50,197.808,10.7599
97,56,81.9329,0
97,71,183.013,3.14705
97,73,148.564,12.7182
97,84,94.1329,0
97,96,118.457,0
98,1,170.942,0
98,3,76.844,0
98,11,120.354,0
98,13,126.194,0
98,21,71.1969,0
98,26,68.4763,0
98,29,154.806,0
98,38,51.788,0
98,44,109.622,0
98,46,127.475,0
98,49,166.973,0
98,62,124.531,0
98,65,104.403,0
98,69,97.6371,0
98,70,112.161,0
98,74,196.649,12.0736
98,77,143.785,0
98,78,150.083,0
98,79,141.326,0
98,82,170.038,0
98,87,153.029,0
98,90,146.728,0
98,91,160.946,8.53112
98,94,51.8941,0
98,95,93.0376,0
99,6,281.603,0
99,54,45.1221,0
