0,10,62.9682,0
0,54,84.1487,0
0,59,48.0104,0
0,76,85.4751,0
0,84,102.044,0
1,4,38.0789,0
1,7,25.807,0
1,8,110.318,0
1,14,35.3553,0
1,20,104.139,0
1,21,73.0068,0
1,24,102.176,0
1,25,86.4523,0
1,26,95.7549,0
1,27,83.4865,0
1,28,42.107,0
1,38,100.449,0
1,39,24.2074,0
1,41,101.514,0
1,43,62.2415,0
1,45,87.8237,0
1,46,54.2033,0
1,47,50,0
1,50,75.0733,0
1,51,79.3977,0
1,70,89.627,0
1,75,49.6488,0
1,78,98.7927,0
1,81,67.624,0
1,82,96.1769,0
1,83,43.6578,0
1,87,40.8167,0
1,88,22.2036,0
1,96,95.1315,0
2,3,13.4748,0.848064
2,9,113.89,1.16111
2,12,117.917,9.57009
2,15,41.1066,0.973577
2,18,112.89,1.19979
2,33,78.3339,1.02916
2,40,119.831,9.40076
2,52,65.6856,1.00844
2,56,38.6264,0
2,65,80.8336,1.91448
2,73,71.0298,0.971422
2,74,93.0927,1.14778
2,77,111.759,1.90006
2,95,42.655,0.608272
2,97,126.227,9.6885
3,2,13.4748,0.848064
3,9,104.202,0
3,12,109.435,9.02426
3,15,29.5466,0
3,18,99.8098,0
3,33,67.1193,0
3,40,104.186,8.1871
3,52,52.2015,0
3,56,48.4544,3.30688
3,65,73,0
3,73,58.0086,0
3,74,83.4086,0
3,77,101.833,0
3,95,33.1059,0
3,97,120.921,7.95782
4,1,38.0789,0
4,7,14,0
4,14,49.3964,0
4,20,69.029,0
4,21,40.4969,0
4,25,82.9699,0
4,27,104.785,0
4,28,79.0759,0
4,38,92.1954,0
4,39,50.1597,0
4,43,45.6508,0
4,46,73.5391,0
4,47,25.4951,0
4,50,97.4987,0
4,51,71.5122,0
4,70,77.026,0
4,75,77.1038,0
4,78,107.005,0
4,81,104.848,0
4,83,56.356,0
4,87,36,0
4,88,58.2495,0
4,96,80.9938,0
5,9,90.8735,0
5,11,81.2712,0
5,13,73.8173,0
5,22,68.1542,0
5,23,106.888,0
5,24,81.0432,0
5,26,96.0469,0
5,29,81.5414,0
5,30,25.5539,0
5,31,74.8131,0
5,32,58,0
5,33,105.019,0
5,34,47.2969,0
5,41,85.703,0
5,42,108.374,0
5,48,16.6433,0
5,57,111,0
5,60,51.9711,0
5,62,75.6637,0
5,63,62.9365,0
5,64,45.9674,0
5,67,25,0
5,73,110.856,0
5,74,103.078,0
5,77,105.991,0
5,78,102.215,0
5,79,31.1448,0
5,89,57.4282,0
5,91,71.1126,0
6,8,35.5106,0
6,10,81.0432,0
6,19,114.337,9.29484
6,27,42.2966,0
6,28,82.134,0
6,39,93.984,0
6,45,43.0813,0
6,46,70.5762,0
6,50,47.0425,0
6,53,121.503,10.2821
6,59,94.2019,0
6,68,91.9813,6.44901
6,72,133.697,11.4626
6,75,66.4831,0
6,76,49.0408,0
6,81,106.471,0
6,82,67.4759,0
6,83,88.6848,0
6,84,33.2866,0
6,88,94.6678,0
6,98,18.0278,0
7,1,25.807,0
7,4,14,0
7,14,46.1736,0
7,20,78.5175,0
7,21,53.8516,0
7,25,87.7268,0
7,27,92.1303,0
7,28,65.521,0
7,38,98.7927,0
7,39,36.2215,0
7,43,53.8145,0
7,45,108.042,0
7,46,60.8276,0
7,47,26.5707,0
7,50,84.5813,0
7,51,77.5242,0
7,70,84.8116,0
7,75,63.3482,0
7,78,108.046,0
7,81,93.4077,0
7,83,44.4072,0
7,87,38.6264,0
7,88,44.643,0
7,96,89.3756,0
8,1,110.318,0
8,6,35.5106,0
8,10,73.1642,0
8,19,77.2583,6.51475
8,27,62.482,0
8,28,69.9214,0
8,35,131.233,9.55757
8,39,94.0213,0
8,45,22.561,0
8,46,80.3243,0
8,50,62.434,0
8,53,87.7081,6.88529
8,59,89.2693,0
8,68,65.7174,5.56665
8,71,150.987,12.5822
8,72,99.4872,7.28844
8,75,68.884,0
8,76,43.8634,0
8,81,81.3449,0
8,82,34.9285,0
8,83,97.0155,0
8,84,27.8029,0
8,88,88.1192,0
8,98,20.3961,0
9,2,113.89,1.16111
9,3,104.202,0
9,5,90.8735,0
9,15,75.743,0
9,30,107.708,0
9,33,41.3401,0
9,40,104.235,0
9,48,89.8721,0
9,52,84.6936,0
9,60,41.8688,0
9,64,86.6083,0
9,67,105.323,0
9,73,66.8506,0
9,74,20.8087,0
9,77,15.6205,0
9,79,104.938,0
9,91,93.4077,0
10,0,62.9682,0
10,6,81.0432,0
10,8,73.1642,0
10,19,121.37,10.4031
10,35,78.848,0
10,45,95.7079,0
10,53,93.0279,7.55609
10,54,53.7401,0
10,59,16.5529,0
10,68,64.7305,3.46771
10,71,89.202,0
10,72,101.459,8.48628
10,76,32.3883,0
10,82,97.0618,0
10,84,50.1597,0
10,98,68.3593,0
11,5,81.2712,0
11,14,108.467,0
11,22,86.3481,0
11,23,29.0172,0
11,24,55.2178,0
11,25,69.2604,0
11,26,102.421,0
11,30,59.0931,0
11,32,107.075,0
11,34,78,0
11,38,68.6222,0
11,41,92.1954,0
11,43,109.165,0
11,48,97.9081,0
11,51,82.4924,0
11,67,58.1378,0
11,70,84.8999,0
11,78,44.5982,0
11,79,50.6063,0
11,89,34.0147,0
11,91,42.19,0
11,96,85.703,0
12,2,117.917,9.57009
12,3,109.435,9.02426
12,15,85.9127,0
12,33,102.083,0
12,40,8.06226,0
12,56,120.009,10.1959
12,74,97.8008,0
12,77,99.1262,0
12,85,42.2019,0
12,99,47.4342,0
13,5,73.8173,0
13,16,115.013,5.27666
13,22,48.7647,0
13,24,89.1572,0
13,26,61.6117,0
13,29,29.1548,0
13,30,75.9605,0
13,31,55.7853,0
13,32,20.025,0
13,34,49.0918,0
13,41,59.4138,0
13,42,39.8497,0
13,44,109.725,7.94414
13,48,69.4262,0
13,49,130.322,8.39149
13,55,73.0548,0
13,57,90.9175,0
13,61,108.978,7.58658
13,62,36.2491,0
13,63,15.0333,0
13,64,79.712,0
13,67,78.4474,0
13,79,85.8662,0
13,81,97.7446,0
13,89,93.086,0
13,92,128.846,10.4209
14,1,35.3553,0
14,4,49.3964,0
14,7,46.1736,0
14,11,108.467,0
14,21,64.4981,0
14,22,96.8969,0
14,24,71.8471,0
14,25,52.4976,0
14,26,79.9062,0
14,28,65.307,0
14,38,67.6757,0
14,39,59.3633,0
14,41,82.0061,0
14,43,40.4475,0
14,46,89.3085,0
14,47,72.1803,0
14,50,109.041,0
14,51,47.8539,0
14,70,59.808,0
14,75,82.7345,0
14,78,63.8905,0
14,81,70.859,0
14,83,78.7909,0
14,87,20.5913,0
14,88,51.7397,0
14,89,102,0
14,96,65.7875,0
15,2,41.1066,0.973577
15,3,29.5466,0
15,9,75.743,0
15,12,85.9127,0
15,18,89.627,0
15,33,37.5766,0
15,40,81.8413,0
15,52,35.4683,0
15,56,79.0412,6.68582
15,60,91.214,0
15,64,108.674,0
15,65,89.1852,0
15,73,32.8938,0
15,74,55.1543,0
15,77,75.213,0
15,95,43.9659,0
16,13,115.013,5.27666
16,19,96.7737,6.78501
16,29,140.286,10.7761
16,35,52.1728,0
16,36,106.231,0
16,42,116.034,9.94264
16,44,67.6802,1.89203
16,49,68.884,0
16,53,92.9045,6.96784
16,54,101.119,0
16,55,30.5287,0
16,58,35.2278,0
16,61,64.4808,3.09324
16,62,125.899,7.36951
16,66,42.9535,0
16,68,122.132,10.3676
16,71,38.2099,0
16,72,81.6949,5.34186
16,80,35.0571,0
16,92,18.4391,0
16,93,25,0
17,18,38.4187,0
17,31,67.4759,0
17,36,92.4392,0
17,37,82.2253,0
17,44,87.9204,0
17,49,92.1141,0
17,52,92.6553,0
17,57,29.5466,0
17,61,94.2444,0
17,62,84.22,0
17,64,89.5377,0
17,65,104.561,0
17,69,99.8649,0
17,73,102.416,0
17,90,91.2414,0
17,94,50.3587,0
17,95,107.898,0
18,2,112.89,1.19979
18,3,99.8098,0
18,15,89.627,0
18,17,38.4187,0
18,31,77.1038,0
18,33,90.802,0
18,37,110.114,0
18,48,106.832,0
18,52,54.3783,0
18,57,54.0833,0
18,60,103.465,0
18,62,97.7394,0
18,64,77.0779,0
18,65,79.9062,0
18,69,104.561,0
18,73,65.4599,0
18,90,91.8314,0
18,94,82,0
18,95,72.0139,0
19,6,114.337,9.29484
19,8,77.2583,6.51475
19,10,121.37,10.4031
19,16,96.7737,6.78501
19,26,101.049,0.587328
19,27,114.742,2.33281
19,28,88.3803,0.525919
19,29,115.114,6.05523
19,35,68.045,3.30774
19,41,111.896,0.601448
19,42,88.8488,5.59188
19,45,58.258,0
19,50,107.299,0
19,53,34.9285,0
19,54,135.46,11.5596
19,55,144.743,7.75409
19,58,128.612,8.75315
19,59,136.682,11.5838
19,66,129.309,9.43074
19,68,56.6392,0
19,71,84.184,7.13088
19,72,36.2215,0
19,75,104.246,0.613035
19,76,109.74,9.04841
19,80,128.368,9.01705
19,81,72.5762,0.496902
19,82,35.3091,0.568192
19,84,101.55,8.41871
19,88,109.227,0.52503
19,92,78.122,6.1521
19,93,114.132,8.61547
19,98,99.2026,8.50308
20,1,104.139,0
20,4,69.029,0
20,7,78.5175,0
20,21,68.1836,0
20,39,105.589,0
20,43,96.3172,0
20,47,56.0803,0
20,83,97.1236,0
20,87,99.7447,0
21,1,73.0068,0
21,4,40.4969,0
21,7,53.8516,0
21,14,64.4981,0
21,20,68.1836,0
21,25,67.9117,0
21,38,70,0
21,39,89.822,0
21,43,30.5287,0
21,47,58.0517,0
21,51,54.5711,0
21,70,53,0
21,78,100.09,0
21,83,96.6644,0
21,87,43.909,0
21,88,95.0211,0
21,96,54.3323,0
22,5,68.1542,0
22,11,86.3481,0
22,13,48.7647,0
22,14,96.8969,0
22,24,40.8044,0
22,25,102.474,0
22,26,27.8927,0
22,28,111.364,0
22,29,28.0713,0
22,30,53.2541,0
22,31,95.8019,0
22,32,33.2415,0
22,34,20.8806,0
22,41,18,0
22,42,57.0088,0
22,48,75.06,0
22,62,80.6226,0
22,63,35.609,0
22,64,99.2975,0
22,67,56.0357,0
22,78,72.4224,0
22,79,60.208,0
22,81,74.7262,0
22,89,53.4883,0
22,91,107.648,0
23,5,106.888,0
23,11,29.0172,0
23,24,80.2309,0
23,25,71.7844,0
23,30,86.6833,0
23,34,107.005,0
23,38,64.3817,0
23,43,110.422,0
23,51,83.4326,0
23,67,85.3815,0
23,70,81.3019,0
23,78,60.1415,0
23,79,77.4919,0
23,89,63,0
23,91,49.7393,0
23,96,80.0062,0
24,1,102.176,0
24,5,81.0432,0
24,11,55.2178,0
24,13,89.1572,0
24,14,71.8471,0
24,22,40.8044,0
24,23,80.2309,0
24,25,63.0079,0
24,26,48.3839,0
24,28,110.023,0
24,29,67.7422,0
24,30,56.7186,0
24,32,71.6938,0
24,34,45.9674,0
24,38,74.686,0
24,41,39.4588,0
24,42,94.0479,0
24,43,92.358,0
24,48,94.1541,0
24,51,73.5935,0
24,63,75.1332,0
24,67,58.4209,0
24,70,83.6002,0
24,78,31.6228,0
24,79,57.0088,0
24,81,84.1487,0
24,87,86.0349,0
24,88,108.669,0
24,89,32.8938,0
24,91,88.7525,0
24,96,87.9204,0
25,1,86.4523,0
25,4,82.9699,0
25,7,87.7268,0
25,11,69.2604,0
25,14,52.4976,0
25,21,67.9117,0
25,22,102.474,0
25,23,71.7844,0
25,24,63.0079,0
25,26,99.4636,0
25,30,110.675,0
25,34,108.706,0
25,38,16.4924,0
25,39,110.635,0
25,41,95.1893,0
25,43,40,0
25,47,108.416,0
25,51,13.3417,0
25,67,111.306,0
25,70,20.6155,0
25,78,34.2053,0
25,79,106.471,0
25,87,49.1935,0
25,88,104.235,0
25,89,78.8923,0
25,91,111.018,0
25,96,25.0599,0
26,1,95.7549,0
26,5,96.0469,0
26,11,102.421,0
26,13,61.6117,0
26,14,79.9062,0
26,19,101.049,0.587328
26,22,27.8927,0
26,24,48.3839,0
26,25,99.4636,0
26,28,84.0238,0
26,29,32.6497,0
26,30,80.0625,0
26,32,53.4509,0
26,34,48.7647,0
26,39,108.908,0
26,41,11.4018,0
26,42,49.4773,0
26,45,109.59,0
26,48,102.489,0
26,51,105.948,0
26,55,127.745,8.01595
26,62,97.4166,0
26,63,53.3104,0
26,67,82.7647,0
26,78,76.1643,0
26,79,85.9826,0
26,81,46.8402,0
26,82,90.6035,0
26,87,99.905,0
26,88,91.7824,0
26,89,73.2462,0
27,1,83.4865,0
27,4,104.785,0
27,6,42.2966,0
27,7,92.1303,0
27,8,62.482,0
27,19,114.742,2.33281
27,28,62.9365,0
27,39,59.6657,0
27,45,51.9711,0
27,46,31.305,0
27,47,92.5743,0
27,50,8.60233,0
27,68,128.079,8.41534
27,75,35.2278,0
27,76,90.7083,0
27,81,99.3227,0
27,82,79.6241,0
27,83,48.7032,0
27,84,73.6817,0
27,88,66.6108,0
27,98,55.7136,0
28,1,42.107,0
28,4,79.0759,0
28,6,82.134,0
28,7,65.521,0
28,8,69.9214,0
28,14,65.307,0
28,19,88.3803,0.525919
28,22,111.364,0
28,24,110.023,0
28,26,84.0238,0
28,27,62.9365,0
28,29,110.644,0
28,39,34.8281,0
28,41,93.4345,0
28,42,106.452,0
28,43,101.415,0
28,45,47.4342,0
28,46,46.8722,0
28,47,83.863,0
28,50,54.8179,0
28,53,127.171,9.39919
28,68,129.511,10.1589
28,72,128.094,9.00859
28,75,31.0161,0
28,81,40.5216,0
28,82,54.3415,0
28,83,51.6236,0
28,84,96.3846,0
28,87,79.0759,0
28,88,20.8806,0
28,98,81.4923,0
29,5,81.5414,0
29,13,29.1548,0
29,16,140.286,10.7761
29,19,115.114,6.05523
29,22,28.0713,0
29,24,67.7422,0
29,26,32.6497,0
29,28,110.644,0
29,30,74.027,0
29,31,84.1546,0
29,32,26.4764,0
29,34,40.4969,0
29,41,32.249,0
29,42,29.9666,0
29,48,83.006,0
29,55,95.0067,4.7801
29,61,111.234,0
29,62,65.2993,0
29,63,24,0
29,64,100.717,0
29,67,76.8375,0
29,78,99.0404,0
29,79,82.662,0
29,81,70.4557,0
29,82,102.786,0
29,89,80.7775,0
29,92,136.615,11.413
30,5,25.5539,0
30,9,107.708,0
30,11,59.0931,0
30,13,75.9605,0
30,22,53.2541,0
30,23,86.6833,0
30,24,56.7186,0
30,25,110.675,0
30,26,80.0625,0
30,29,74.027,0
30,31,93.0484,0
30,32,56.648,0
30,34,33.9411,0
30,41,68.8767,0
30,42,103.47,0
30,48,41.1096,0
30,60,73.0616,0
30,62,88.8144,0
30,63,62.0322,0
30,64,70.9366,0
30,67,2.82843,0
30,78,76.6616,0
30,79,10.0499,0
30,89,32.0156,0
30,91,60.7289,0
31,5,74.8131,0
31,13,55.7853,0
31,17,67.4759,0
31,18,77.1038,0
31,22,95.8019,0
31,29,84.1546,0
31,30,93.0484,0
31,32,62.9682,0
31,34,84.9588,0
31,41,110.788,0
31,42,92.0217,0
31,44,96.8988,7.06932
31,48,60.0333,0
31,49,110.152,6.16723
31,52,110.064,0
31,55,116.242,8.13383
31,57,39.8246,0
31,60,93.0376,0
31,61,102.859,7.61472
31,62,21.0238,0
31,63,62.1772,0
31,64,46.0652,0
31,67,94.2444,0
31,73,108.674,0
31,79,102.142,0
31,94,109.604,0
32,5,58,0
32,11,107.075,0
32,13,20.025,0
32,22,33.2415,0
32,24,71.6938,0
32,26,53.4509,0
32,29,26.4764,0
32,30,56.648,0
32,31,62.9682,0
32,34,29.2746,0
32,41,47.8853,0
32,42,50.448,0
32,44,130.728,8.90275
32,48,57.2451,0
32,55,92.4446,0
32,57,101.533,0
32,60,105.589,0
32,61,129.397,8.23708
32,62,47.4236,0
32,63,5.38516,0
32,64,74.3303,0
32,67,59.2368,0
32,78,102.859,0
32,79,66.4078,0
32,81,96.0469,0
32,89,73.171,0
33,2,78.3339,1.02916
33,3,67.1193,0
33,5,105.019,0
33,9,41.3401,0
33,12,102.083,0
33,15,37.5766,0
33,18,90.802,0
33,40,95.7183,0
33,48,97.3242,0
33,52,44.3847,0
33,56,116.746,8.25478
33,60,54.5894,0
33,64,80.9568,0
33,73,27.1662,0
33,74,23.5372,0
33,77,46.0977,0
33,95,74.6525,0
34,5,47.2969,0
34,11,78,0
34,13,49.0918,0
34,22,20.8806,0
34,23,107.005,0
34,24,45.9674,0
34,25,108.706,0
34,26,48.7647,0
34,29,40.4969,0
34,30,33.9411,0
34,31,84.9588,0
34,32,29.2746,0
34,41,38.4708,0
34,42,70.3278,0
34,48,55.0818,0
34,60,99.2472,0
34,62,73.4302,0
34,63,34.0588,0
34,64,81.0432,0
34,67,36.7696,0
34,78,75.7166,0
34,79,42.2019,0
34,81,95.6033,0
34,89,44.0114,0
34,91,92.1303,0
35,8,131.233,9.55757
35,10,78.848,0
35,16,52.1728,0
35,19,68.045,3.30774
35,42,116.721,9.48533
35,45,143.047,11.5999
35,53,42.9391,2.75432
35,54,70.1783,0
35,55,68.6586,0
35,58,71.7008,0
35,59,90.471,0
35,61,108.074,0
35,66,67.624,0
35,68,69.3181,2.7622
35,71,19.8494,0
35,72,33.9864,2.50666
35,76,103.945,8.08589
35,80,70.1783,0
35,81,124.087,7.15453
35,82,109.683,8.98256
35,84,126.577,10.6301
35,92,37.0135,0
35,93,56.2228,0
35,98,143.65,11.9212
36,16,106.231,0
36,17,92.4392,0
36,37,67.0075,0
36,44,61.0328,0
36,49,42.4264,0
36,55,105.891,0
36,57,93.3916,0
36,58,94.1913,0
36,61,63.1269,0
36,66,107.005,0
36,80,96.1873,0
36,93,106.367,0
36,94,61.2944,0
37,17,82.2253,0
37,18,110.114,0
37,36,67.0075,0
37,49,101.833,0
37,57,102.859,0
37,69,67.0671,0
37,90,72.7186,0
37,94,32.6956,0
38,1,100.449,0
38,4,92.1954,0
38,7,98.7927,0
38,11,68.6222,0
38,14,67.6757,0
38,21,70,0
38,23,64.3817,0
38,24,74.686,0
38,25,16.4924,0
38,41,109.385,0
38,43,46.8188,0
38,51,21.4009,0
38,70,17,0
38,78,43.566,0
38,79,111.606,0
38,87,61.2209,0
38,89,85.0412,0
38,91,108.503,0
38,96,17.088,0
39,1,24.2074,0
39,4,50.1597,0
39,6,93.984,0
39,7,36.2215,0
39,8,94.0213,0
39,14,59.3633,0
39,20,105.589,0
39,21,89.822,0
39,25,110.635,0
39,26,108.908,0
39,27,59.6657,0
39,28,34.8281,0
39,43,84.3801,0
39,45,72.3395,0
39,46,30,0
39,47,49.6588,0
39,50,51.4004,0
39,51,103.276,0
39,75,27.5136,0
39,81,71.8679,0
39,82,86.9253,0
39,83,22,0
39,87,64.0312,0
39,88,17.4642,0
39,98,99.6393,0
40,2,119.831,9.40076
40,3,104.186,8.1871
40,9,104.235,0
40,12,8.06226,0
40,15,81.8413,0
40,33,95.7183,0
40,56,127.744,10.3979
40,73,110.309,0
40,74,90.4434,0
40,77,91.1976,0
40,85,40.05,0
40,99,53.0339,1.57717
41,1,101.514,0
41,5,85.703,0
41,11,92.1954,0
41,13,59.4138,0
41,14,82.0061,0
41,19,111.896,0.601448
41,22,18,0
41,24,39.4588,0
41,25,95.1893,0
41,26,11.4018,0
41,28,93.4345,0
41,29,32.249,0
41,30,68.8767,0
41,31,110.788,0
41,32,47.8853,0
41,34,38.4708,0
41,38,109.385,0
41,42,55.0818,0
41,48,93.0484,0
41,51,102.883,0
41,62,94.0213,0
41,63,48.8262,0
41,67,71.5542,0
41,78,69.1158,0
41,79,74.6257,0
41,81,57.5847,0
41,82,102.005,0
41,87,101.237,0
41,88,99.6092,0
41,89,62.2013,0
42,5,108.374,0
42,13,39.8497,0
42,16,116.034,9.94264
42,19,88.8488,5.59188
42,22,57.0088,0
42,24,94.0479,0
42,26,49.4773,0
42,28,106.452,0
42,29,29.9666,0
42,30,103.47,0
42,31,92.0217,0
42,32,50.448,0
42,34,70.3278,0
42,35,116.721,9.48533
42,41,55.0818,0
42,44,95.901,0
42,45,111.005,0
42,48,107.07,0
42,53,127.938,10.8945
42,55,78.2588,6.52157
42,61,93.8136,0
42,62,71.0634,0
42,63,45.8039,0
42,67,106.254,0
42,68,160.898,12.6602
42,71,129.874,10.981
42,72,119.065,10.2117
42,81,66.888,0
42,82,84.2912,0
42,89,110.368,0
42,92,107.633,9.08132
42,93,141.498,11.6391
43,1,62.2415,0
43,4,45.6508,0
43,7,53.8145,0
43,11,109.165,0
43,14,40.4475,0
43,20,96.3172,0
43,21,30.5287,0
43,23,110.422,0
43,24,92.358,0
43,25,40,0
43,28,101.415,0
43,38,46.8188,0
43,39,84.3801,0
43,47,70.3847,0
43,51,27.1662,0
43,70,31.3847,0
43,75,111.414,0
43,78,70.214,0
43,81,111.306,0
43,83,97.6729,0
43,87,22.3607,0
43,88,83.8153,0
43,96,35.609,0
44,13,109.725,7.94414
44,16,67.6802,1.89203
44,17,87.9204,0
44,31,96.8988,7.06932
44,32,130.728,8.90275
44,36,61.0328,0
44,42,95.901,0
44,49,20.6155,0
44,55,49.98,0
44,57,69.4046,0
44,58,73.6003,0
44,61,6.32456,0
44,62,88.8686,6.5286
44,63,126.425,8.84354
44,66,88.2326,0
44,71,102.841,0.499133
44,80,75.213,0
44,92,77.0584,0
44,93,77.3886,0
44,94,91.444,0
45,1,87.8237,0
45,6,43.0813,0
45,7,108.042,0
45,8,22.561,0
45,10,95.7079,0
45,19,58.258,0
45,26,109.59,0
45,27,51.9711,0
45,28,47.4342,0
45,35,143.047,11.5999
45,39,72.3395,0
45,42,111.005,0
45,46,62.2656,0
45,50,49.0408,0
45,53,100.446,8.46352
45,68,84.8615,7.26607
45,72,109.177,9.04031
45,75,48.7032,0
45,76,66.1287,0
45,81,63.8122,0
45,82,28.1603,0
45,83,77.6209,0
45,84,49.1935,0
45,88,65.6201,0
45,98,36.0694,0
46,1,54.2033,0
46,4,73.5391,0
46,6,70.5762,0
46,7,60.8276,0
46,8,80.3243,0
46,14,89.3085,0
46,27,31.305,0
46,28,46.8722,0
46,39,30,0
46,45,62.2656,0
46,47,63.0714,0
46,50,24.0416,0
46,75,17,0
46,81,87.3212,0
46,82,84.8999,0
46,83,18.1108,0
46,84,98.4124,0
46,87,93.3809,0
46,88,41.4849,0
46,98,80.2247,0
47,1,50,0
47,4,25.4951,0
47,7,26.5707,0
47,14,72.1803,0
47,20,56.0803,0
47,21,58.0517,0
47,25,108.416,0
47,27,92.5743,0
47,28,83.863,0
47,39,49.6588,0
47,43,70.3847,0
47,46,63.0714,0
47,50,86.5794,0
47,51,96.7678,0
47,70,101.553,0
47,75,72.0069,0
47,83,45.0111,0
47,87,61.2046,0
47,88,63.8201,0
47,96,105.119,0
48,5,16.6433,0
48,9,89.8721,0
48,11,97.9081,0
48,13,69.4262,0
48,18,106.832,0
48,22,75.06,0
48,24,94.1541,0
48,26,102.489,0
48,29,83.006,0
48,30,41.1096,0
48,31,60.0333,0
48,32,57.2451,0
48,33,97.3242,0
48,34,55.0818,0
48,41,93.0484,0
48,42,107.07,0
48,52,110.354,0
48,57,94.921,0
48,60,48.3735,0
48,62,63.8905,0
48,63,61.4003,0
48,64,29.8329,0
48,67,41.0122,0
48,73,99.6092,0
48,74,99.0051,0
48,77,105.437,0
48,79,47.634,0
48,89,73.1095,0
48,91,85.9884,0
49,13,130.322,8.39149
49,16,68.884,0
49,17,92.1141,0
49,31,110.152,6.16723
49,36,42.4264,0
49,37,101.833,0
49,44,20.6155,0
49,55,63.8201,0
49,57,79.511,0
49,58,68.352,0
49,61,21.095,0
49,62,110.166,7.52782
49,66,83.006,0
49,71,106.231,0
49,80,70.2282,0
49,92,85.1645,0
49,93,76.1183,0
49,94,84.006,0
50,1,75.0733,0
50,4,97.4987,0
50,6,47.0425,0
50,7,84.5813,0
50,8,62.434,0
50,14,109.041,0
50,19,107.299,0
50,27,8.60233,0
50,28,54.8179,0
50,39,51.4004,0
50,45,49.0408,0
50,46,24.0416,0
50,47,86.5794,0
50,68,128.935,8.76502
50,75,26.6271,0
50,76,94.2019,0
50,81,92.0489,0
50,82,75.8024,0
50,83,41.9762,0
50,84,76.6877,0
50,88,58.0086,0
50,98,58.4637,0
51,1,79.3977,0
51,4,71.5122,0
51,7,77.5242,0
51,11,82.4924,0
51,14,47.8539,0
51,21,54.5711,0
51,23,83.4326,0
51,24,73.5935,0
51,25,13.3417,0
51,26,105.948,0
51,38,21.4009,0
51,39,103.276,0
51,41,102.883,0
51,43,27.1662,0
51,47,96.7678,0
51,70,13,0
51,78,46.6476,0
51,87,39.8246,0
51,88,98.737,0
51,89,91.7061,0
51,96,19.0263,0
52,2,65.6856,1.00844
52,3,52.2015,0
52,9,84.6936,0
52,15,35.4683,0
52,17,92.6553,0
52,18,54.3783,0
52,31,110.064,0
52,33,44.3847,0
52,48,110.354,0
52,56,95.9165,6.44129
52,57,102.45,0
52,60,82.6196,0
52,64,84.3801,0
52,65,76.5768,0
52,73,17.8885,0
52,74,67.9117,0
52,77,90.471,0
52,95,39,0
53,6,121.503,10.2821
53,8,87.7081,6.88529
53,10,93.0279,7.55609
53,16,92.9045,6.96784
53,19,34.9285,0
53,28,127.171,9.39919
53,35,42.9391,2.75432
53,42,127.938,10.8945
53,45,100.446,8.46352
53,54,100.454,7.44178
53,55,136.154,9.91599
53,58,115.861,7.59684
53,59,108.042,8.21457
53,66,111.186,7.2903
53,68,34.2345,0
53,71,62.6802,5.3541
53,72,12.1655,0
53,76,91.7082,7.86543
53,80,114.63,7.64199
53,81,107.15,7.23679
53,82,74.2155,5.96496
53,84,95.1768,7.97158
53,92,75.8947,6.32456
53,93,100.165,7.20314
53,98,104.282,8.88766
54,0,84.1487,0
54,10,53.7401,0
54,16,101.119,0
54,19,135.46,11.5596
54,35,70.1783,0
54,53,100.454,7.44178
54,58,93.9042,0
54,59,50.5371,0
54,66,80.2247,0
54,68,87.1204,4.71046
54,71,67.3573,0
54,72,99.6114,7.01876
54,76,82.1523,0
54,80,91.9239,0
54,84,97.509,0
54,92,96.0469,0
54,93,85.44,0
55,13,73.0548,0
55,16,30.5287,0
55,19,144.743,7.75409
55,26,127.745,8.01595
55,29,95.0067,4.7801
55,31,116.242,8.13383
55,32,92.4446,0
55,35,68.6586,0
55,36,105.891,0
55,42,78.2588,6.52157
55,44,49.98,0
55,49,63.8201,0
55,53,136.154,9.91599
55,57,129.375,9.17131
55,58,62.1691,0
55,61,45.1885,0
55,62,92.2925,5.67917
55,63,87.0919,0
55,66,72.45,0
55,68,167.033,11.4379
55,71,61.7738,0
55,72,124.092,9.44287
55,80,62.5859,0
55,82,174.008,13.3857
55,92,33.1059,0
55,93,55.0364,0
56,2,38.6264,0
56,3,48.4544,3.30688
56,12,120.009,10.1959
56,15,79.0412,6.68582
56,33,116.746,8.25478
56,40,127.744,10.3979
56,52,95.9165,6.44129
56,65,83.5244,3.83586
56,73,105.173,7.14971
56,74,134.038,9.45077
56,95,60.7667,4.15801
56,97,113.216,8.82199
57,5,111,0
57,13,90.9175,0
57,17,29.5466,0
57,18,54.0833,0
57,31,39.8246,0
57,32,101.533,0
57,36,93.3916,0
57,37,102.859,0
57,44,69.4046,0
57,48,94.921,0
57,49,79.511,0
57,52,102.45,0
57,55,129.375,9.17131
57,61,75.452,0
57,62,54.9181,0
57,63,100,0
57,64,72.111,0
57,73,107.629,0
57,94,70.2353,0
58,16,35.2278,0
58,19,128.612,8.75315
58,35,71.7008,0
58,36,94.1913,0
58,44,73.6003,0
58,49,68.352,0
58,53,115.861,7.59684
58,54,93.9042,0
58,55,62.1691,0
58,61,67.624,0
58,66,14.7648,0
58,68,135.995,10.1456
58,71,52.2015,0
58,72,105.864,5.90949
58,80,2,0
58,92,50.3289,0
58,93,15.5563,0
59,0,48.0104,0
59,6,94.2019,0
59,8,89.2693,0
59,10,16.5529,0
59,19,136.682,11.5838
59,35,90.471,0
59,53,108.042,8.21457
59,54,50.5371,0
59,68,80.3517,3.62315
59,71,98.27,0
59,72,113.75,8.74132
59,76,47.0425,0
59,84,65.0692,0
59,98,83,0
60,5,51.9711,0
60,9,41.8688,0
60,15,91.214,0
60,18,103.465,0
60,30,73.0616,0
60,31,93.0376,0
60,32,105.589,0
60,33,54.5894,0
60,34,99.2472,0
60,48,48.3735,0
60,52,82.6196,0
60,62,104.623,0
60,63,109.772,0
60,64,47.0106,0
60,67,71.1758,0
60,73,66.888,0
60,74,51.2445,0
60,77,57.4891,0
60,79,73.1642,0
60,89,100.663,0
60,91,82.134,0
61,13,108.978,7.58658
61,16,64.4808,3.09324
61,17,94.2444,0
61,29,111.234,0
61,31,102.859,7.61472
61,32,129.397,8.23708
61,35,108.074,0
61,36,63.1269,0
61,42,93.8136,0
61,44,6.32456,0
61,49,21.095,0
61,55,45.1885,0
61,57,75.452,0
61,58,67.624,0
61,62,92.1364,6.67533
61,63,124.864,8.18038
61,66,82.201,0
61,71,102.681,3.26377
61,80,69.2026,0
61,92,71.1758,0
61,93,72.2237,0.546886
61,94,96.8814,0
62,5,75.6637,0
62,13,36.2491,0
62,16,125.899,7.36951
62,17,84.22,0
62,18,97.7394,0
62,22,80.6226,0
62,26,97.4166,0
62,29,65.2993,0
62,30,88.8144,0
62,31,21.0238,0
62,32,47.4236,0
62,34,73.4302,0
62,41,94.0213,0
62,42,71.0634,0
62,44,88.8686,6.5286
62,48,63.8905,0
62,49,110.166,7.52782
62,55,92.2925,5.67917
62,57,54.9181,0
62,60,104.623,0
62,61,92.1364,6.67533
62,63,45.3431,0
62,64,59.397,0
62,67,90.5539,0
62,79,98.6154,0
62,92,129.46,7.8779
63,5,62.9365,0
63,13,15.0333,0
63,22,35.609,0
63,24,75.1332,0
63,26,53.3104,0
63,29,24,0
63,30,62.0322,0
63,31,62.1772,0
63,32,5.38516,0
63,34,34.0588,0
63,41,48.8262,0
63,42,45.8039,0
63,44,126.425,8.84354
63,48,61.4003,0
63,55,87.0919,0
63,57,100,0
63,60,109.772,0
63,61,124.864,8.18038
63,62,45.3431,0
63,64,76.9415,0
63,67,64.622,0
63,78,106.513,0
63,79,71.7844,0
63,81,94.3398,0
63,89,78.0577,0
63,92,142.109,11.1193
64,5,45.9674,0
64,9,86.6083,0
64,13,79.712,0
64,15,108.674,0
64,17,89.5377,0
64,18,77.0779,0
64,22,99.2975,0
64,29,100.717,0
64,30,70.9366,0
64,31,46.0652,0
64,32,74.3303,0
64,33,80.9568,0
64,34,81.0432,0
64,48,29.8329,0
64,52,84.3801,0
64,57,72.111,0
64,60,47.0106,0
64,62,59.397,0
64,63,76.9415,0
64,67,70.7672,0
64,73,76.4199,0
64,74,89.3756,0
64,77,101.828,0
64,79,77.1038,0
64,89,102.942,0
64,91,110.055,0
65,2,80.8336,1.91448
65,3,73,0
65,15,89.1852,0
65,17,104.561,0
65,18,79.9062,0
65,52,76.5768,0
65,56,83.5244,3.83586
65,69,77.8845,0
65,73,94.0213,0
65,86,67.0075,0
65,90,63.9062,0
65,95,45.2217,0
65,97,53.7807,3.20123
66,16,42.9535,0
66,19,129.309,9.43074
66,35,67.624,0
66,36,107.005,0
66,44,88.2326,0
66,49,83.006,0
66,53,111.186,7.2903
66,54,80.2247,0
66,55,72.45,0
66,58,14.7648,0
66,61,82.201,0
66,68,127.796,9.33787
66,71,47.8017,0
66,72,101.079,5.36066
66,80,13.0384,0
66,92,54.231,0
66,93,18.1108,0
67,5,25,0
67,9,105.323,0
67,11,58.1378,0
67,13,78.4474,0
67,22,56.0357,0
67,23,85.3815,0
67,24,58.4209,0
67,25,111.306,0
67,26,82.7647,0
67,29,76.8375,0
67,30,2.82843,0
67,31,94.2444,0
67,32,59.2368,0
67,34,36.7696,0
67,41,71.5542,0
67,42,106.254,0
67,48,41.0122,0
67,60,71.1758,0
67,62,90.5539,0
67,63,64.622,0
67,64,70.7672,0
67,78,77.4145,0
67,79,8.06226,0
67,89,32.45,0
67,91,58.2409,0
68,6,91.9813,6.44901
68,8,65.7174,5.56665
68,10,64.7305,3.46771
68,16,122.132,10.3676
68,19,56.6392,0
68,27,128.079,8.41534
68,28,129.511,10.1589
68,35,69.3181,2.7622
68,42,160.898,12.6602
68,45,84.8615,7.26607
68,50,128.935,8.76502
68,53,34.2345,0
68,54,87.1204,4.71046
68,55,167.033,11.4379
68,58,135.995,10.1456
68,59,80.3517,3.62315
68,66,127.796,9.33787
68,71,84.6843,7.10422
68,72,46.0435,0
68,75,133.194,9.26713
68,76,58.4707,4.24695
68,80,134.578,10.1469
68,81,123.329,9.96117
68,82,77.1502,5.75078
68,84,60.9745,4.8191
68,92,106.608,9.05244
68,93,122.589,9.9846
68,98,73.8699,5.86269
69,17,99.8649,0
69,18,104.561,0
69,37,67.0671,0
69,65,77.8845,0
69,86,65.7875,0
69,90,15.0333,0
69,94,76.3217,0
69,97,92.3189,3.63159
70,1,89.627,0
70,4,77.026,0
70,7,84.8116,0
70,11,84.8999,0
70,14,59.808,0
70,21,53,0
70,23,81.3019,0
70,24,83.6002,0
70,25,20.6155,0
70,38,17,0
70,43,31.3847,0
70,47,101.553,0
70,51,13,0
70,78,54.4885,0
70,87,49.0408,0
70,88,109.772,0
70,89,98.4733,0
70,96,6.08276,0
71,8,150.987,12.5822
71,10,89.202,0
71,16,38.2099,0
71,19,84.184,7.13088
71,35,19.8494,0
71,42,129.874,10.981
71,44,102.841,0.499133
71,49,106.231,0
71,53,62.6802,5.3541
71,54,67.3573,0
71,55,61.7738,0
71,58,52.2015,0
71,59,98.27,0
71,61,102.681,3.26377
71,66,47.8017,0
71,68,84.6843,7.10422
71,72,53.1694,4.30901
71,76,97.5295,0
71,80,50.6063,0
71,82,122.116,10.2072
71,84,126.115,8.99293
71,92,28.8444,0
71,93,36.8917,0
72,6,133.697,11.4626
72,8,99.4872,7.28844
72,10,101.459,8.48628
72,16,81.6949,5.34186
72,19,36.2215,0
72,28,128.094,9.00859
72,35,33.9864,2.50666
72,42,119.065,10.2117
72,45,109.177,9.04031
72,53,12.1655,0
72,54,99.6114,7.01876
72,55,124.092,9.44287
72,58,105.864,5.90949
72,59,113.75,8.74132
72,66,101.079,5.36066
72,68,46.0435,0
72,71,53.1694,4.30901
72,76,103.514,8.76493
72,80,104.652,5.96621
72,81,108.334,7.49499
72,82,77.1609,6.38191
72,84,107.339,8.68805
72,92,63.6519,4.77389
72,93,90.268,5.6812
72,98,115.353,9.69512
73,2,71.0298,0.971422
73,3,58.0086,0
73,5,110.856,0
73,9,66.8506,0
73,15,32.8938,0
73,17,102.416,0
73,18,65.4599,0
73,31,108.674,0
73,33,27.1662,0
73,40,110.309,0
73,48,99.6092,0
73,52,17.8885,0
73,56,105.173,7.14971
73,57,107.629,0
73,60,66.888,0
73,64,76.4199,0
73,65,94.0213,0
73,74,50.636,0
73,77,73.1642,0
73,95,53.8238,0
74,2,93.0927,1.14778
74,3,83.4086,0
74,5,103.078,0
74,9,20.8087,0
74,12,97.8008,0
74,15,55.1543,0
74,33,23.5372,0
74,40,90.4434,0
74,48,99.0051,0
74,52,67.9117,0
74,56,134.038,9.45077
74,60,51.2445,0
74,64,89.3756,0
74,73,50.636,0
74,77,22.561,0
74,85,119.653,5.16936
74,95,96.2549,0
75,1,49.6488,0
75,4,77.1038,0
75,6,66.4831,0
75,7,63.3482,0
75,8,68.884,0
75,14,82.7345,0
75,19,104.246,0.613035
75,27,35.2278,0
75,28,31.0161,0
75,39,27.5136,0
75,43,111.414,0
75,45,48.7032,0
75,46,17,0
75,47,72.0069,0
75,50,26.6271,0
75,68,133.194,9.26713
75,76,108.227,0
75,81,71.0211,0
75,82,69.029,0
75,83,29.0689,0
75,84,90.1998,0
75,87,90.4268,0
75,88,31.4006,0
75,98,72.5603,0
76,0,85.4751,0
76,6,49.0408,0
76,8,43.8634,0
76,10,32.3883,0
76,19,109.74,9.04841
76,27,90.7083,0
76,35,103.945,8.08589
76,45,66.1287,0
76,50,94.2019,0
76,53,91.7082,7.86543
76,54,82.1523,0
76,59,47.0425,0
76,68,58.4707,4.24695
76,71,97.5295,0
76,72,103.514,8.76493
76,75,108.227,0
76,82,73.5935,0
76,84,18.0278,0
76,98,36.0555,0
77,2,111.759,1.90006
77,3,101.833,0
77,5,105.991,0
77,9,15.6205,0
77,12,99.1262,0
77,15,75.213,0
77,33,46.0977,0
77,40,91.1976,0
77,48,105.437,0
77,52,90.471,0
77,60,57.4891,0
77,64,101.828,0
77,73,73.1642,0
77,74,22.561,0
77,85,119.321,7.74058
77,91,101.868,0
78,1,98.7927,0
78,4,107.005,0
78,5,102.215,0
78,7,108.046,0
78,11,44.5982,0
78,14,63.8905,0
78,21,100.09,0
78,22,72.4224,0
78,23,60.1415,0
78,24,31.6228,0
78,25,34.2053,0
78,26,76.1643,0
78,29,99.0404,0
78,30,76.6616,0
78,32,102.859,0
78,34,75.7166,0
78,38,43.566,0
78,41,69.1158,0
78,43,70.214,0
78,51,46.6476,0
78,63,106.513,0
78,67,77.4145,0
78,70,54.4885,0
78,79,73.0068,0
78,81,102.083,0
78,87,71.007,0
78,88,111.306,0
78,89,45.1885,0
78,91,86.122,0
78,96,58.0517,0
79,5,31.1448,0
79,9,104.938,0
79,11,50.6063,0
79,13,85.8662,0
79,22,60.208,0
79,23,77.4919,0
79,24,57.0088,0
79,25,106.471,0
79,26,85.9826,0
79,29,82.662,0
79,30,10.0499,0
79,31,102.142,0
79,32,66.4078,0
79,34,42.2019,0
79,38,111.606,0
79,41,74.6257,0
79,48,47.634,0
79,60,73.1642,0
79,62,98.6154,0
79,63,71.7844,0
79,64,77.1038,0
79,67,8.06226,0
79,78,73.0068,0
79,89,27.8568,0
79,91,50.9215,0
80,16,35.0571,0
80,19,128.368,9.01705
80,35,70.1783,0
80,36,96.1873,0
80,44,75.213,0
80,49,70.2282,0
80,53,114.63,7.64199
80,54,91.9239,0
80,55,62.5859,0
80,58,2,0
80,61,69.2026,0
80,66,13.0384,0
80,68,134.578,10.1469
80,71,50.6063,0
80,72,104.652,5.96621
80,92,49.6488,0
80,93,14.2127,0
81,1,67.624,0
81,4,104.848,0
81,6,106.471,0
81,7,93.4077,0
81,8,81.3449,0
81,13,97.7446,0
81,14,70.859,0
81,19,72.5762,0.496902
81,22,74.7262,0
81,24,84.1487,0
81,26,46.8402,0
81,27,99.3227,0
81,28,40.5216,0
81,29,70.4557,0
81,32,96.0469,0
81,34,95.6033,0
81,35,124.087,7.15453
81,39,71.8679,0
81,41,57.5847,0
81,42,66.888,0
81,43,111.306,0
81,45,63.8122,0
81,46,87.3212,0
81,50,92.0489,0
81,53,107.15,7.23679
81,63,94.3398,0
81,68,123.329,9.96117
81,72,108.334,7.49499
81,75,71.0211,0
81,78,102.083,0
81,82,49.93,0
81,83,91.2853,0
81,84,108.904,0
81,87,90.471,0
81,88,54.6443,0
81,98,99.2018,0
82,1,96.1769,0
82,6,67.4759,0
82,8,34.9285,0
82,10,97.0618,0
82,19,35.3091,0.568192
82,26,90.6035,0
82,27,79.6241,0
82,28,54.3415,0
82,29,102.786,0
82,35,109.683,8.98256
82,39,86.9253,0
82,41,102.005,0
82,42,84.2912,0
82,45,28.1603,0
82,46,84.8999,0
82,50,75.8024,0
82,53,74.2155,5.96496
82,55,174.008,13.3857
82,68,77.1502,5.75078
82,71,122.116,10.2072
82,72,77.1609,6.38191
82,75,69.029,0
82,76,73.5935,0
82,81,49.93,0
82,83,97.6524,0
82,84,60.803,0
82,88,75.1864,0
82,92,94.7542,0.676527
82,98,55.0273,0
83,1,43.6578,0
83,4,56.356,0
83,6,88.6848,0
83,7,44.4072,0
83,8,97.0155,0
83,14,78.7909,0
83,20,97.1236,0
83,21,96.6644,0
83,27,48.7032,0
83,28,51.6236,0
83,39,22,0
83,43,97.6729,0
83,45,77.6209,0
83,46,18.1108,0
83,47,45.0111,0
83,50,41.9762,0
83,75,29.0689,0
83,81,91.2853,0
83,82,97.6524,0
83,87,79.6492,0
83,88,38.6394,0
83,98,98.0816,0
84,0,102.044,0
84,6,33.2866,0
84,8,27.8029,0
84,10,50.1597,0
84,19,101.55,8.41871
84,27,73.6817,0
84,28,96.3846,0
84,35,126.577,10.6301
84,45,49.1935,0
84,46,98.4124,0
84,50,76.6877,0
84,53,95.1768,7.97158
84,54,97.509,0
84,59,65.0692,0
84,68,60.9745,4.8191
84,71,126.115,8.99293
84,72,107.339,8.68805
84,75,90.1998,0
84,76,18.0278,0
84,81,108.904,0
84,82,60.803,0
84,98,18.2483,0
85,12,42.2019,0
85,40,40.05,0
85,74,119.653,5.16936
85,77,119.321,7.74058
85,99,25.318,0
86,65,67.0075,0
86,69,65.7875,0
86,90,63.3877,0
86,95,111.792,0.570243
86,97,48.0208,4.11943
87,1,40.8167,0
87,4,36,0
87,7,38.6264,0
87,14,20.5913,0
87,20,99.7447,0
87,21,43.909,0
87,24,86.0349,0
87,25,49.1935,0
87,26,99.905,0
87,28,79.0759,0
87,38,61.2209,0
87,39,64.0312,0
87,41,101.237,0
87,43,22.3607,0
87,46,93.3809,0
87,47,61.2046,0
87,51,39.8246,0
87,70,49.0408,0
87,75,90.4268,0
87,78,71.007,0
87,81,90.471,0
87,83,79.6492,0
87,88,61.8466,0
87,96,54.4059,0
88,1,22.2036,0
88,4,58.2495,0
88,6,94.6678,0
88,7,44.643,0
88,8,88.1192,0
88,14,51.7397,0
88,19,109.227,0.52503
88,21,95.0211,0
88,24,108.669,0
88,25,104.235,0
88,26,91.7824,0
88,27,66.6108,0
88,28,20.8806,0
88,39,17.4642,0
88,41,99.6092,0
88,43,83.8153,0
88,45,65.6201,0
88,46,41.4849,0
88,47,63.8201,0
88,50,58.0086,0
88,51,98.737,0
88,70,109.772,0
88,75,31.4006,0
88,78,111.306,0
88,81,54.6443,0
88,82,75.1864,0
88,83,38.6394,0
88,87,61.8466,0
88,98,97.1442,0
89,5,57.4282,0
89,11,34.0147,0
89,13,93.086,0
89,14,102,0
89,22,53.4883,0
89,23,63,0
89,24,32.8938,0
89,25,78.8923,0
89,26,73.2462,0
89,29,80.7775,0
89,30,32.0156,0
89,32,73.171,0
89,34,44.0114,0
89,38,85.0412,0
89,41,62.2013,0
89,42,110.368,0
89,48,73.1095,0
89,51,91.7061,0
89,60,100.663,0
89,63,78.0577,0
89,64,102.942,0
89,67,32.45,0
89,70,98.4733,0
89,78,45.1885,0
89,79,27.8568,0
89,91,57.3847,0
89,96,101.213,0
90,17,91.2414,0
90,18,91.8314,0
90,37,72.7186,0
90,65,63.9062,0
90,69,15.0333,0
90,86,63.3877,0
90,94,75.4255,0
90,95,103.31,0
90,97,83.1322,3.2288
91,5,71.1126,0
91,9,93.4077,0
91,11,42.19,0
91,22,107.648,0
91,23,49.7393,0
91,24,88.7525,0
91,25,111.018,0
91,30,60.7289,0
91,34,92.1303,0
91,38,108.503,0
91,48,85.9884,0
91,60,82.134,0
91,64,110.055,0
91,67,58.2409,0
91,77,101.868,0
91,78,86.122,0
91,79,50.9215,0
91,89,57.3847,0
92,13,128.846,10.4209
92,16,18.4391,0
92,19,78.122,6.1521
92,29,136.615,11.413
92,35,37.0135,0
92,42,107.633,9.08132
92,44,77.0584,0
92,49,85.1645,0
92,53,75.8947,6.32456
92,54,96.0469,0
92,55,33.1059,0
92,58,50.3289,0
92,61,71.1758,0
92,62,129.46,7.8779
92,63,142.109,11.1193
92,66,54.231,0
92,68,106.608,9.05244
92,71,28.8444,0
92,72,63.6519,4.77389
92,80,49.6488,0
92,82,94.7542,0.676527
92,93,36.6742,0
93,16,25,0
93,19,114.132,8.61547
93,35,56.2228,0
93,36,106.367,0
93,42,141.498,11.6391
93,44,77.3886,0
93,49,76.1183,0
93,53,100.165,7.20314
93,54,85.44,0
93,55,55.0364,0
93,58,15.5563,0
93,61,72.2237,0.546886
93,66,18.1108,0
93,68,122.589,9.9846
93,71,36.8917,0
93,72,90.268,5.6812
93,80,14.2127,0
93,92,36.6742,0
94,17,50.3587,0
94,18,82,0
94,31,109.604,0
94,36,61.2944,0
94,37,32.6956,0
94,44,91.444,0
94,49,84.006,0
94,57,70.2353,0
94,61,96.8814,0
94,69,76.3217,0
94,90,75.4255,0
95,2,42.655,0.608272
95,3,33.1059,0
95,15,43.9659,0
95,17,107.898,0
95,18,72.0139,0
95,33,74.6525,0
95,52,39,0
95,56,60.7667,4.15801
95,65,45.2217,0
95,73,53.8238,0
95,74,96.2549,0
95,86,111.792,0.570243
95,90,103.31,0
95,97,114.539,9.7478
96,1,95.1315,0
96,4,80.9938,0
96,7,89.3756,0
96,11,85.703,0
96,14,65.7875,0
96,21,54.3323,0
96,23,80.0062,0
96,24,87.9204,0
96,25,25.0599,0
96,38,17.088,0
96,43,35.609,0
96,47,105.119,0
96,51,19.0263,0
96,70,6.08276,0
96,78,58.0517,0
96,87,54.4059,0
96,89,101.213,0
97,2,126.227,9.6885
97,3,120.921,7.95782
97,56,113.216,8.82199
97,65,53.7807,3.20123
97,69,92.3189,3.63159
97,86,48.0208,4.11943
97,90,83.1322,3.2288
97,95,114.539,9.7478
98,6,18.0278,0
98,8,20.3961,0
98,10,68.3593,0
98,19,99.2026,8.50308
98,27,55.7136,0
98,28,81.4923,0
98,35,143.65,11.9212
98,39,99.6393,0
98,45,36.0694,0
98,46,80.2247,0
98,50,58.4637,0
98,53,104.282,8.88766
98,59,83,0
98,68,73.8699,5.86269
98,72,115.353,9.69512
98,75,72.5603,0
98,76,36.0555,0
98,81,99.2018,0
98,82,55.0273,0
98,83,98.0816,0
98,84,18.2483,0
98,88,97.1442,0
99,12,47.4342,0
99,40,53.0339,1.57717
99,85,25.318,0
