0,12,95.2115,4.79563
0,18,61.2944,0
0,23,64.7765,0
0,30,28.3196,0
0,40,134.099,8.53639
0,63,114.49,0
0,69,46.0977,0
1,3,84.9386,3.70411
1,5,55.6332,4.35991
1,8,108.086,8.43598
1,9,138.899,6.45041
1,24,83.0904,5.59854
1,27,112.788,8.11772
1,41,147.005,9.65886
1,45,44.7214,3.61211
1,52,95.9768,8.12576
1,56,162.905,13.7726
1,67,147.79,8.74906
1,70,116.586,6.18869
1,89,79.3258,6.79153
2,7,92.1358,0
2,8,117.085,0
2,13,123.434,0
2,27,118.596,0
2,38,84.0536,0
2,39,118.343,0
2,41,76.7919,0
2,42,13,0
2,43,59.0339,0
2,50,111.893,0
2,56,107.336,0
2,58,118.966,0
2,67,91.586,0
2,68,34.9285,0
2,76,51.9711,0
2,79,41.0122,0
2,81,78.1857,0
2,92,117.89,0
2,96,112.272,0
3,1,84.9386,3.70411
3,5,48.5342,4.14822
3,8,53.153,3.64895
3,9,121.929,3.362
3,24,71.078,3.12061
3,27,64.8671,3.53453
3,41,88.8934,4.76215
3,45,56.9759,3.39142
3,52,57.7235,0
3,56,80.7015,5.76272
3,67,98.5431,4.2425
3,70,97.4226,3.30375
3,89,25.6562,2.17689
4,7,73.3485,0
4,10,55.5428,0
4,13,95.8801,0
4,15,74,0
4,16,7.2111,0
4,19,62.1289,0
4,21,95.2209,5.81425
4,25,104.043,0
4,26,103.586,0
4,32,168.017,14.2075
4,33,33.4215,0
4,34,118.068,0
4,35,117.886,0
4,36,102.942,0
4,39,101.213,0
4,43,122.483,0
4,48,37.4833,0
4,50,125.925,0
4,53,91.214,0
4,58,132.801,0
4,59,95.0329,3.56194
4,61,46.3249,0
4,62,54.8179,0
4,64,118.95,0
4,74,83.3607,0
4,78,101.257,0
4,86,99.3444,4.5456
4,88,79.5241,0.496865
4,91,149.642,10.3921
4,92,114.809,0
5,1,55.6332,4.35991
5,3,48.5342,4.14822
5,8,102.391,8.46238
5,24,87.3613,0
5,27,112.535,8.4401
5,41,128.348,8.10202
5,45,77.4407,6.60006
5,52,41.0924,2.53806
5,56,91.4756,4.10484
5,67,146.626,9.66193
5,70,117.784,0
5,89,71.1302,6.10186
6,11,86.8332,0
6,17,184.054,0
6,22,135.765,0
6,31,73.5391,0
6,37,261.48,0
6,46,42.0476,0
6,47,268.715,0
6,55,83.2586,0
6,60,265.266,1.46789
6,65,88.4081,0
6,72,74.4312,0
6,73,181.747,0
6,77,250.48,0
6,80,171.231,0
6,82,251.563,0
6,83,53.2541,0
6,87,223.231,0
6,93,169.8,0
7,2,92.1358,0
7,4,73.3485,0
7,10,128.16,0
7,13,54.0833,0
7,15,124.868,0
7,16,66.2118,0
7,19,89.8888,0
7,25,117.154,0
7,33,73.4098,0
7,35,131.015,0
7,38,125.865,0
7,39,95.0368,0
7,42,92.3472,0
7,43,75.0067,0
7,48,106.231,0
7,50,109.786,0
7,53,128.39,0
7,58,118.929,0
7,61,81.9878,0
7,62,125,0
7,68,112.272,0
7,76,99.2975,0
7,79,67.4166,0
7,81,100.896,0
7,88,134.346,0.599659
7,92,105.019,0
7,96,126.127,0
8,1,108.086,8.43598
8,2,117.085,0
8,3,53.153,3.64895
8,5,102.391,8.46238
8,9,90.934,0
8,24,58.6941,0
8,27,17.2627,0
8,38,133.297,0
8,41,40.5216,0
8,42,120.208,0
8,45,72.3671,0
8,52,67.0665,3.54158
8,56,62.8172,0
8,67,45.2217,0
8,68,101.494,0
8,70,68.4105,0
8,76,128.32,0
8,89,29.8329,0
9,1,138.899,6.45041
9,3,121.929,3.362
9,8,90.934,0
9,24,55.5698,0
9,27,74.7329,0
9,38,158.501,10.0229
9,40,133.073,5.40791
9,41,113.6,0
9,44,64.5368,0
9,45,95.6033,0
9,67,81.2158,0
9,70,24.5153,0
9,85,74.4312,0
9,89,98.3107,0
10,4,55.5428,0
10,7,128.16,0
10,15,81.4678,0
10,16,62.3618,0
10,19,96.2549,0
10,21,82.1275,6.06409
10,25,134.833,0
10,26,116.932,0
10,28,208.75,15.5228
10,32,131.402,10.4093
10,33,76.1183,0
10,34,83.2406,0
10,36,92.7793,0
10,37,161.911,12.6659
10,47,176.163,14.4962
10,48,25.4951,0
10,51,118.794,5.60029
10,53,85.0235,0
10,59,44.91,3.48078
10,61,83.1685,0
10,62,36.0555,0
10,64,162.737,13.0714
10,74,41.0122,0.681853
10,75,202.255,14.3008
10,78,76.6942,0
10,86,49.9444,4.03397
10,88,81.4895,1.17884
10,91,94.4409,7.78946
11,6,86.8332,0
11,17,267.507,0
11,22,169.293,0
11,31,138.463,0
11,46,118.811,0
11,55,21.5407,0
11,60,224.194,2.05536
11,65,138,0
11,72,148.862,0
11,73,234.853,0
11,80,169.623,0
11,83,39.2938,0
11,93,196.865,0
12,0,95.2115,4.79563
12,18,52,0
12,23,48.0937,0
12,30,69.3002,5.07693
12,40,37.2857,2.95918
12,44,111.103,6.17424
12,63,51.0784,0
12,69,56.7156,4.34412
12,85,87.6,6.8928
13,2,123.434,0
13,4,95.8801,0
13,7,54.0833,0
13,16,89.4707,0
13,19,135.724,0
13,33,112.294,0
13,36,114.07,0
13,42,118.106,0
13,43,125.431,0
13,48,114.691,0
13,53,104.58,0
13,61,124.149,0
13,78,133.364,0
13,79,85.3815,0
14,28,9.21954,0
14,34,61.9839,0
14,36,99.3227,0
14,51,37.108,0
14,53,109.005,0
14,74,161.647,11.8598
14,75,15.6205,0
14,78,83.0241,0
14,94,52.4309,0
14,97,44.643,0
14,99,53.6004,0
15,4,74,0
15,7,124.868,0
15,10,81.4678,0
15,16,78.2304,0
15,19,40.4969,0
15,21,47.0244,3.87298
15,25,61,0
15,26,35.4683,0
15,29,121.017,0
15,32,113.863,3.975
15,33,52.3927,0
15,35,68.7095,0
15,37,211.309,5.09184
15,39,80.895,0
15,43,132.914,0
15,47,153.117,3.68426
15,48,88.1419,0
15,50,104.043,0
15,58,106.17,0
15,59,104.126,7.28599
15,61,43.0116,0
15,62,46.0109,0
15,64,57.0517,4.08198
15,66,94.0213,0
15,71,81.0247,0
15,73,230.304,14.1039
15,74,122.376,0.672229
15,81,132.981,0
15,84,116.078,0
15,86,111.913,9.32606
15,88,10.9432,0.486363
15,91,163.191,13.4628
15,92,91.0879,0
15,93,251.836,3.92648
15,96,124.145,0
15,98,137.915,8.16212
16,4,7.2111,0
16,7,66.2118,0
16,10,62.3618,0
16,13,89.4707,0
16,15,78.2304,0
16,19,62.6099,0
16,21,100.486,5.61907
16,25,104.101,0
16,26,106.367,0
16,32,175.7,14.8289
16,33,33.541,0
16,34,121.852,0
16,35,118.207,0
16,36,103.966,0
16,39,99.1564,0
16,43,117.277,0
16,48,43.0465,0
16,50,123.406,0
16,53,92.0217,0
16,58,130.599,0
16,59,102.23,3.60427
16,61,47.0106,0
16,62,61.7171,0
16,64,122.332,0
16,74,88.6848,0
16,78,104.101,0
16,79,133.54,0
16,81,133.701,0
16,86,106.568,4.60403
16,88,84.3773,0.502098
16,91,156.895,10.5665
16,92,112.699,0
17,6,184.054,0
17,11,267.507,0
17,22,174.413,0
17,31,137.768,0
17,37,169.163,0
17,46,172.939,0
17,47,252.389,0
17,55,267.088,0
17,65,154.311,0
17,72,166.589,0
17,73,134.239,0
17,77,73.7564,0
17,80,243.286,0
17,82,82.4621,0
17,83,228.98,0
17,87,41.2311,0
17,91,202.543,6.04713
17,93,192.925,0
18,0,61.2944,0
18,12,52,0
18,23,5,0
18,30,44.5982,0
18,40,81.9113,2.85489
18,63,56.8595,0
18,69,55.3173,0
18,85,138.306,7.66698
19,4,62.1289,0
19,7,89.8888,0
19,10,96.2549,0
19,13,135.724,0
19,15,40.4969,0
19,16,62.6099,0
19,21,81.6784,5.18955
19,25,42.0119,0
19,26,50.2195,0
19,29,112.894,0
19,32,155.288,12.6967
19,33,29.0689,0
19,35,55.7584,0
19,38,121.103,0
19,39,47.0744,0
19,43,93.0484,0
19,47,193.443,14.4625
19,48,91.6788,0
19,50,72.5328,0
19,57,135.207,0
19,58,77.2528,0
19,59,123.826,4.99312
19,61,15.8114,0
19,62,68.593,0
19,64,68.6804,0
19,66,89.4427,0
19,71,96.0052,0
19,74,135.114,0.572432
19,76,117.388,0
19,81,96.1873,0
19,84,129.468,0
19,86,126.406,6.14474
19,88,50.2494,0
19,92,59.7746,0
19,96,94.255,0
19,98,137.131,0
20,29,124.342,0
20,49,132.944,0
20,54,8.06226,0
20,57,135.148,0
20,60,63.8122,0
20,64,134.213,0
20,66,125.865,0
20,71,103,0
20,80,183.351,15.5491
20,84,71.0211,0
20,90,121.176,2.86996
20,95,29.8329,0
20,98,62.2013,0
21,4,95.2209,5.81425
21,10,82.1275,6.06409
21,15,47.0244,3.87298
21,16,100.486,5.61907
21,19,81.6784,5.18955
21,22,238.645,5.65211
21,25,113.68,8.39087
21,26,102.109,6.24819
21,32,72.624,4.4856
21,33,83.8155,5.11296
21,35,125.833,9.96675
21,37,162.542,0
21,39,126.861,6.53082
21,47,108.138,5.25671
21,48,96.263,6.12785
21,50,151.066,7.05495
21,58,157.105,8.54583
21,59,95.7326,6.99502
21,61,78.4614,4.88261
21,62,47.2061,4.00185
21,64,110.879,5.72844
21,66,163.85,13.9467
21,71,146.289,12.133
21,73,197.228,8.14968
21,74,121.836,7.56047
21,80,234.096,5.77069
21,84,190.723,16.2109
21,86,93.1528,6.56368
21,88,44.4072,0
21,91,128.12,8.69653
21,92,138.116,6.95665
21,93,205.22,5.86246
21,98,197.048,15.9663
22,6,135.765,0
22,11,169.293,0
22,17,174.413,0
22,21,238.645,5.65211
22,31,73.5391,0
22,32,171.126,0
22,37,148.014,0
22,46,166.973,0
22,47,132.966,0
22,55,182.833,0
22,60,188.077,1.61109
22,64,203.092,16.8278
22,65,49.3964,0
22,72,191.426,0
22,73,73.3757,0
22,77,246.617,0
22,80,68.8767,0
22,82,197.717,0
22,83,136.308,0
22,86,237.533,12.4103
22,87,212.659,0
22,91,228,0
22,93,34.4093,0
22,98,212.132,16.6965
23,0,64.7765,0
23,12,48.0937,0
23,18,5,0
23,30,46.3249,0
23,40,77.2428,2.82104
23,63,52.1536,0
23,69,55.2178,0
23,85,134.124,7.61051
24,1,83.0904,5.59854
24,3,71.078,3.12061
24,5,87.3613,0
24,8,58.6941,0
24,9,55.5698,0
24,27,50.6063,0
24,41,95.9635,0
24,44,98.0051,0
24,45,41.0366,0
24,52,127.748,10.9063
24,56,117.239,0
24,67,79.6241,0
24,70,33.2415,0
24,85,123.628,0
24,89,50.448,0
25,4,104.043,0
25,7,117.154,0
25,10,134.833,0
25,15,61,0
25,16,104.101,0
25,19,42.0119,0
25,21,113.68,8.39087
25,26,40.3113,0
25,29,71.0211,0
25,32,166.285,13.7655
25,33,70.7248,0
25,35,14.5602,0
25,38,99.0404,0
25,39,30.4795,0
25,43,89.8721,0
25,47,196.175,15.7237
25,48,133.004,0
25,49,99.7647,0
25,50,46.1736,0
25,57,93.3488,0
25,58,46.2709,0
25,61,57.8014,0
25,62,102.956,0
25,64,55.8032,0
25,66,49.0408,0
25,71,68.542,0
25,76,107.075,0
25,81,80.1311,0
25,84,97.1648,0
25,88,70.3593,0.495283
25,92,34.4384,0
25,96,64.195,0
25,98,108.812,0
26,4,103.586,0
26,10,116.932,0
26,15,35.4683,0
26,16,106.367,0
26,19,50.2195,0
26,21,102.109,6.24819
26,25,40.3113,0
26,29,86.954,0
26,32,124.486,6.27014
26,33,75.0267,0
26,35,41.0488,0
26,37,232,11.5649
26,39,69.0652,0
26,43,127.781,0
26,47,154.277,7.42261
26,48,122.674,0
26,49,119.474,0
26,50,86.3771,0
26,57,114.039,0
26,58,85.6154,0
26,59,190.088,14.1735
26,60,160.428,12.8527
26,61,62.0322,0
26,62,81.3204,0
26,64,18.7883,0
26,66,59.6825,0
26,71,48.0521,0
26,80,182.877,15.5794
26,81,120.308,0
26,84,82.9699,0
26,86,193.73,13.0044
26,88,52.9547,4.44496
26,91,238.549,12.6196
26,92,74.7329,0
26,93,211.289,15.9648
26,96,103.16,0
26,98,88.1419,0
27,1,112.788,8.11772
27,2,118.596,0
27,3,64.8671,3.53453
27,5,112.535,8.4401
27,8,17.2627,0
27,9,74.7329,0
27,24,50.6063,0
27,38,123.491,0
27,41,45.607,0
27,42,123.483,0
27,44,135.085,0
27,45,74.0608,0
27,52,84.1043,3.94998
27,56,78.9177,0
27,67,35.171,0
27,68,98.2497,0
27,70,53.3104,0
27,76,122.589,0
27,89,40,0
28,10,208.75,15.5228
28,14,9.21954,0
28,34,53.6004,0
28,36,93.0591,0
28,48,145.743,5.103
28,51,29.1548,0
28,53,102.24,0
28,59,217.001,14.8484
28,74,153.217,9.82806
28,75,6.40312,0
28,78,75.326,0
28,86,222.76,15.1352
28,91,169.373,12.6075
28,94,55.4617,0
28,97,50.3587,0
28,99,61.9839,0
29,15,121.017,0
29,19,112.894,0
29,20,124.342,0
29,25,71.0211,0
29,26,86.954,0
29,35,57.2014,0
29,38,104.848,0
29,39,84.9294,0
29,43,128.082,0
29,49,32.6956,0
29,50,74.2428,0
29,54,124.354,0
29,57,27.8927,0
29,58,65.4905,0
29,61,128.705,0
29,64,87.2812,0
29,66,27.2947,0
29,71,65.0692,0
29,76,130.924,0
29,81,104.043,0
29,84,64.0703,0
29,88,134.505,3.85938
29,90,127.524,9.46307
29,92,75.326,0
29,96,70.0071,0
29,98,82.6801,0
30,0,28.3196,0
30,12,69.3002,5.07693
30,18,44.5982,0
30,23,46.3249,0
30,40,106.81,8.12778
30,44,130.981,0
30,63,90.6091,0
30,69,21,0
30,85,119.62,1.61392
31,6,73.5391,0
31,11,138.463,0
31,17,137.768,0
31,22,73.5391,0
31,32,240.84,0
31,37,187.968,0
31,46,96.2081,0
31,47,203.214,0
31,55,144.125,0
31,60,243.366,1.50178
31,65,26.0768,0
31,72,118.338,0
31,73,108.259,0
31,77,210.836,0
31,80,130.015,0
31,82,190.421,0
31,83,99.2975,0
31,87,178.997,0
31,91,264.877,0
31,93,107.331,0
32,4,168.017,14.2075
32,10,131.402,10.4093
32,15,113.863,3.975
32,16,175.7,14.8289
32,19,155.288,12.6967
32,21,72.624,4.4856
32,22,171.126,0
32,25,166.285,13.7655
32,26,124.486,6.27014
32,31,240.84,0
32,33,158.964,13.6279
32,35,162.694,13.8212
32,37,127.122,0
32,39,194.191,16.6561
32,47,38.2099,0
32,48,159.439,13.0691
32,59,160.584,2.05584
32,60,161.647,13.0466
32,61,157.376,12.9916
32,62,113.545,9.0115
32,64,90.1088,7.61575
32,65,219.572,0
32,66,151.498,11.3623
32,71,111.625,9.05403
32,73,152.434,0
32,74,196.113,16.7179
32,80,161.555,0
32,82,248.338,0
32,84,156.886,13.4392
32,86,154.299,1.57308
32,88,104.652,0
32,91,162.936,0
32,93,137.244,0
32,98,152.735,12.9955
33,4,33.4215,0
33,7,73.4098,0
33,10,76.1183,0
33,13,112.294,0
33,15,52.3927,0
33,16,33.541,0
33,19,29.0689,0
33,21,83.8155,5.11296
33,25,70.7248,0
33,26,75.0267,0
33,32,158.964,13.6279
33,35,84.7231,0
33,36,136.36,0
33,39,69.1158,0
33,43,100.245,0
33,47,196.261,16.3008
33,48,66.242,0
33,50,94.414,0
33,53,124.631,0
33,58,100.703,0
33,59,108.927,4.12603
33,61,13.6015,0
33,62,57.5674,0
33,64,92.1954,0
33,66,118.512,0
33,71,122.589,0
33,74,110.86,0
33,76,127.016,0
33,78,133.686,0
33,79,135.602,0
33,81,110.82,0
33,86,112.625,5.3499
33,88,61.1878,0.566143
33,91,159.653,10.7397
33,92,82.6801,0
33,96,116.297,0
34,4,118.068,0
34,10,83.2406,0
34,14,61.9839,0
34,16,121.852,0
34,28,53.6004,0
34,36,48.2597,0
34,48,82.9277,0
34,51,25.0799,0
34,53,53.8516,0
34,59,163.218,9.71534
34,62,119.202,0
34,74,53.6378,3.73692
34,75,47.8539,0
34,78,23.7697,0
34,86,170.975,9.84368
34,91,173.007,14.0713
34,94,125.725,8.95851
34,97,115.27,5.68491
34,99,115.521,0
35,4,117.886,0
35,7,131.015,0
35,15,68.7095,0
35,16,118.207,0
35,19,55.7584,0
35,21,125.833,9.96675
35,25,14.5602,0
35,26,41.0488,0
35,29,57.2014,0
35,32,162.694,13.8212
35,33,84.7231,0
35,38,100.225,0
35,39,40.3113,0
35,43,98.2293,0
35,47,167.778,13.8916
35,49,87.046,0
35,50,48.8262,0
35,57,80.8084,0
35,58,46.0977,0
35,61,71.5612,0
35,62,112.872,0
35,64,52.5547,0
35,66,34.4819,0
35,71,57.9828,0
35,76,112.61,0
35,81,84.6463,0
35,84,84.1724,0
35,88,78.0416,1.01205
35,92,39.6232,0
35,96,62.9365,0
35,98,96.933,0
36,4,102.942,0
36,10,92.7793,0
36,13,114.07,0
36,14,99.3227,0
36,16,103.966,0
36,28,93.0591,0
36,33,136.36,0
36,34,48.2597,0
36,48,78.5493,0
36,51,65.2534,0
36,53,12.2066,0
36,59,140.722,8.99531
36,62,126.127,0
36,74,68.0312,0.998565
36,75,88.8426,0
36,78,27.0185,0
36,86,148.714,10.2789
37,6,261.48,0
37,10,161.911,12.6659
37,15,211.309,5.09184
37,17,169.163,0
37,21,162.542,0
37,22,148.014,0
37,26,232,11.5649
37,31,187.968,0
37,32,127.122,0
37,47,110.568,1.10474
37,48,186.019,15.882
37,59,122.201,6.02044
37,62,147.385,11.538
37,64,224.11,9.75035
37,65,178.539,0
37,73,80.5233,0
37,74,197.789,13.2651
37,77,211.149,0
37,80,185.968,1.54028
37,82,122.147,0
37,86,114.837,5.97865
37,87,183.967,0
37,88,202.247,0.508131
37,91,80.025,0
37,93,131.469,0
38,2,84.0536,0
38,7,125.865,0
38,8,133.297,0
38,9,158.501,10.0229
38,19,121.103,0
38,25,99.0404,0
38,27,123.491,0
38,29,104.848,0
38,35,100.225,0
38,39,75.1665,0
38,41,107.564,0
38,42,97.0464,0
38,43,50.9902,0
38,49,104.547,0
38,50,52.8867,0
38,57,99.6243,0
38,58,54.1295,0
38,61,131.24,0
38,66,110.39,0
38,67,88.6397,0
38,68,54.7083,0
38,70,136.059,0
38,76,33.7343,0
38,79,115.953,0
38,81,27.313,0
38,92,65.307,0
38,96,38.6005,0
39,2,118.343,0
39,4,101.213,0
39,7,95.0368,0
39,15,80.895,0
39,16,99.1564,0
39,19,47.0744,0
39,21,126.861,6.53082
39,25,30.4795,0
39,26,69.0652,0
39,29,84.9294,0
39,32,194.191,16.6561
39,33,69.1158,0
39,35,40.3113,0
39,38,75.1665,0
39,42,128.406,0
39,43,59.4138,0
39,48,135.326,0
39,49,107.331,0
39,50,25.632,0
39,57,100.623,0
39,58,31.6228,0
39,61,59.6154,0
39,62,115.572,0
39,64,85.7963,0
39,66,70.2567,0
39,68,108.227,0
39,71,98.0051,0
39,76,77.8974,0
39,79,127.769,0
39,81,52.4976,0
39,84,124.04,0
39,88,91.4428,0.502307
39,92,13.6015,0
39,96,47.5395,0
40,0,134.099,8.53639
40,9,133.073,5.40791
40,12,37.2857,2.95918
40,18,81.9113,2.85489
40,23,77.2428,2.82104
40,30,106.81,8.12778
40,44,98.4934,5.52954
40,63,56.2759,3.06641
40,69,94.3273,7.67278
40,85,59.8606,4.34791
41,1,147.005,9.65886
41,2,76.7919,0
41,3,88.8934,4.76215
41,5,128.348,8.10202
41,8,40.5216,0
41,9,113.6,0
41,24,95.9635,0
41,27,45.607,0
41,38,107.564,0
41,42,79.6994,0
41,43,118.296,0
41,45,112.805,0
41,52,85.8548,2.65741
41,56,55.4617,0
41,67,37.054,0
41,68,65.4599,0
41,70,95.8019,0
41,76,94.8472,0
41,79,112.361,0
41,81,121.078,0
41,89,68.1175,0
42,2,13,0
42,7,92.3472,0
42,8,120.208,0
42,13,118.106,0
42,27,123.483,0
42,38,97.0464,0
42,39,128.406,0
42,41,79.6994,0
42,43,69.6419,0
42,50,123.438,0
42,56,103.325,0
42,58,130.782,0
42,67,99.0202,0
42,68,47.1275,0
42,76,64.7765,0
42,79,33.121,0
42,81,90.4434,0
42,92,128.798,0
42,96,124.724,0
43,2,59.0339,0
43,4,122.483,0
43,7,75.0067,0
43,13,125.431,0
43,15,132.914,0
43,16,117.277,0
43,19,93.0484,0
43,25,89.8721,0
43,26,127.781,0
43,29,128.082,0
43,33,100.245,0
43,35,98.2293,0
43,38,50.9902,0
43,39,59.4138,0
43,41,118.296,0
43,42,69.6419,0
43,50,54.7083,0
43,57,133.06,0
43,58,62.8172,0
43,61,98.0612,0
43,66,122.385,0
43,67,115.017,0
43,68,52.8867,0
43,76,27.4591,0
43,79,75.4255,0
43,81,28.4605,0
43,92,59.1692,0
43,96,61.0737,0
44,9,64.5368,0
44,12,111.103,6.17424
44,24,98.0051,0
44,27,135.085,0
44,30,130.981,0
44,40,98.4934,5.52954
44,45,126.02,0
44,63,154.768,8.59703
44,69,110.168,0
44,70,81.8413,0
44,85,42.2019,0
45,1,44.7214,3.61211
45,3,56.9759,3.39142
45,5,77.4407,6.60006
45,8,72.3671,0
45,9,95.6033,0
45,24,41.0366,0
45,27,74.0608,0
45,41,112.805,0
45,44,126.02,0
45,52,112.029,9.42477
45,56,130.032,6.85028
45,67,108.665,0
45,70,74.2496,0
45,89,46.9574,0
46,6,42.0476,0
46,11,118.811,0
46,17,172.939,0
46,22,166.973,0
46,31,96.2081,0
46,55,108.904,0
46,65,117.644,0
46,72,32.5576,0
46,73,200.878,0
46,77,232.112,0
46,80,209.99,0
46,82,248.395,0
46,83,91.7606,0
46,87,208.691,0
46,93,201.375,0
47,6,268.715,0
47,10,176.163,14.4962
47,15,153.117,3.68426
47,17,252.389,0
47,19,193.443,14.4625
47,21,108.138,5.25671
47,22,132.966,0
47,25,196.175,15.7237
47,26,154.277,7.42261
47,31,203.214,0
47,32,38.2099,0
47,33,196.261,16.3008
47,35,167.778,13.8916
47,37,110.568,1.10474
47,48,193.52,16.6013
47,59,179.879,1.95323
47,60,186.262,2.5684
47,61,195.608,14.9024
47,62,147.878,10.1718
47,64,112.22,9.35164
47,65,181.571,0
47,66,174.044,14.1841
47,71,120.49,9.52289
47,73,120.033,0
47,80,126.649,0
47,82,208.829,8.16522
47,83,259.866,1.76312
47,84,159.879,13.626
47,86,170.003,2.85799
47,88,142.843,0
47,91,166.469,0
47,93,99.0353,0
47,98,144.556,12.2872
48,4,37.4833,0
48,7,106.231,0
48,10,25.4951,0
48,13,114.691,0
48,15,88.1419,0
48,16,43.0465,0
48,19,91.6788,0
48,21,96.263,6.12785
48,25,133.004,0
48,26,122.674,0
48,28,145.743,5.103
48,32,159.439,13.0691
48,33,66.242,0
48,34,82.9277,0
48,36,78.5493,0
48,37,186.019,15.882
48,39,135.326,0
48,47,193.52,16.6013
48,51,107.703,0
48,53,68.6804,0
48,59,70.3467,3.99834
48,61,76.6094,0
48,62,49.0918,0
48,64,152.896,7.9535
48,74,45.8912,0
48,75,142.766,6.38743
48,78,69.4262,0
48,86,75.6255,4.78979
48,88,89.5979,0.520772
48,91,120.429,8.90858
49,20,132.944,0
49,25,99.7647,0
49,26,119.474,0
49,29,32.6956,0
49,35,87.046,0
49,38,104.547,0
49,39,107.331,0
49,50,90.2497,0
49,54,137.72,3.20151
49,57,6.7082,0
49,58,81.0432,0
49,64,119.871,0
49,66,59.9333,0
49,71,95.5249,0
49,76,135.484,0
49,81,112.018,0
49,84,86.1278,0
49,90,107.119,9.02917
49,92,95.462,0
49,96,78.1025,0
49,98,104.695,0
50,2,111.893,0
50,4,125.925,0
50,7,109.786,0
50,15,104.043,0
50,16,123.406,0
50,19,72.5328,0
50,21,151.066,7.05495
50,25,46.1736,0
50,26,86.3771,0
50,29,74.2428,0
50,33,94.414,0
50,35,48.8262,0
50,38,52.8867,0
50,39,25.632,0
50,42,123.438,0
50,43,54.7083,0
50,49,90.2497,0
50,57,83.678,0
50,58,9.21954,0
50,61,85.235,0
50,64,100.648,0
50,66,67.9779,0
50,68,94.7629,0
50,71,104.738,0
50,76,64.3817,0
50,79,129.437,0
50,81,36.0694,0
50,84,124.824,0
50,88,114.219,0.496525
50,92,13.0384,0
50,96,21.9317,0
51,10,118.794,5.60029
51,14,37.108,0
51,28,29.1548,0
51,34,25.0799,0
51,36,65.2534,0
51,48,107.703,0
51,53,73.6817,0
51,59,205.007,8.6404
51,74,77.7817,4.69399
51,75,24.0208,0
51,78,46.1736,0
51,86,212.338,8.65023
51,91,162.539,13.1402
51,94,81.7435,0
51,97,79.0569,0
51,99,90.7083,0
52,1,95.9768,8.12576
52,3,57.7235,0
52,5,41.0924,2.53806
52,8,67.0665,3.54158
52,24,127.748,10.9063
52,27,84.1043,3.94998
52,41,85.8548,2.65741
52,45,112.029,9.42477
52,56,50.3815,1.44171
52,67,108.69,3.13392
52,70,146.914,11.1903
52,89,75.0811,4.09745
53,4,91.214,0
53,7,128.39,0
53,10,85.0235,0
53,13,104.58,0
53,14,109.005,0
53,16,92.0217,0
53,28,102.24,0
53,33,124.631,0
53,34,53.8516,0
53,36,12.2066,0
53,48,68.6804,0
53,51,73.6817,0
53,59,131.509,7.68722
53,62,117.085,0
53,74,64.8481,1.06055
53,75,97.6217,0
53,78,30.4138,0
53,86,136.43,8.07425
54,20,8.06226,0
54,29,124.354,0
54,49,137.72,3.20151
54,57,133.544,0
54,60,71.8679,0
54,66,127.613,0
54,71,107.229,0
54,80,191.431,16.3791
54,84,74.1687,0
54,90,115.974,3.32768
54,95,28.6531,0
54,98,67.082,0
55,6,83.2586,0
55,11,21.5407,0
55,17,267.088,0
55,22,182.833,0
55,31,144.125,0
55,46,108.904,0
55,60,245.726,2.0637
55,65,147.363,0
55,72,136.821,0
55,73,245.284,0
55,80,188.521,0
55,83,47.0744,0
55,93,212.047,0
56,1,162.905,13.7726
56,2,107.336,0
56,3,80.7015,5.76272
56,5,91.4756,4.10484
56,8,62.8172,0
56,24,117.239,0
56,27,78.9177,0
56,41,55.4617,0
56,42,103.325,0
56,45,130.032,6.85028
56,52,50.3815,1.44171
56,67,89.7385,0
56,68,111.521,0
56,70,131.217,0
56,79,129.387,0
56,89,69.6563,0
57,19,135.207,0
57,20,135.148,0
57,25,93.3488,0
57,26,114.039,0
57,29,27.8927,0
57,35,80.8084,0
57,38,99.6243,0
57,39,100.623,0
57,43,133.06,0
57,49,6.7082,0
57,50,83.678,0
57,54,133.544,0
57,58,74.4648,0
57,64,115.135,0
57,66,54.7814,0
57,71,92.0869,0
57,76,130.05,0
57,81,106.118,0
57,84,85.0941,0
57,90,113.799,9.42297
57,92,88.7694,0
57,96,72.0069,0
57,98,103.817,0
58,2,118.966,0
58,4,132.801,0
58,7,118.929,0
58,15,106.17,0
58,16,130.599,0
58,19,77.2528,0
58,21,157.105,8.54583
58,25,46.2709,0
58,26,85.6154,0
58,29,65.4905,0
58,33,100.703,0
58,35,46.0977,0
58,38,54.1295,0
58,39,31.6228,0
58,42,130.782,0
58,43,62.8172,0
58,49,81.0432,0
58,50,9.21954,0
58,57,74.4648,0
58,61,90.7855,0
58,64,98.6154,0
58,66,61.0574,0
58,68,99.905,0
58,71,99.7647,0
58,76,70,0
58,81,41.6173,0
58,84,117.992,0
58,88,116.018,0.495727
58,92,18.0278,0
58,96,18,0
58,98,134.034,0
59,4,95.0329,3.56194
59,10,44.91,3.48078
59,15,104.126,7.28599
59,16,102.23,3.60427
59,19,123.826,4.99312
59,21,95.7326,6.99502
59,26,190.088,14.1735
59,28,217.001,14.8484
59,32,160.584,2.05584
59,33,108.927,4.12603
59,34,163.218,9.71534
59,36,140.722,8.99531
59,37,122.201,6.02044
59,47,179.879,1.95323
59,48,70.3467,3.99834
59,51,205.007,8.6404
59,53,131.509,7.68722
59,61,113,4.51456
59,62,55.2268,4.14201
59,64,208.623,12.5707
59,73,200.056,7.24145
59,74,87.2384,6.43425
59,75,211.25,13.3688
59,78,125.166,9.97198
59,82,181.152,11.9834
59,86,8,0
59,88,130.95,8.98969
59,91,51.4628,4.41481
59,93,220.546,12.2646
60,6,265.266,1.46789
60,11,224.194,2.05536
60,20,63.8122,0
60,22,188.077,1.61109
60,26,160.428,12.8527
60,31,243.366,1.50178
60,32,161.647,13.0466
60,47,186.262,2.5684
60,54,71.8679,0
60,55,245.726,2.0637
60,64,142.585,12.0379
60,65,218.612,1.51054
60,66,127.475,0
60,71,95.2375,3.47824
60,73,243.863,1.85592
60,80,119.198,1.57985
60,83,223.834,1.96218
60,84,75.1798,0
60,93,173.928,1.7732
60,95,78.6003,0
60,98,56.4358,0
61,4,46.3249,0
61,7,81.9878,0
61,10,83.1685,0
61,13,124.149,0
61,15,43.0116,0
61,16,47.0106,0
61,19,15.8114,0
61,21,78.4614,4.88261
61,25,57.8014,0
61,26,62.0322,0
61,29,128.705,0
61,32,157.376,12.9916
61,33,13.6015,0
61,35,71.5612,0
61,38,131.24,0
61,39,59.6154,0
61,43,98.0612,0
61,47,195.608,14.9024
61,48,76.6094,0
61,50,85.235,0
61,58,90.7855,0
61,59,113,4.51456
61,62,59.1354,0
61,64,79.6304,0
61,66,105.119,0
61,71,109.293,0
61,74,120.974,0.554832
61,76,123.911,0
61,81,105.233,0
61,86,115.087,5.30497
61,88,53.0664,0.646321
61,91,162.207,11.1825
61,92,72.9178,0
61,96,107.154,0
62,4,54.8179,0
62,7,125,0
62,10,36.0555,0
62,15,46.0109,0
62,16,61.7171,0
62,19,68.593,0
62,21,47.2061,4.00185
62,25,102.956,0
62,26,81.3204,0
62,32,113.545,9.0115
62,33,57.5674,0
62,34,119.202,0
62,35,112.872,0
62,36,126.127,0
62,37,147.385,11.538
62,39,115.572,0
62,47,147.878,10.1718
62,48,49.0918,0
62,53,117.085,0
62,59,55.2268,4.14201
62,61,59.1354,0
62,64,125.423,10.7506
62,71,162.515,13.1955
62,73,211.655,14.6059
62,74,76.5842,0.637828
62,78,112.259,0
62,86,57,4.57955
62,88,45.4694,1.15868
62,91,104.025,8.88862
62,92,127.883,0
62,93,242.154,11.3629
63,0,114.49,0
63,12,51.0784,0
63,18,56.8595,0
63,23,52.1536,0
63,30,90.6091,0
63,40,56.2759,3.06641
63,44,154.768,8.59703
63,69,100.101,4.82509
63,85,113.756,7.15945
63,90,119.732,4.97021
64,4,118.95,0
64,10,162.737,13.0714
64,15,57.0517,4.08198
64,16,122.332,0
64,19,68.6804,0
64,20,134.213,0
64,21,110.879,5.72844
64,22,203.092,16.8278
64,25,55.8032,0
64,26,18.7883,0
64,29,87.2812,0
64,32,90.1088,7.61575
64,33,92.1954,0
64,35,52.5547,0
64,37,224.11,9.75035
64,39,85.7963,0
64,47,112.22,9.35164
64,48,152.896,7.9535
64,49,119.871,0
64,50,100.648,0
64,57,115.135,0
64,58,98.6154,0
64,59,208.623,12.5707
64,60,142.585,12.0379
64,61,79.6304,0
64,62,125.423,10.7506
64,66,60.6383,0
64,71,34.9857,0
64,73,232.112,13.5348
64,80,173.421,14.5031
64,81,135.68,0
64,84,69.7782,0
64,86,205.546,12.0316
64,88,76.9686,5.30617
64,91,225.167,14.8374
64,92,89.8888,0
64,93,166.86,14.314
64,96,115.434,0
64,98,72.1803,0
65,6,88.4081,0
65,11,138,0
65,17,154.311,0
65,22,49.3964,0
65,31,26.0768,0
65,32,219.572,0
65,37,178.539,0
65,46,117.644,0
65,47,181.571,0
65,55,147.363,0
65,60,218.612,1.51054
65,72,142.225,0
65,73,98.0612,0
65,77,228.044,0
65,80,104.077,0
65,82,197.798,0
65,83,100.499,0
65,87,195.182,0
65,91,257.449,0
65,93,83.7616,0
66,15,94.0213,0
66,19,89.4427,0
66,20,125.865,0
66,21,163.85,13.9467
66,25,49.0408,0
66,26,59.6825,0
66,29,27.2947,0
66,32,151.498,11.3623
66,33,118.512,0
66,35,34.4819,0
66,38,110.39,0
66,39,70.2567,0
66,43,122.385,0
66,47,174.044,14.1841
66,49,59.9333,0
66,50,67.9779,0
66,54,127.613,0
66,57,54.7814,0
66,58,61.0574,0
66,60,127.475,0
66,61,105.119,0
66,64,60.6383,0
66,71,44.0114,0
66,76,130.92,0
66,81,102.626,0
66,84,56.9386,0
66,88,109.757,4.78643
66,90,148.308,9.10341
66,92,64.2884,0
66,96,72.1388,0
66,98,73.2462,0
67,1,147.79,8.74906
67,2,91.586,0
67,3,98.5431,4.2425
67,5,146.626,9.66193
67,8,45.2217,0
67,9,81.2158,0
67,24,79.6241,0
67,27,35.171,0
67,38,88.6397,0
67,41,37.054,0
67,42,99.0202,0
67,43,115.017,0
67,45,108.665,0
67,52,108.69,3.13392
67,56,89.7385,0
67,68,65.9697,0
67,70,68.0074,0
67,76,88.0511,0
67,79,131.826,0
67,81,108.908,0
67,89,73.7902,0
67,96,126.59,0
68,2,34.9285,0
68,7,112.272,0
68,8,101.494,0
68,27,98.2497,0
68,38,54.7083,0
68,39,108.227,0
68,41,65.4599,0
68,42,47.1275,0
68,43,52.8867,0
68,50,94.7629,0
68,56,111.521,0
68,58,99.905,0
68,67,65.9697,0
68,70,131.518,0
68,76,30.6105,0
68,79,74.6324,0
68,81,58.6941,0
68,89,131.107,0
68,92,103.856,0
68,96,89.0449,0
69,0,46.0977,0
69,12,56.7156,4.34412
69,18,55.3173,0
69,23,55.2178,0
69,30,21,0
69,40,94.3273,7.67278
69,44,110.168,0
69,63,100.101,4.82509
69,85,97.7548,0
70,1,116.586,6.18869
70,3,97.4226,3.30375
70,5,117.784,0
70,8,68.4105,0
70,9,24.5153,0
70,24,33.2415,0
70,27,53.3104,0
70,38,136.059,0
70,41,95.8019,0
70,44,81.8413,0
70,45,74.2496,0
70,52,146.914,11.1903
70,56,131.217,0
70,67,68.0074,0
70,68,131.518,0
70,85,98.0459,0
70,89,73.8241,0
71,15,81.0247,0
71,19,96.0052,0
71,20,103,0
71,21,146.289,12.133
71,25,68.542,0
71,26,48.0521,0
71,29,65.0692,0
71,32,111.625,9.05403
71,33,122.589,0
71,35,57.9828,0
71,39,98.0051,0
71,47,120.49,9.52289
71,49,95.5249,0
71,50,104.738,0
71,54,107.229,0
71,57,92.0869,0
71,58,99.7647,0
71,60,95.2375,3.47824
71,61,109.293,0
71,62,162.515,13.1955
71,64,34.9857,0
71,66,44.0114,0
71,80,180.04,14.5019
71,84,35.1141,0
71,88,111.954,9.52944
71,92,97.2008,0
71,93,195.758,15.7926
71,95,132.185,0
71,96,113.6,0
71,98,41.3038,0
72,6,74.4312,0
72,11,148.862,0
72,17,166.589,0
72,22,191.426,0
72,31,118.338,0
72,46,32.5576,0
72,55,136.821,0
72,65,142.225,0
72,73,216.49,0
72,77,218.083,0
72,80,239.14,0
72,82,246.333,0
72,83,123.968,0
72,87,198.363,0
72,93,225.539,0
73,6,181.747,0
73,11,234.853,0
73,15,230.304,14.1039
73,17,134.239,0
73,21,197.228,8.14968
73,22,73.3757,0
73,31,108.259,0
73,32,152.434,0
73,37,80.5233,0
73,46,200.878,0
73,47,120.033,0
73,55,245.284,0
73,59,200.056,7.24145
73,60,243.863,1.85592
73,62,211.655,14.6059
73,64,232.112,13.5348
73,65,98.0612,0
73,72,216.49,0
73,77,198.081,0
73,80,127.987,1.25375
73,82,132.136,0
73,83,198.283,0
73,86,191.459,7.58297
73,87,164.924,0
73,88,219.736,11.684
73,91,159.524,0
73,93,70.7107,0
74,4,83.3607,0
74,10,41.0122,0.681853
74,14,161.647,11.8598
74,15,122.376,0.672229
74,16,88.6848,0
74,19,135.114,0.572432
74,21,121.836,7.56047
74,28,153.217,9.82806
74,32,196.113,16.7179
74,33,110.86,0
74,34,53.6378,3.73692
74,36,68.0312,0.998565
74,37,197.789,13.2651
74,48,45.8912,0
74,51,77.7817,4.69399
74,53,64.8481,1.06055
74,59,87.2384,6.43425
74,61,120.974,0.554832
74,62,76.5842,0.637828
74,75,148.942,7.70303
74,78,45.0122,0.953746
74,86,95.2257,6.71419
74,88,123.314,2.43319
74,91,131.589,9.16277
74,94,185.834,15.8833
74,97,209.725,16.3422
75,10,202.255,14.3008
75,14,15.6205,0
75,28,6.40312,0
75,34,47.8539,0
75,36,88.8426,0
75,48,142.766,6.38743
75,51,24.0208,0
75,53,97.6217,0
75,59,211.25,13.3688
75,74,148.942,7.70303
75,78,70.0643,0
75,86,215.759,13.888
75,91,172.064,14.1781
75,94,58.5235,0
75,97,55.0364,0
75,99,68.0074,0
76,2,51.9711,0
76,7,99.2975,0
76,8,128.32,0
76,19,117.388,0
76,25,107.075,0
76,27,122.589,0
76,29,130.924,0
76,33,127.016,0
76,35,112.61,0
76,38,33.7343,0
76,39,77.8974,0
76,41,94.8472,0
76,42,64.7765,0
76,43,27.4591,0
76,49,135.484,0
76,50,64.3817,0
76,57,130.05,0
76,58,70,0
76,61,123.911,0
76,66,130.92,0
76,67,88.0511,0
76,68,30.6105,0
76,79,82.2253,0
76,81,28.4253,0
76,92,73.2462,0
76,96,60.9262,0
77,6,250.48,0
77,17,73.7564,0
77,22,246.617,0
77,31,210.836,0
77,37,211.149,0
77,46,232.112,0
77,65,228.044,0
77,72,218.083,0
77,73,198.081,0
77,82,92.3472,0
77,87,34,0
77,91,219.725,6.7421
77,93,262.366,0
78,4,101.257,0
78,10,76.6942,0
78,13,133.364,0
78,14,83.0241,0
78,16,104.101,0
78,28,75.326,0
78,33,133.686,0
78,34,23.7697,0
78,36,27.0185,0
78,48,69.4262,0
78,51,46.1736,0
78,53,30.4138,0
78,59,125.166,9.97198
78,62,112.259,0
78,74,45.0122,0.953746
78,75,70.0643,0
78,86,134.164,11.1225
78,91,181.584,15.1734
78,94,148.353,9.14744
78,97,125.004,0
78,99,136.499,0
79,2,41.0122,0
79,7,67.4166,0
79,13,85.3815,0
79,16,133.54,0
79,33,135.602,0
79,38,115.953,0
79,39,127.769,0
79,41,112.361,0
79,42,33.121,0
79,43,75.4255,0
79,50,129.437,0
79,56,129.387,0
79,67,131.826,0
79,68,74.6324,0
79,76,82.2253,0
79,81,102.005,0
79,92,131.605,0
79,96,136.092,0
80,6,171.231,0
80,11,169.623,0
80,17,243.286,0
80,20,183.351,15.5491
80,21,234.096,5.77069
80,22,68.8767,0
80,26,182.877,15.5794
80,31,130.015,0
80,32,161.555,0
80,37,185.968,1.54028
80,46,209.99,0
80,47,126.649,0
80,54,191.431,16.3791
80,55,188.521,0
80,60,119.198,1.57985
80,64,173.421,14.5031
80,65,104.077,0
80,71,180.04,14.5019
80,72,239.14,0
80,73,127.987,1.25375
80,82,257.413,2.04188
80,83,149.037,0
80,84,167.461,14.2956
80,88,256.36,2.24731
80,91,251.975,6.01136
80,93,60.4649,0
80,95,198.71,16.8991
80,98,162.007,12.8275
81,2,78.1857,0
81,7,100.896,0
81,15,132.981,0
81,16,133.701,0
81,19,96.1873,0
81,25,80.1311,0
81,26,120.308,0
81,29,104.043,0
81,33,110.82,0
81,35,84.6463,0
81,38,27.313,0
81,39,52.4976,0
81,41,121.078,0
81,42,90.4434,0
81,43,28.4605,0
81,49,112.018,0
81,50,36.0694,0
81,57,106.118,0
81,58,41.6173,0
81,61,105.233,0
81,64,135.68,0
81,66,102.626,0
81,67,108.908,0
81,68,58.6941,0
81,76,28.4253,0
81,79,102.005,0
81,92,45.793,0
81,96,34.5254,0
82,6,251.563,0
82,17,82.4621,0
82,22,197.717,0
82,31,190.421,0
82,32,248.338,0
82,37,122.147,0
82,46,248.395,0
82,47,208.829,8.16522
82,59,181.152,11.9834
82,65,197.798,0
82,72,246.333,0
82,73,132.136,0
82,77,92.3472,0
82,80,257.413,2.04188
82,86,176.437,11.9414
82,87,72.8011,0
82,91,128.099,6.31102
82,93,202.633,0
83,6,53.2541,0
83,11,39.2938,0
83,17,228.98,0
83,22,136.308,0
83,31,99.2975,0
83,46,91.7606,0
83,47,259.866,1.76312
83,55,47.0744,0
83,60,223.834,1.96218
83,65,100.499,0
83,72,123.968,0
83,73,198.283,0
83,80,149.037,0
83,87,269.436,0
83,93,166.481,0
84,15,116.078,0
84,19,129.468,0
84,20,71.0211,0
84,21,190.723,16.2109
84,25,97.1648,0
84,26,82.9699,0
84,29,64.0703,0
84,32,156.886,13.4392
84,35,84.1724,0
84,39,124.04,0
84,47,159.879,13.626
84,49,86.1278,0
84,50,124.824,0
84,54,74.1687,0
84,57,85.0941,0
84,58,117.992,0
84,60,75.1798,0
84,64,69.7782,0
84,66,56.9386,0
84,71,35.1141,0
84,80,167.461,14.2956
84,88,147.912,11.5102
84,90,143.7,10.6771
84,92,120.154,0
84,95,100.807,0
84,96,128.226,0
84,98,18.7883,0
85,9,74.4312,0
85,12,87.6,6.8928
85,18,138.306,7.66698
85,23,134.124,7.61051
85,24,123.628,0
85,30,119.62,1.61392
85,40,59.8606,4.34791
85,44,42.2019,0
85,63,113.756,7.15945
85,69,97.7548,0
85,70,98.0459,0
86,4,99.3444,4.5456
86,10,49.9444,4.03397
86,15,111.913,9.32606
86,16,106.568,4.60403
86,19,126.406,6.14474
86,21,93.1528,6.56368
86,22,237.533,12.4103
86,26,193.73,13.0044
86,28,222.76,15.1352
86,32,154.299,1.57308
86,33,112.625,5.3499
86,34,170.975,9.84368
86,36,148.714,10.2789
86,37,114.837,5.97865
86,47,170.003,2.85799
86,48,75.6255,4.78979
86,51,212.338,8.65023
86,53,136.43,8.07425
86,59,8,0
86,61,115.087,5.30497
86,62,57,4.57955
86,64,205.546,12.0316
86,73,191.459,7.58297
86,74,95.2257,6.71419
86,75,215.759,13.888
86,78,134.164,11.1225
86,82,176.437,11.9414
86,88,130.07,8.40158
86,91,47.0788,4.01793
86,93,214.604,11.6485
87,6,223.231,0
87,17,41.2311,0
87,22,212.659,0
87,31,178.997,0
87,37,183.967,0
87,46,208.691,0
87,65,195.182,0
87,72,198.363,0
87,73,164.924,0
87,77,34,0
87,82,72.8011,0
87,83,269.436,0
87,91,201.412,6.63996
87,93,228.473,0
88,4,79.5241,0.496865
88,7,134.346,0.599659
88,10,81.4895,1.17884
88,15,10.9432,0.486363
88,16,84.3773,0.502098
88,19,50.2494,0
88,21,44.4072,0
88,25,70.3593,0.495283
88,26,52.9547,4.44496
88,29,134.505,3.85938
88,32,104.652,0
88,33,61.1878,0.566143
88,35,78.0416,1.01205
88,37,202.247,0.508131
88,39,91.4428,0.502307
88,47,142.843,0
88,48,89.5979,0.520772
88,50,114.219,0.496525
88,58,116.018,0.495727
88,59,130.95,8.98969
88,61,53.0664,0.646321
88,62,45.4694,1.15868
88,64,76.9686,5.30617
88,66,109.757,4.78643
88,71,111.954,9.52944
88,73,219.736,11.684
88,74,123.314,2.43319
88,80,256.36,2.24731
88,84,147.912,11.5102
88,86,130.07,8.40158
88,91,167.464,10.7552
88,92,101.323,0.496581
88,93,241.868,0
88,96,134.015,0.496297
88,98,170.763,14.5294
89,1,79.3258,6.79153
89,3,25.6562,2.17689
89,5,71.1302,6.10186
89,8,29.8329,0
89,9,98.3107,0
89,24,50.448,0
89,27,40,0
89,41,68.1175,0
89,45,46.9574,0
89,52,75.0811,4.09745
89,56,69.6563,0
89,67,73.7902,0
89,68,131.107,0
89,70,73.8241,0
90,20,121.176,2.86996
90,29,127.524,9.46307
90,49,107.119,9.02917
90,54,115.974,3.32768
90,57,113.799,9.42297
90,63,119.732,4.97021
90,66,148.308,9.10341
90,84,143.7,10.6771
90,95,138.699,4.44401
90,98,159.745,12.0275
91,4,149.642,10.3921
91,10,94.4409,7.78946
91,15,163.191,13.4628
91,16,156.895,10.5665
91,17,202.543,6.04713
91,21,128.12,8.69653
91,22,228,0
91,26,238.549,12.6196
91,28,169.373,12.6075
91,31,264.877,0
91,32,162.936,0
91,33,159.653,10.7397
91,34,173.007,14.0713
91,37,80.025,0
91,47,166.469,0
91,48,120.429,8.90858
91,51,162.539,13.1402
91,59,51.4628,4.41481
91,61,162.207,11.1825
91,62,104.025,8.88862
91,64,225.167,14.8374
91,65,257.449,0
91,73,159.524,0
91,74,131.589,9.16277
91,75,172.064,14.1781
91,77,219.725,6.7421
91,78,181.584,15.1734
91,80,251.975,6.01136
91,82,128.099,6.31102
91,86,47.0788,4.01793
91,87,201.412,6.63996
91,88,167.464,10.7552
91,93,200.795,4.14765
92,2,117.89,0
92,4,114.809,0
92,7,105.019,0
92,15,91.0879,0
92,16,112.699,0
92,19,59.7746,0
92,21,138.116,6.95665
92,25,34.4384,0
92,26,74.7329,0
92,29,75.326,0
92,33,82.6801,0
92,35,39.6232,0
92,38,65.307,0
92,39,13.6015,0
92,42,128.798,0
92,43,59.1692,0
92,49,95.462,0
92,50,13.0384,0
92,57,88.7694,0
92,58,18.0278,0
92,61,72.9178,0
92,62,127.883,0
92,64,89.8888,0
92,66,64.2884,0
92,68,103.856,0
92,71,97.2008,0
92,76,73.2462,0
92,79,131.605,0
92,81,45.793,0
92,84,120.154,0
92,88,101.323,0.496581
92,96,34.4819,0
92,98,134.648,0
93,6,169.8,0
93,11,196.865,0
93,15,251.836,3.92648
93,17,192.925,0
93,21,205.22,5.86246
93,22,34.4093,0
93,26,211.289,15.9648
93,31,107.331,0
93,32,137.244,0
93,37,131.469,0
93,46,201.375,0
93,47,99.0353,0
93,55,212.047,0
93,59,220.546,12.2646
93,60,173.928,1.7732
93,62,242.154,11.3629
93,64,166.86,14.314
93,65,83.7616,0
93,71,195.758,15.7926
93,72,225.539,0
93,73,70.7107,0
93,77,262.366,0
93,80,60.4649,0
93,82,202.633,0
93,83,166.481,0
93,86,214.604,11.6485
93,87,228.473,0
93,88,241.868,0
93,91,200.795,4.14765
93,98,182.487,15.3933
94,14,52.4309,0
94,28,55.4617,0
94,34,125.725,8.95851
94,51,81.7435,0
94,74,185.834,15.8833
94,75,58.5235,0
94,78,148.353,9.14744
94,97,18,0
94,99,43.9318,0
95,20,29.8329,0
95,54,28.6531,0
95,60,78.6003,0
95,71,132.185,0
95,80,198.71,16.8991
95,84,100.807,0
95,90,138.699,4.44401
95,98,91.022,0
96,2,112.272,0
96,7,126.127,0
96,15,124.145,0
96,19,94.255,0
96,25,64.195,0
96,26,103.16,0
96,29,70.0071,0
96,33,116.297,0
96,35,62.9365,0
96,38,38.6005,0
96,39,47.5395,0
96,42,124.724,0
96,43,61.0737,0
96,49,78.1025,0
96,50,21.9317,0
96,57,72.0069,0
96,58,18,0
96,61,107.154,0
96,64,115.434,0
96,66,72.1388,0
96,67,126.59,0
96,68,89.0449,0
96,71,113.6,0
96,76,60.9262,0
96,79,136.092,0
96,81,34.5254,0
96,84,128.226,0
96,88,134.015,0.496297
96,92,34.4819,0
97,14,44.643,0
97,28,50.3587,0
97,34,115.27,5.68491
97,51,79.0569,0
97,74,209.725,16.3422
97,75,55.0364,0
97,78,125.004,0
97,94,18,0
97,99,26.5707,0
98,15,137.915,8.16212
98,19,137.131,0
98,20,62.2013,0
98,21,197.048,15.9663
98,22,212.132,16.6965
98,25,108.812,0
98,26,88.1419,0
98,29,82.6801,0
98,32,152.735,12.9955
98,35,96.933,0
98,47,144.556,12.2872
98,49,104.695,0
98,54,67.082,0
98,57,103.817,0
98,58,134.034,0
98,60,56.4358,0
98,64,72.1803,0
98,66,73.2462,0
98,71,41.3038,0
98,80,162.007,12.8275
98,84,18.7883,0
98,88,170.763,14.5294
98,90,159.745,12.0275
98,92,134.648,0
98,93,182.487,15.3933
98,95,91.022,0
99,14,53.6004,0
99,28,61.9839,0
99,34,115.521,0
99,51,90.7083,0
99,75,68.0074,0
99,78,136.499,0
99,94,43.9318,0
99,97,26.5707,0
