0,23,349.197,24.3224
0,27,216.683,3.98199
0,65,348.595,22.1809
0,69,212.001,9.42227
1,4,410.986,20.8397
1,5,162.997,0
1,6,354.552,29.9969
1,11,384.254,16.1486
1,13,322.394,24.4318
1,14,171.158,1.59347
1,16,252.598,18.8957
1,22,294.984,25.3031
1,25,382.374,31.8926
1,29,76.016,5.9752
1,30,255.546,20.8748
1,32,200.857,10.8445
1,36,291.277,22.1349
1,45,328.281,27.4399
1,50,68.2058,4.88894
1,58,277.787,7.42752
1,60,229.646,19.646
1,74,188.799,4.83557
1,75,246.843,18.4549
1,77,142.309,2.70691
1,79,345.952,27.3392
1,82,332.838,23.4582
1,87,220.775,14.6115
1,90,421.392,34.5154
1,97,413.352,15.5326
2,7,244.948,5.49553
2,8,72.8232,5.4163
2,12,311.862,23.817
2,19,319.276,25.2281
2,24,326.471,27.1128
2,34,212.206,15.0045
2,35,269.559,1.34082
2,45,285.314,7.42709
2,48,118.811,2.48599
2,49,86.895,2.47721
2,54,151.63,10.0434
2,55,158.557,10.1706
2,56,150.704,8.02565
2,66,248.119,19.4939
2,67,282.062,10.167
2,68,43.8368,1.90721
2,73,271.822,14.0278
2,76,173.949,11.2054
2,85,169.959,7.59459
2,93,228.528,13.2733
2,94,173,1.95266
2,95,318.363,26.6118
3,5,310.283,26.618
3,9,425.037,20.8599
3,13,415.065,25.5704
3,16,420.926,30.3049
3,17,74.7289,5.48639
3,18,133.765,0
3,19,241.747,10.1849
3,20,294.681,0
3,24,286.518,11.9112
3,30,468.052,24.8766
3,36,410.958,20.0276
3,37,187.394,2.36879
3,38,252.441,21.4748
3,39,304.77,8.02333
3,40,363.442,30.4074
3,41,71.8471,0
3,43,148.948,7.59342
3,46,276.27,2.9741
3,47,144.996,7.34099
3,51,312.57,20.838
3,55,281.418,13.2168
3,56,289.544,24.1572
3,58,362.335,30.5613
3,63,406.129,31.558
3,67,131.698,8.92111
3,71,277.172,2.03711
3,74,353.646,25.4196
3,79,233.651,8.19977
3,80,246.028,0
3,82,376.644,15.8019
3,83,114.49,0
3,85,265.423,22.4852
3,86,54.6443,0
3,91,99,8.43382
3,92,207.079,7.19392
4,1,410.986,20.8397
4,6,144.262,10.64
4,11,26.4197,0
4,14,190.333,14.275
4,15,213.413,16.205
4,22,65.215,0
4,23,394.932,33.7853
4,27,178.045,0
4,29,453.342,28.7936
4,32,164.595,12.6843
4,50,307.174,25.9546
4,60,403.526,31.5901
4,65,407.859,34.6879
4,69,225.879,13.062
4,75,130.874,0
4,87,211.047,6.95758
4,88,395.47,31.0765
4,90,163.452,13.7757
4,97,8.06226,0
5,1,162.997,0
5,3,310.283,26.618
5,9,262.148,21.9457
5,13,147.075,7.68418
5,14,373.154,29.989
5,16,188.455,16.0615
5,17,433.136,26.4047
5,29,180.603,13.4973
5,30,113.007,8.10374
5,32,350.688,28.722
5,36,116.276,7.31804
5,40,356.775,29.0905
5,41,424.995,35.5001
5,43,262.545,16.6022
5,45,373.737,31.9118
5,47,242.752,17.7253
5,50,260.091,22.2935
5,51,388.077,31.5129
5,55,455.296,34.0396
5,58,126.826,8.25097
5,60,412.082,34.5434
5,67,408.941,35.0355
5,74,25.0599,0
5,77,141.93,10.49
5,79,163.028,13.3481
5,82,179.385,15.3868
5,86,387.275,33.2184
5,87,339.284,20.9202
5,91,223.239,19.1506
6,1,354.552,29.9969
6,4,144.262,10.64
6,11,173.318,14.4432
6,14,299.706,23.5194
6,15,167.176,13.1408
6,21,500.011,31.7034
6,22,222.654,17.8973
6,23,481.229,15.8647
6,25,319.515,23.9054
6,27,344.756,27.1021
6,29,363.634,31.1936
6,32,250.578,21.2225
6,33,334.275,22.3937
6,42,375.609,25.2036
6,50,390.402,26.5622
6,52,338.436,22.811
6,53,518.881,23.6677
6,57,326.122,21.434
6,60,240.275,19.3286
6,65,486,15.5172
6,69,330.467,26.278
6,75,277.072,18.5698
6,77,424.048,36.118
6,87,327.857,18.3418
6,88,380.522,17.328
6,90,66.0228,3.68549
6,97,139,10.2455
7,2,244.948,5.49553
7,8,209.538,0
7,10,204.052,11.4246
7,16,301.747,25.5282
7,21,342.322,27.7464
7,25,146.94,11.7866
7,29,384.022,32.7933
7,33,118.38,2.84844
7,34,278.446,12.7707
7,35,271.325,8.39817
7,45,104.393,0
7,48,184.833,12.4481
7,49,290.176,0
7,55,192.333,0
7,56,310.56,13.1754
7,57,150.615,0
7,58,362.257,31.0358
7,60,192.004,5.29423
7,68,204.012,0
7,76,175.177,14.7561
7,77,384.368,32.7485
7,78,168.156,6.92936
7,85,284.986,0
7,93,139.531,9.7211
8,2,72.8232,5.4163
8,7,209.538,0
8,12,320.126,22.9322
8,16,320.899,24.1678
8,19,204.381,6.35599
8,24,258.049,17.2969
8,34,236.271,8.43325
8,45,225.362,0
8,48,130.908,0
8,49,161.758,9.24056
8,54,201.822,10.159
8,55,84.8145,4.16606
8,56,92.6984,0
8,58,362.438,29.4915
8,66,265.715,19.7921
8,67,236.427,6.8958
8,68,74.9466,0
8,73,309.081,17.6496
8,76,183.551,11.0353
8,85,109.018,0
8,86,344.549,20.4528
8,91,313.902,15.591
8,93,225.533,9.63019
8,94,236.39,4.78666
8,95,315.671,21.2873
9,3,425.037,20.8599
9,5,262.148,21.9457
9,13,93.5347,5.56754
9,17,395.088,23.4667
9,18,432.206,35.7947
9,30,156.73,13.0907
9,36,118.769,10.0729
9,37,373.94,31.7535
9,38,300.447,24.5794
9,40,153.757,12.9655
9,41,430.905,31.9002
9,43,281.937,13.2412
9,47,292.257,13.827
9,51,181.859,15.5833
9,58,390.663,33.4745
9,63,205.283,15.7821
9,74,239.081,18.3163
9,77,355.045,26.5675
9,79,241.006,13.0619
9,82,84.1324,5.69144
9,86,464.383,34.0709
9,91,404.024,15.1787
10,7,204.052,11.4246
10,21,319.312,0
10,25,197.705,9.69278
10,33,142.004,5.84514
10,34,282.258,14.5663
10,35,285.763,21.1031
10,42,531.029,0
10,45,322.704,20.3625
10,48,241.737,7.07792
10,52,567.539,0
10,57,137.85,6.87163
10,62,517.49,0
10,70,421.284,0
10,72,410.112,0
10,76,204.382,5.26876
10,78,44.0915,3.78204
10,81,490.2,0
10,93,152.764,4.72841
11,1,384.254,16.1486
11,4,26.4197,0
11,6,173.318,14.4432
11,14,165.079,12.983
11,15,238.46,20.0487
11,22,42.72,0
11,27,189.679,0
11,29,433.784,24.4086
11,32,137.62,11.1741
11,50,277.146,23.1365
11,60,389.565,31.2485
11,69,214.394,0
11,75,106.78,0
11,77,505.691,23.4657
11,87,185.906,7.04191
11,88,407.984,34.6779
11,90,180.834,14.331
11,97,23.3452,0
12,2,311.862,23.817
12,8,320.126,22.9322
12,19,119.097,0
12,20,277.074,0
12,24,73.2462,0
12,28,143.634,5.96241
12,44,125.877,0
12,49,256.831,6.76856
12,54,216.661,10.3792
12,56,221.336,4.26262
12,66,56.0803,0
12,67,224.379,0
12,68,326.372,17.3524
12,71,131.229,0
12,73,67.7422,0
12,83,265.181,0
12,85,246.52,10.0009
12,86,284.93,0
12,95,49.8197,0
12,96,183.109,0
13,1,322.394,24.4318
13,3,415.065,25.5704
13,5,147.075,7.68418
13,9,93.5347,5.56754
13,16,351.072,28.9284
13,17,417.274,26.9984
13,29,320.525,23.9202
13,30,62.7694,0
13,36,30.8707,0
13,38,309.328,24.9598
13,40,260.415,20.6521
13,41,454.807,34.4239
13,43,266.041,17.7361
13,47,269.287,18.3218
13,50,285.237,10.8044
13,51,212.229,15.3654
13,58,280.361,18.1694
13,63,311.061,26.5997
13,74,123.064,7.71949
13,77,281.423,19.1938
13,79,196.552,15.1724
13,82,37.8021,0
13,86,457.169,36.7902
13,91,366.692,19.8077
14,1,171.158,1.59347
14,4,190.333,14.275
14,5,373.154,29.989
14,6,299.706,23.5194
14,11,165.079,12.983
14,15,380.256,32.3113
14,16,400.501,27.2747
14,22,124.34,1.05309
14,29,242.111,9.17087
14,30,263.399,5.95784
14,32,30.1003,1.06123
14,36,306.609,6.38273
14,45,481.563,29.0559
14,50,112.071,0
14,58,449.35,8.5311
14,60,302.892,24.273
14,74,481.034,11.2656
14,75,122.658,2.96081
14,77,317.581,2.20454
14,87,162.419,13.0577
14,90,338.737,27.7056
14,97,184.738,14.3123
15,4,213.413,16.205
15,6,167.176,13.1408
15,11,238.46,20.0487
15,14,380.256,32.3113
15,22,260.915,21.7429
15,23,204.827,17.5312
15,27,210.019,12.2688
15,32,381.729,32.3553
15,42,501.965,13.1233
15,52,451.337,12.9576
15,53,516.385,18.8593
15,65,214.291,18.2265
15,69,148.653,3.85777
15,75,316.48,21.8793
15,84,319.697,25.8656
15,88,189.346,14.6946
15,90,147.424,12.066
15,97,207.353,17.2794
16,1,252.598,18.8957
16,3,420.926,30.3049
16,5,188.455,16.0615
16,7,301.747,25.5282
16,8,320.899,24.1678
16,13,351.072,28.9284
16,14,400.501,27.2747
16,25,328.996,27.9714
16,29,161.051,13.6782
16,30,300.916,25.1322
16,32,427.799,32.6329
16,33,364.762,27.8141
16,36,315.738,26.4829
16,43,405.49,23.7249
16,45,186.695,15.2135
16,47,388.946,22.9716
16,50,330.417,22.239
16,55,225.151,16.2735
16,56,328.355,26.5516
16,58,61.3514,0
16,60,314.013,12.0866
16,67,429.884,35.1374
16,74,215.905,17.9921
16,77,173.678,0
16,79,298.091,25.279
16,82,396.873,32.3245
16,85,331.619,28.4039
16,91,290.976,24.0643
17,3,74.7289,5.48639
17,5,433.136,26.4047
17,9,395.088,23.4667
17,13,417.274,26.9984
17,18,81.0555,0
17,19,251.161,0
17,20,264.008,0
17,24,286.944,0
17,30,492.52,27.7178
17,36,429.394,21.6278
17,37,122.642,0
17,38,117.987,0
17,39,229.026,0
17,40,284.876,24.2987
17,41,37.5366,0
17,43,183.855,6.96421
17,46,210.24,0
17,47,191.943,6.88657
17,51,227.506,18.51
17,56,318.805,20.3144
17,58,476.891,35.2148
17,63,292.636,24.9599
17,67,147.959,0
17,71,273.19,0
17,74,429.336,23.6941
17,79,282.81,7.39373
17,80,191.23,0
17,82,378.685,16.9187
17,83,98.8585,0
17,85,303.471,21.4575
17,86,70.0071,0
17,89,263.154,0
17,91,200.811,13.3874
17,92,151.706,7.84598
18,3,133.765,0
18,9,432.206,35.7947
18,17,81.0555,0
18,19,264.008,0
18,20,195.064,0
18,24,289.774,0
18,37,83.1941,6.33074
18,38,115.521,0
18,39,157.801,0
18,40,274.201,17.3905
18,41,64.0078,0
18,43,266.833,22.356
18,44,351.281,25.5105
18,46,153.42,3.13186
18,47,278.337,22.9682
18,51,220.077,16.2863
18,63,225.777,3.05994
18,67,182.28,0
18,71,311.876,25.0629
18,79,366.112,27.2787
18,80,112.272,0
18,82,409.114,34.541
18,83,82.2253,0
18,85,326.508,14.363
18,86,109.786,0
18,89,182.099,0
18,91,237.32,15.3335
18,92,62.2254,0
19,2,319.276,25.2281
19,3,241.747,10.1849
19,8,204.381,6.35599
19,12,119.097,0
19,17,251.161,0
19,18,264.008,0
19,20,270.633,0
19,24,45.9674,0
19,28,280.448,13.7353
19,41,223.573,0
19,44,176.343,0
19,47,378.022,30.0432
19,49,347.378,29.6598
19,54,245.689,11.7243
19,55,246.35,16.1395
19,56,151.053,12.6151
19,66,134.546,8.4201
19,67,110.064,0
19,68,356.022,30.2474
19,71,145,0
19,73,214.684,16.2424
19,83,181.893,0
19,85,116.927,0
19,86,181.276,0
19,91,338.744,28.9331
19,95,181.978,11.084
19,96,252.786,0
20,3,294.681,0
20,12,277.074,0
20,17,264.008,0
20,18,195.064,0
20,19,270.633,0
20,24,264.343,0
20,37,221.633,0
20,39,210.602,0
20,41,230.106,0
20,44,161.645,0
20,46,233.925,0
20,67,322.962,22.2648
20,71,146.4,0
20,80,159.088,0
20,83,209.51,11.9988
20,86,277.748,14.4355
20,89,121.202,0
20,92,194.612,0
20,96,219.486,17.1571
21,6,500.011,31.7034
21,7,342.322,27.7464
21,10,319.312,0
21,25,285.977,24.2922
21,26,554.707,0
21,31,518.358,22.0187
21,33,229.002,19.1697
21,42,220.907,0
21,52,264.824,0
21,53,355.97,12.2665
21,57,189.306,12.8691
21,60,364.807,28.977
21,62,242.297,0
21,64,533.846,0
21,70,340.658,0
21,72,98.0204,0
21,78,252.077,16.476
21,81,256.811,0
21,93,422.01,35.6994
22,1,294.984,25.3031
22,4,65.215,0
22,6,222.654,17.8973
22,11,42.72,0
22,14,124.34,1.05309
22,15,260.915,21.7429
22,27,213.154,11.2818
22,29,368.305,31.3372
22,32,94.8683,0
22,50,204.085,11.7643
22,60,459.115,31.0529
22,69,226.009,0
22,75,65.8559,0
22,77,440.661,34.8559
22,87,132.612,0
22,90,223.401,15.6203
22,97,64.8845,0
23,0,349.197,24.3224
23,4,394.932,33.7853
23,6,481.229,15.8647
23,15,204.827,17.5312
23,26,443.674,36.1946
23,27,372.129,30.5947
23,42,485.08,32.0307
23,52,451.778,29.2446
23,53,324.579,26.2411
23,59,425.545,35.1861
23,61,427.175,35.8344
23,65,8.24621,0
23,69,274.882,20.5018
23,84,121.939,0
23,88,66.6033,0
23,90,416.345,11.4801
23,97,403.025,34.4502
24,2,326.471,27.1128
24,3,286.518,11.9112
24,8,258.049,17.2969
24,12,73.2462,0
24,17,286.944,0
24,18,289.774,0
24,19,45.9674,0
24,20,264.343,0
24,28,228.094,10.8349
24,41,256.5,0
24,44,145.671,0
24,49,266.379,13.1156
24,54,203.63,0
24,55,263.389,9.73576
24,56,192.677,15.3701
24,66,78.2304,0
24,67,152.542,0
24,68,357.1,30.5733
24,71,124.78,0
24,73,144.739,6.86496
24,83,208.062,0
24,85,214.635,18.2063
24,86,218.083,0
24,91,388.129,32.4713
24,95,126.041,6.04027
24,96,219.021,0
25,1,382.374,31.8926
25,6,319.515,23.9054
25,7,146.94,11.7866
25,10,197.705,9.69278
25,16,328.996,27.9714
25,21,285.977,24.2922
25,29,346.584,29.2237
25,33,51,0
25,42,345.314,29.5793
25,45,124.555,0
25,48,353.412,30.218
25,52,342.046,29.3236
25,55,282.761,4.82918
25,57,84.1724,0
25,58,416.027,33.2151
25,60,124.064,0
25,72,354.186,29.73
25,76,252.408,14.7247
25,77,401.171,33.6887
25,78,152.62,3.81673
25,90,355.421,27.2339
25,93,218.552,12.833
26,21,554.707,0
26,23,443.674,36.1946
26,31,386.503,14.7692
26,42,393.371,14.5724
26,52,386.335,20.1016
26,53,219.747,1.12092
26,59,115.354,1.95017
26,61,49.4773,0
26,62,344.058,0
26,64,305.555,0
26,65,435.536,35.0378
26,70,583.25,0
26,72,456.741,0
26,81,395.419,0
26,84,329.744,18.7987
26,88,359.272,30.8189
26,98,364.429,18.4294
27,0,216.683,3.98199
27,4,178.045,0
27,6,344.756,27.1021
27,11,189.679,0
27,15,210.019,12.2688
27,22,213.154,11.2818
27,23,372.129,30.5947
27,32,309.103,12.3418
27,65,380.807,31.6381
27,69,92.818,6.53309
27,75,222.144,0
27,87,291.041,3.42568
27,88,417.213,33.3231
27,90,329.465,26.8531
27,97,186.024,0
28,12,143.634,5.96241
28,19,280.448,13.7353
28,24,228.094,10.8349
28,44,188.664,0
28,49,292.027,0
28,54,228.107,0
28,66,194.939,15.3514
28,71,238.154,7.42824
28,73,105.959,5.72458
28,95,134.282,11.1551
28,96,195.51,0
28,99,182.702,0
29,1,76.016,5.9752
29,4,453.342,28.7936
29,5,180.603,13.4973
29,6,363.634,31.1936
29,7,384.022,32.7933
29,11,433.784,24.4086
29,13,320.525,23.9202
29,14,242.111,9.17087
29,16,161.051,13.6782
29,22,368.305,31.3372
29,25,346.584,29.2237
29,30,245.819,17.8877
29,32,268.691,17.3296
29,36,299.909,24.5031
29,43,423.53,36.1315
29,45,270.751,21.8959
29,47,393.712,33.6363
29,50,142.998,11.0081
29,55,380.481,31.0883
29,58,175.245,10.7664
29,60,194.069,16.4054
29,74,204.982,15.1184
29,75,336.458,28.6321
29,77,54,4.11765
29,79,363.51,30.7881
29,82,348.572,28.4315
29,87,292.741,22.3011
29,90,374.407,28.9647
29,91,319.963,20.1143
29,97,440.039,27.9956
30,1,255.546,20.8748
30,3,468.052,24.8766
30,5,113.007,8.10374
30,9,156.73,13.0907
30,13,62.7694,0
30,14,263.399,5.95784
30,16,300.916,25.1322
30,17,492.52,27.7178
30,29,245.819,17.8877
30,32,270.512,0
30,36,45.1774,0
30,38,411.963,35.3343
30,40,322.701,27.6706
30,43,321.398,18.6073
30,47,323.659,17.8942
30,50,222.456,10.4584
30,51,230.556,0
30,58,231.449,14.8936
30,63,374.23,31.4544
30,74,85.4363,5.69575
30,77,208.262,12.4511
30,79,234.307,15.6205
30,82,88.0057,0
30,87,287.062,14.2446
30,91,373.522,22.7295
31,21,518.358,22.0187
31,26,386.503,14.7692
31,53,439.28,27.1848
31,59,432.345,24.498
31,61,401.863,18.7386
31,62,295.769,20.2694
31,64,81.1212,6.94582
31,70,286.816,18.9627
31,72,448.374,21.7959
31,81,261.249,18.0407
31,98,51.1566,0
32,1,200.857,10.8445
32,4,164.595,12.6843
32,5,350.688,28.722
32,6,250.578,21.2225
32,11,137.62,11.1741
32,14,30.1003,1.06123
32,15,381.729,32.3553
32,16,427.799,32.6329
32,22,94.8683,0
32,27,309.103,12.3418
32,29,268.691,17.3296
32,30,270.512,0
32,50,114.218,9.79012
32,58,479.443,18.3037
32,60,334.627,26.3519
32,74,429.338,34.3231
32,75,100.674,4.15996
32,77,345.805,13.2391
32,87,131.182,7.94544
32,90,257.153,17.8072
32,97,158.812,12.5237
33,6,334.275,22.3937
33,7,118.38,2.84844
33,10,142.004,5.84514
33,16,364.762,27.8141
33,21,229.002,19.1697
33,25,51,0
33,35,312.25,14.6592
33,42,337.062,26.8843
33,45,185.404,6.66262
33,48,301.764,21.9895
33,52,335.013,28.1529
33,57,39.2173,0
33,60,178.399,3.40077
33,62,470.683,27.9749
33,70,517.608,25.0186
33,72,337.076,21.2759
33,76,224.023,5.28095
33,78,98.0459,0
33,81,483.124,27.5607
33,93,220.926,17.1304
34,2,212.206,15.0045
34,7,278.446,12.7707
34,8,236.271,8.43325
34,10,282.258,14.5663
34,35,106.283,0
34,48,112.641,0
34,49,140.943,0
34,54,196.163,0
34,55,299.814,9.91466
34,68,160.8,7.72654
34,76,122.004,0
34,78,279.102,9.62915
34,93,142.271,0
34,94,100.17,0
35,2,269.559,1.34082
35,7,271.325,8.39817
35,10,285.763,21.1031
35,33,312.25,14.6592
35,34,106.283,0
35,48,205.925,13.564
35,49,246.546,0
35,57,337.306,20.3054
35,68,230.556,0
35,76,174.438,7.17426
35,78,269.602,22.8941
35,93,146.059,2.41232
35,94,225.35,12.0289
36,1,291.277,22.1349
36,3,410.958,20.0276
36,5,116.276,7.31804
36,9,118.769,10.0729
36,13,30.8707,0
36,14,306.609,6.38273
36,16,315.738,26.4829
36,17,429.394,21.6278
36,29,299.909,24.5031
36,30,45.1774,0
36,38,369.773,30.9351
36,40,271.455,23.2519
36,41,476.249,28.905
36,43,257.457,14.2891
36,47,264.621,13.0664
36,50,290.008,19.8603
36,51,186.078,0
36,58,248.355,17.201
36,63,327.853,28.0216
36,74,92.2413,7.01323
36,77,241.573,15.4301
36,79,182.223,10.9908
36,82,43.2897,0
36,86,460.761,33.6949
36,91,351.896,12.1702
37,3,187.394,2.36879
37,9,373.94,31.7535
37,17,122.642,0
37,18,83.1941,6.33074
37,20,221.633,0
37,38,78.8162,0
37,39,120.758,5.56639
37,40,202.916,3.39612
37,41,122.025,0
37,43,295.677,25.196
37,46,87.6584,0
37,47,316.992,26.3283
37,51,195.671,15.8325
37,63,184.088,5.46386
37,67,250.298,1.72948
37,71,353.684,23.2445
37,79,378.761,31.0942
37,80,86.6833,0
37,82,411.28,34.5137
37,83,165.809,7.80282
37,86,171.026,0
37,89,168.573,0
37,91,330.174,28.0549
37,92,27.6586,0
38,3,252.441,21.4748
38,9,300.447,24.5794
38,13,309.328,24.9598
38,17,117.987,0
38,18,115.521,0
38,30,411.963,35.3343
38,36,369.773,30.9351
38,37,78.8162,0
38,39,167.505,0
38,40,148.241,11.0618
38,41,139.807,0
38,43,286.088,12.6344
38,46,136.059,0
38,47,304.272,12.9441
38,51,116.792,8.3649
38,63,118.749,6.22629
38,67,264.849,0
38,74,527.268,17.0414
38,79,370.193,10.362
38,80,175.464,5.65087
38,82,308.622,25.6323
38,83,189.283,0
38,86,185.586,0
38,89,257.316,5.7497
38,91,379.703,19.2535
38,92,106.4,0
39,3,304.77,8.02333
39,17,229.026,0
39,18,157.801,0
39,20,210.602,0
39,37,120.758,5.56639
39,38,167.505,0
39,40,306.979,18.2227
39,41,221.359,0
39,46,35.3553,0
39,51,275.089,16.8802
39,63,264.804,16.639
39,80,61.3514,0
39,83,227.266,0
39,86,267.372,0
39,89,105.152,0
39,92,96.566,0
40,3,363.442,30.4074
40,5,356.775,29.0905
40,9,153.757,12.9655
40,13,260.415,20.6521
40,17,284.876,24.2987
40,18,274.201,17.3905
40,30,322.701,27.6706
40,36,271.455,23.2519
40,37,202.916,3.39612
40,38,148.241,11.0618
40,39,306.979,18.2227
40,41,309.549,24.7995
40,43,301.297,21.8061
40,46,273.697,18.2465
40,47,321.109,22.3563
40,51,58.2495,0
40,63,48.6621,0
40,74,349.927,29.9938
40,79,297.983,24.5574
40,80,288.901,6.50806
40,82,202.334,17.1513
40,83,377.259,29.2956
40,86,391.811,33.6079
40,91,441.123,25.5444
40,92,233.288,4.70217
41,3,71.8471,0
41,5,424.995,35.5001
41,9,430.905,31.9002
41,13,454.807,34.4239
41,17,37.5366,0
41,18,64.0078,0
41,19,223.573,0
41,20,230.106,0
41,24,256.5,0
41,36,476.249,28.905
41,37,122.025,0
41,38,139.807,0
41,39,221.359,0
41,40,309.549,24.7995
41,43,222.186,14.9823
41,44,318.602,15.3886
41,46,236.889,12.4501
41,47,218.657,16.2465
41,51,251.611,21.5253
41,56,312.993,22.3943
41,63,278.292,16.0085
41,67,127.769,0
41,71,255.053,8.72729
41,74,441.114,33.8574
41,79,311.079,19.0142
41,80,175.693,0
41,82,415.338,27.0639
41,83,61.4003,0
41,85,287.546,20.1368
41,86,49.3964,0
41,89,240.859,0
41,91,161.503,9.28794
41,92,136.25,5.11875
42,6,375.609,25.2036
42,10,531.029,0
42,15,501.965,13.1233
42,21,220.907,0
42,23,485.08,32.0307
42,25,345.314,29.5793
42,26,393.371,14.5724
42,33,337.062,26.8843
42,52,50.636,0
42,53,189.633,9.36363
42,57,326.765,15.2829
42,59,483.704,18.9467
42,60,383.872,32.3898
42,61,430.201,16.7413
42,62,258.681,0
42,64,532.015,0
42,65,477.632,31.4215
42,70,495.177,0
42,72,169.541,0
42,78,472.761,12.6753
42,81,324.863,0
42,84,504.936,18.9207
42,88,411.378,15.7383
42,90,373.671,21.1375
43,3,148.948,7.59342
43,5,262.545,16.6022
43,9,281.937,13.2412
43,13,266.041,17.7361
43,16,405.49,23.7249
43,17,183.855,6.96421
43,18,266.833,22.356
43,29,423.53,36.1315
43,30,321.398,18.6073
43,36,257.457,14.2891
43,37,295.677,25.196
43,38,286.088,12.6344
43,40,301.297,21.8061
43,41,222.186,14.9823
43,46,388.054,32.875
43,47,20,0
43,51,247.878,11.9638
43,55,422.993,35.8053
43,56,375.156,31.6775
43,58,336.664,26.0421
43,63,327.858,26.5548
43,67,285.471,23.6471
43,74,245.936,15.9873
43,77,352.891,29.9748
43,79,98.9545,0
43,80,392.296,33.5341
43,82,226.473,8.50424
43,83,251.677,20.7952
43,85,353.222,30.2256
43,86,202.347,17.1072
43,91,140.684,0
43,92,316.043,27.0985
44,12,125.877,0
44,18,351.281,25.5105
44,19,176.343,0
44,20,161.645,0
44,24,145.671,0
44,28,188.664,0
44,41,318.602,15.3886
44,56,323.379,15.0176
44,66,180.278,0
44,67,239.033,0
44,71,48.1041,0
44,73,205.237,10.2789
44,83,264.187,17.0391
44,85,292.351,0
44,86,267.32,0
44,89,282.002,0
44,95,166.832,0
44,96,77.3692,0
45,1,328.281,27.4399
45,2,285.314,7.42709
45,5,373.737,31.9118
45,7,104.393,0
45,8,225.362,0
45,10,322.704,20.3625
45,14,481.563,29.0559
45,16,186.695,15.2135
45,25,124.555,0
45,29,270.751,21.8959
45,33,185.404,6.66262
45,48,240.303,5.74052
45,50,424.714,29.9121
45,55,193.226,8.74624
45,56,265.754,0
45,57,222.822,6.9679
45,58,238.028,18.7142
45,60,148.125,11.619
45,68,260.901,3.88644
45,74,401.233,34.4189
45,76,268.388,20.0371
45,77,276.882,21.4225
45,78,257.728,6.07807
45,85,260.969,0
45,91,432.217,36.5881
45,93,251.394,15.3254
46,3,276.27,2.9741
46,17,210.24,0
46,18,153.42,3.13186
46,20,233.925,0
46,37,87.6584,0
46,38,136.059,0
46,39,35.3553,0
46,40,273.697,18.2465
46,41,236.889,12.4501
46,43,388.054,32.875
46,47,399.024,33.795
46,51,232.984,13.5882
46,63,229.614,15.9904
46,80,75.8024,0
46,83,223.294,0
46,86,282.331,11.7974
46,89,137.131,0
46,92,85,0
47,3,144.996,7.34099
47,5,242.752,17.7253
47,9,292.257,13.827
47,13,269.287,18.3218
47,16,388.946,22.9716
47,17,191.943,6.88657
47,18,278.337,22.9682
47,19,378.022,30.0432
47,29,393.712,33.6363
47,30,323.659,17.8942
47,36,264.621,13.0664
47,37,316.992,26.3283
47,38,304.272,12.9441
47,40,321.109,22.3563
47,41,218.657,16.2465
47,43,20,0
47,46,399.024,33.795
47,51,266.52,12.5645
47,55,416.095,34.7185
47,56,369.01,31.4135
47,58,325.571,24.7515
47,63,347.484,27.5956
47,67,257.162,22.0277
47,74,235.436,16.2422
47,77,341.142,28.8809
47,79,93.0376,0
47,80,399.861,34.1393
47,82,231.375,9.39038
47,83,246.967,19.7755
47,85,347.026,29.7685
47,86,199.212,16.9119
47,91,122.376,0
47,92,327.125,28.0279
48,2,118.811,2.48599
48,7,184.833,12.4481
48,8,130.908,0
48,10,241.737,7.07792
48,25,353.412,30.218
48,33,301.764,21.9895
48,34,112.641,0
48,35,205.925,13.564
48,45,240.303,5.74052
48,49,155.891,5.76228
48,54,210.807,1.53433
48,55,189.268,6.53344
48,56,223.607,0
48,57,327.972,21.5186
48,68,74.2159,0
48,76,48.0208,4.11943
48,78,250.023,12.2354
48,85,239.153,0
48,93,84.2912,0
48,94,175.071,0
49,2,86.895,2.47721
49,7,290.176,0
49,8,161.758,9.24056
49,12,256.831,6.76856
49,19,347.378,29.6598
49,24,266.379,13.1156
49,28,292.027,0
49,34,140.943,0
49,35,246.546,0
49,48,155.891,5.76228
49,54,64.9384,0
49,55,246.53,13.4331
49,56,227.261,12.1309
49,66,201.006,6.6935
49,68,89.8053,0
49,73,212.25,0
49,76,186.473,4.87512
49,85,246.838,11.1627
49,93,242.539,8.80807
49,94,95.8801,0
49,95,247.061,12.9191
50,1,68.2058,4.88894
50,4,307.174,25.9546
50,5,260.091,22.2935
50,6,390.402,26.5622
50,11,277.146,23.1365
50,13,285.237,10.8044
50,14,112.071,0
50,16,330.417,22.239
50,22,204.085,11.7643
50,29,142.998,11.0081
50,30,222.456,10.4584
50,32,114.218,9.79012
50,36,290.008,19.8603
50,45,424.714,29.9121
50,58,282.263,23.2916
50,60,262.949,22.2074
50,74,379.122,6.93117
50,75,164.062,3.00672
50,77,196.567,11.1138
50,79,438.578,36.5481
50,82,346.793,24.8505
50,87,160.641,7.85471
50,90,415.708,33.3967
50,97,320.479,24.31
51,3,312.57,20.838
51,5,388.077,31.5129
51,9,181.859,15.5833
51,13,212.229,15.3654
51,17,227.506,18.51
51,18,220.077,16.2863
51,30,230.556,0
51,36,186.078,0
51,37,195.671,15.8325
51,38,116.792,8.3649
51,39,275.089,16.8802
51,40,58.2495,0
51,41,251.611,21.5253
51,43,247.878,11.9638
51,46,232.984,13.5882
51,47,266.52,12.5645
51,63,82.3053,3.57008
51,67,438.01,36.622
51,74,379.711,27.3032
51,79,286.141,14.2897
51,80,290.97,21.3668
51,82,142.79,0
51,83,316.128,26.0897
51,86,320.49,27.1539
51,91,387.127,12.0711
51,92,222.539,16.7431
52,6,338.436,22.811
52,10,567.539,0
52,15,451.337,12.9576
52,21,264.824,0
52,23,451.778,29.2446
52,25,342.046,29.3236
52,26,386.335,20.1016
52,33,335.013,28.1529
52,42,50.636,0
52,53,199.132,7.93507
52,57,342.09,17.0837
52,59,525.184,4.03787
52,60,371.045,31.2042
52,61,456.198,10.2094
52,62,304.631,0
52,64,568.637,0
52,65,460.379,25.3952
52,70,545.766,0
52,72,219.791,0
52,78,504.24,13.2931
52,81,373.101,0
52,84,448.635,26.7045
52,88,372.328,13.8563
52,90,332.593,18.7222
53,6,518.881,23.6677
53,15,516.385,18.8593
53,21,355.97,12.2665
53,23,324.579,26.2411
53,26,219.747,1.12092
53,31,439.28,27.1848
53,42,189.633,9.36363
53,52,199.132,7.93507
53,57,508.648,24.6166
53,59,305.007,5.24483
53,61,260.346,0
53,62,232.637,9.16993
53,64,391.601,9.70994
53,65,313.939,25.1744
53,70,512.739,10.5527
53,72,265.076,11.7036
53,81,308.384,9.78453
53,84,336.331,18.9201
53,88,326.17,21.2614
53,90,477.006,22.2349
53,98,479.797,25.7034
54,2,151.63,10.0434
54,8,201.822,10.159
54,12,216.661,10.3792
54,19,245.689,11.7243
54,24,203.63,0
54,28,228.107,0
54,34,196.163,0
54,48,210.807,1.53433
54,49,64.9384,0
54,55,278.379,11.9685
54,56,309.535,26.267
54,66,139.445,0
54,68,147.851,0
54,73,161.165,3.981
54,76,257.31,7.67092
54,85,339.27,28.9532
54,93,307.477,8.99541
54,94,144.587,9.25367
54,95,179.979,8.65918
55,2,158.557,10.1706
55,3,281.418,13.2168
55,5,455.296,34.0396
55,7,192.333,0
55,8,84.8145,4.16606
55,16,225.151,16.2735
55,19,246.35,16.1395
55,24,263.389,9.73576
55,25,282.761,4.82918
55,29,380.481,31.0883
55,34,299.814,9.91466
55,43,422.993,35.8053
55,45,193.226,8.74624
55,47,416.095,34.7185
55,48,189.268,6.53344
55,49,246.53,13.4331
55,54,278.379,11.9685
55,56,93.3435,0
55,58,287.024,24.6222
55,60,336.814,20.4365
55,66,314.095,20.8338
55,67,217.374,9.17702
55,68,156.004,6.31002
55,76,218.104,11.7878
55,77,399.567,33.6583
55,79,366.347,28.8957
55,85,93.2148,0
55,86,299.166,16.8169
55,91,268.312,19.4796
55,93,263.32,14.9752
56,2,150.704,8.02565
56,3,289.544,24.1572
56,7,310.56,13.1754
56,8,92.6984,0
56,12,221.336,4.26262
56,16,328.355,26.5516
56,17,318.805,20.3144
56,19,151.053,12.6151
56,24,192.677,15.3701
56,41,312.993,22.3943
56,43,375.156,31.6775
56,44,323.379,15.0176
56,45,265.754,0
56,47,369.01,31.4135
56,48,223.607,0
56,49,227.261,12.1309
56,54,309.535,26.267
56,55,93.3435,0
56,58,381.219,32.605
56,66,205.635,11.0722
56,67,129.63,0
56,68,162.542,0
56,71,297.998,17.2746
56,73,293.633,20.4187
56,76,276.676,12.2967
56,79,409.87,35.1485
56,83,238.321,0
56,85,23.0217,0
56,86,266.886,21.5006
56,91,243.278,14.2507
56,93,312.411,8.37021
56,94,305.384,5.38561
56,95,263.819,14.1332
57,6,326.122,21.434
57,7,150.615,0
57,10,137.85,6.87163
57,21,189.306,12.8691
57,25,84.1724,0
57,33,39.2173,0
57,35,337.306,20.3054
57,42,326.765,15.2829
57,45,222.822,6.9679
57,48,327.972,21.5186
57,52,342.09,17.0837
57,53,508.648,24.6166
57,60,193.259,0
57,62,436.182,14.6778
57,70,476.204,16.7168
57,72,301.605,8.2661
57,76,268.492,11.8109
57,78,93.9415,0
57,81,444.349,15.7344
57,90,339.872,20.9565
57,93,252.676,19.597
58,1,277.787,7.42752
58,3,362.335,30.5613
58,5,126.826,8.25097
58,7,362.257,31.0358
58,8,362.438,29.4915
58,9,390.663,33.4745
58,13,280.361,18.1694
58,14,449.35,8.5311
58,16,61.3514,0
58,17,476.891,35.2148
58,25,416.027,33.2151
58,29,175.245,10.7664
58,30,231.449,14.8936
58,32,479.443,18.3037
58,36,248.355,17.201
58,43,336.664,26.0421
58,45,238.028,18.7142
58,47,325.571,24.7515
58,50,282.263,23.2916
58,55,287.024,24.6222
58,56,381.219,32.605
58,60,346.694,14.254
58,67,440.354,34.1544
58,74,154.098,9.417
58,77,119.624,8.5039
58,79,232.249,18.9265
58,82,310.987,26.2644
58,85,351.067,30.1163
58,86,401.24,34.3181
58,91,256.809,21.9243
59,23,425.545,35.1861
59,26,115.354,1.95017
59,31,432.345,24.498
59,42,483.704,18.9467
59,52,525.184,4.03787
59,53,305.007,5.24483
59,61,65.9719,1.87017
59,62,459.376,2.06892
59,64,363.889,9.89141
59,65,416.284,34.102
59,72,566.321,3.43417
59,81,509.087,2.17526
59,84,311.674,9.93766
59,88,398.819,32.1809
59,98,356.971,29.1418
60,1,229.646,19.646
60,4,403.526,31.5901
60,5,412.082,34.5434
60,6,240.275,19.3286
60,7,192.004,5.29423
60,11,389.565,31.2485
60,14,302.892,24.273
60,16,314.013,12.0866
60,21,364.807,28.977
60,22,459.115,31.0529
60,25,124.064,0
60,29,194.069,16.4054
60,32,334.627,26.3519
60,33,178.399,3.40077
60,42,383.872,32.3898
60,45,148.125,11.619
60,50,262.949,22.2074
60,52,371.045,31.2042
60,55,336.814,20.4365
60,57,193.259,0
60,58,346.694,14.254
60,77,248.551,20.5903
60,78,268.168,0
60,90,319.54,27.2891
60,93,322.869,13.1693
60,97,394.537,30.41
61,23,427.175,35.8344
61,26,49.4773,0
61,31,401.863,18.7386
61,42,430.201,16.7413
61,52,456.198,10.2094
61,53,260.346,0
61,59,65.9719,1.87017
61,62,393.395,0
61,64,327.267,3.16458
61,65,418.915,34.8236
61,72,505.431,0
61,81,443.644,0
61,84,329.461,12.9121
61,88,372.732,31.7708
61,98,365.613,22.4221
62,10,517.49,0
62,21,242.297,0
62,26,344.058,0
62,31,295.769,20.2694
62,33,470.683,27.9749
62,42,258.681,0
62,52,304.631,0
62,53,232.637,9.16993
62,57,436.182,14.6778
62,59,459.376,2.06892
62,61,393.395,0
62,64,298.027,0
62,70,281.091,0
62,72,154.777,0
62,78,499.004,8.80315
62,81,77.7946,0
62,98,373.73,20.7536
63,3,406.129,31.558
63,9,205.283,15.7821
63,13,311.061,26.5997
63,17,292.636,24.9599
63,18,225.777,3.05994
63,30,374.23,31.4544
63,36,327.853,28.0216
63,37,184.088,5.46386
63,38,118.749,6.22629
63,39,264.804,16.639
63,40,48.6621,0
63,41,278.292,16.0085
63,43,327.858,26.5548
63,46,229.614,15.9904
63,47,347.484,27.5956
63,51,82.3053,3.57008
63,74,413.421,35.4479
63,79,370.333,28.146
63,80,255.234,5.37969
63,82,245.584,18.6996
63,83,316.274,10.7298
63,86,362.512,28.693
63,91,470.337,31.1802
63,92,210.914,5.66089
64,21,533.846,0
64,26,305.555,0
64,31,81.1212,6.94582
64,42,532.015,0
64,52,568.637,0
64,53,391.601,9.70994
64,59,363.889,9.89141
64,61,327.267,3.16458
64,62,298.027,0
64,70,350.069,11.7099
64,72,452.451,0
64,81,281.539,0
64,98,87.9855,6.79186
65,0,348.595,22.1809
65,4,407.859,34.6879
65,6,486,15.5172
65,15,214.291,18.2265
65,23,8.24621,0
65,26,435.536,35.0378
65,27,380.807,31.6381
65,42,477.632,31.4215
65,52,460.379,25.3952
65,53,313.939,25.1744
65,59,416.284,34.102
65,61,418.915,34.8236
65,69,283.869,21.8594
65,84,114.057,0
65,88,70.5431,3.22777
65,90,420.004,11.4844
65,97,425.48,35.5015
66,2,248.119,19.4939
66,8,265.715,19.7921
66,12,56.0803,0
66,19,134.546,8.4201
66,24,78.2304,0
66,28,194.939,15.3514
66,44,180.278,0
66,49,201.006,6.6935
66,54,139.445,0
66,55,314.095,20.8338
66,56,205.635,11.0722
66,67,250.865,11.8541
66,68,269.003,15.5949
66,71,178.645,0
66,73,82.6015,6.84421
66,83,286.276,0
66,85,216.867,9.36926
66,86,294.211,0
66,94,281.469,9.3196
66,95,62.0526,4.246
66,96,239.136,0
67,2,282.062,10.167
67,3,131.698,8.92111
67,5,408.941,35.0355
67,8,236.427,6.8958
67,12,224.379,0
67,16,429.884,35.1374
67,17,147.959,0
67,18,182.28,0
67,19,110.064,0
67,20,322.962,22.2648
67,24,152.542,0
67,37,250.298,1.72948
67,38,264.849,0
67,41,127.769,0
67,43,285.471,23.6471
67,44,239.033,0
67,47,257.162,22.0277
67,51,438.01,36.622
67,55,217.374,9.17702
67,56,129.63,0
67,58,440.354,34.1544
67,66,250.865,11.8541
67,68,292.027,0
67,71,193.745,0
67,73,305.443,11.2429
67,79,356.457,26.5659
67,80,281.277,0
67,83,110.259,0
67,85,134.099,8.53639
67,86,79.404,0
67,91,232.594,15.6072
67,92,243.824,0
67,95,278.552,6.66973
68,2,43.8368,1.90721
68,7,204.012,0
68,8,74.9466,0
68,12,326.372,17.3524
68,19,356.022,30.2474
68,24,357.1,30.5733
68,34,160.8,7.72654
68,35,230.556,0
68,45,260.901,3.88644
68,48,74.2159,0
68,49,89.8053,0
68,54,147.851,0
68,55,156.004,6.31002
68,56,162.542,0
68,66,269.003,15.5949
68,67,292.027,0
68,73,304.371,13.4121
68,76,129.636,8.82837
68,78,348.887,22.097
68,85,181.466,0
68,93,180.271,9.56928
68,94,164.495,2.48733
68,95,324.138,20.4467
69,0,212.001,9.42227
69,4,225.879,13.062
69,6,330.467,26.278
69,11,214.394,0
69,15,148.653,3.85777
69,22,226.009,0
69,23,274.882,20.5018
69,27,92.818,6.53309
69,65,283.869,21.8594
69,75,320.57,19.0816
69,84,396.684,33.5355
69,88,352.836,19.8648
69,90,295.639,23.4634
69,97,235.856,13.8962
70,10,421.284,0
70,21,340.658,0
70,26,583.25,0
70,31,286.816,18.9627
70,33,517.608,25.0186
70,42,495.177,0
70,52,545.766,0
70,53,512.739,10.5527
70,57,476.204,16.7168
70,62,281.091,0
70,64,350.069,11.7099
70,72,330.055,0
70,78,437.559,8.23969
70,81,205.251,0
70,98,337.678,27.8179
71,3,277.172,2.03711
71,12,131.229,0
71,17,273.19,0
71,18,311.876,25.0629
71,19,145,0
71,20,146.4,0
71,24,124.78,0
71,28,238.154,7.42824
71,37,353.684,23.2445
71,41,255.053,8.72729
71,44,48.1041,0
71,56,297.998,17.2746
71,66,178.645,0
71,67,193.745,0
71,73,195.923,0
71,80,269.284,0
71,83,207.582,13.279
71,85,257.008,0
71,86,219.221,0
71,89,260.801,0
71,92,309.492,14.9626
71,95,179.011,0
71,96,120.748,0
72,10,410.112,0
72,21,98.0204,0
72,25,354.186,29.73
72,26,456.741,0
72,31,448.374,21.7959
72,33,337.076,21.2759
72,42,169.541,0
72,52,219.791,0
72,53,265.076,11.7036
72,57,301.605,8.2661
72,59,566.321,3.43417
72,61,505.431,0
72,62,154.777,0
72,64,452.451,0
72,70,330.055,0
72,78,350.576,17.6626
72,81,190.263,0
72,90,514.241,27.7
72,98,499.51,29.628
73,2,271.822,14.0278
73,8,309.081,17.6496
73,12,67.7422,0
73,19,214.684,16.2424
73,24,144.739,6.86496
73,28,105.959,5.72458
73,44,205.237,10.2789
73,49,212.25,0
73,54,161.165,3.981
73,56,293.633,20.4187
73,66,82.6015,6.84421
73,67,305.443,11.2429
73,68,304.371,13.4121
73,71,195.923,0
73,85,298.995,17.2094
73,94,312.262,18.1667
73,95,18.0278,0
73,96,258.05,14.8527
73,99,273.002,0
74,1,188.799,4.83557
74,3,353.646,25.4196
74,5,25.0599,0
74,9,239.081,18.3163
74,13,123.064,7.71949
74,14,481.034,11.2656
74,16,215.905,17.9921
74,17,429.336,23.6941
74,29,204.982,15.1184
74,30,85.4363,5.69575
74,32,429.338,34.3231
74,36,92.2413,7.01323
74,38,527.268,17.0414
74,40,349.927,29.9938
74,41,441.114,33.8574
74,43,245.936,15.9873
74,45,401.233,34.4189
74,47,235.436,16.2422
74,50,379.122,6.93117
74,51,379.711,27.3032
74,58,154.098,9.417
74,63,413.421,35.4479
74,77,139.925,1.79135
74,79,148.178,12.1017
74,82,158.357,12.8522
74,86,410.931,33.9373
74,87,344.167,22.3146
74,91,220.267,18.7791
75,1,246.843,18.4549
75,4,130.874,0
75,6,277.072,18.5698
75,11,106.78,0
75,14,122.658,2.96081
75,15,316.48,21.8793
75,22,65.8559,0
75,27,222.144,0
75,29,336.458,28.6321
75,32,100.674,4.15996
75,50,164.062,3.00672
75,69,320.57,19.0816
75,77,367.032,30.9912
75,87,68.884,0
75,90,297.072,20.1162
75,97,129.85,0
76,2,173.949,11.2054
76,7,175.177,14.7561
76,8,183.551,11.0353
76,10,204.382,5.26876
76,25,252.408,14.7247
76,33,224.023,5.28095
76,34,122.004,0
76,35,174.438,7.17426
76,45,268.388,20.0371
76,48,48.0208,4.11943
76,49,186.473,4.87512
76,54,257.31,7.67092
76,55,218.104,11.7878
76,56,276.676,12.2967
76,57,268.492,11.8109
76,68,129.636,8.82837
76,78,208.047,8.93819
76,85,290.859,12.5159
76,93,50.636,0
76,94,212.626,6.46264
77,1,142.309,2.70691
77,5,141.93,10.49
77,6,424.048,36.118
77,7,384.368,32.7485
77,9,355.045,26.5675
77,11,505.691,23.4657
77,13,281.423,19.1938
77,14,317.581,2.20454
77,16,173.678,0
77,22,440.661,34.8559
77,25,401.171,33.6887
77,29,54,4.11765
77,30,208.262,12.4511
77,32,345.805,13.2391
77,36,241.573,15.4301
77,43,352.891,29.9748
77,45,276.882,21.4225
77,47,341.142,28.8809
77,50,196.567,11.1138
77,55,399.567,33.6583
77,58,119.624,8.5039
77,60,248.551,20.5903
77,74,139.925,1.79135
77,75,367.032,30.9912
77,79,301.66,25.8739
77,82,317.312,26.3322
77,87,350.209,29.9868
77,91,268.055,13.5172
77,97,512.928,27.864
78,7,168.156,6.92936
78,10,44.0915,3.78204
78,21,252.077,16.476
78,25,152.62,3.81673
78,33,98.0459,0
78,34,279.102,9.62915
78,35,269.602,22.8941
78,42,472.761,12.6753
78,45,257.728,6.07807
78,48,250.023,12.2354
78,52,504.24,13.2931
78,57,93.9415,0
78,60,268.168,0
78,62,499.004,8.80315
78,68,348.887,22.097
78,70,437.559,8.23969
78,72,350.576,17.6626
78,76,208.047,8.93819
78,81,482.612,8.0081
78,93,138.058,0
79,1,345.952,27.3392
79,3,233.651,8.19977
79,5,163.028,13.3481
79,9,241.006,13.0619
79,13,196.552,15.1724
79,16,298.091,25.279
79,17,282.81,7.39373
79,18,366.112,27.2787
79,29,363.51,30.7881
79,30,234.307,15.6205
79,36,182.223,10.9908
79,37,378.761,31.0942
79,38,370.193,10.362
79,40,297.983,24.5574
79,41,311.079,19.0142
79,43,98.9545,0
79,47,93.0376,0
79,50,438.578,36.5481
79,51,286.141,14.2897
79,55,366.347,28.8957
79,56,409.87,35.1485
79,58,232.249,18.9265
79,63,370.333,28.146
79,67,356.457,26.5659
79,74,148.178,12.1017
79,77,301.66,25.8739
79,82,167.914,7.39209
79,83,341.122,29.2026
79,85,387.095,33.1191
79,86,288.627,21.8214
79,91,170.88,0
79,92,414.103,33.4284
80,3,246.028,0
80,17,191.23,0
80,18,112.272,0
80,20,159.088,0
80,37,86.6833,0
80,38,175.464,5.65087
80,39,61.3514,0
80,40,288.901,6.50806
80,41,175.693,0
80,43,392.296,33.5341
80,46,75.8024,0
80,47,399.861,34.1393
80,51,290.97,21.3668
80,63,255.234,5.37969
80,67,281.277,0
80,71,269.284,0
80,83,171.213,0
80,86,217.816,0
80,89,82.0792,0
80,92,62.3939,0
81,10,490.2,0
81,21,256.811,0
81,26,395.419,0
81,31,261.249,18.0407
81,33,483.124,27.5607
81,42,324.863,0
81,52,373.101,0
81,53,308.384,9.78453
81,57,444.349,15.7344
81,59,509.087,2.17526
81,61,443.644,0
81,62,77.7946,0
81,64,281.539,0
81,70,205.251,0
81,72,190.263,0
81,78,482.612,8.0081
81,98,299.004,25.0607
82,1,332.838,23.4582
82,3,376.644,15.8019
82,5,179.385,15.3868
82,9,84.1324,5.69144
82,13,37.8021,0
82,16,396.873,32.3245
82,17,378.685,16.9187
82,18,409.114,34.541
82,29,348.572,28.4315
82,30,88.0057,0
82,36,43.2897,0
82,37,411.28,34.5137
82,38,308.622,25.6323
82,40,202.334,17.1513
82,41,415.338,27.0639
82,43,226.473,8.50424
82,47,231.375,9.39038
82,50,346.793,24.8505
82,51,142.79,0
82,58,310.987,26.2644
82,63,245.584,18.6996
82,74,158.357,12.8522
82,77,317.312,26.3322
82,79,167.914,7.39209
82,86,415.044,31.1731
82,91,338.608,7.9755
83,3,114.49,0
83,12,265.181,0
83,17,98.8585,0
83,18,82.2253,0
83,19,181.893,0
83,20,209.51,11.9988
83,24,208.062,0
83,37,165.809,7.80282
83,38,189.283,0
83,39,227.266,0
83,40,377.259,29.2956
83,41,61.4003,0
83,43,251.677,20.7952
83,44,264.187,17.0391
83,46,223.294,0
83,47,246.967,19.7755
83,51,316.128,26.0897
83,56,238.321,0
83,63,316.274,10.7298
83,66,286.276,0
83,67,110.259,0
83,71,207.582,13.279
83,79,341.122,29.2026
83,80,171.213,0
83,85,236.505,6.28089
83,86,63.3877,0
83,89,218.625,0
83,91,250.646,21.4577
83,92,139.086,0
83,96,349.786,25.2038
84,15,319.697,25.8656
84,23,121.939,0
84,26,329.744,18.7987
84,42,504.936,18.9207
84,52,448.635,26.7045
84,53,336.331,18.9201
84,59,311.674,9.93766
84,61,329.461,12.9121
84,65,114.057,0
84,69,396.684,33.5355
84,88,127.534,0
85,2,169.959,7.59459
85,3,265.423,22.4852
85,7,284.986,0
85,8,109.018,0
85,12,246.52,10.0009
85,16,331.619,28.4039
85,17,303.471,21.4575
85,18,326.508,14.363
85,19,116.927,0
85,24,214.635,18.2063
85,41,287.546,20.1368
85,43,353.222,30.2256
85,44,292.351,0
85,45,260.969,0
85,47,347.026,29.7685
85,48,239.153,0
85,49,246.838,11.1627
85,54,339.27,28.9532
85,55,93.2148,0
85,56,23.0217,0
85,58,351.067,30.1163
85,66,216.867,9.36926
85,67,134.099,8.53639
85,68,181.466,0
85,71,257.008,0
85,73,298.995,17.2094
85,76,290.859,12.5159
85,79,387.095,33.1191
85,83,236.505,6.28089
85,86,242.053,19.4776
85,91,220.257,13.9087
85,95,277.371,13.5382
86,3,54.6443,0
86,5,387.275,33.2184
86,8,344.549,20.4528
86,9,464.383,34.0709
86,12,284.93,0
86,13,457.169,36.7902
86,17,70.0071,0
86,18,109.786,0
86,19,181.276,0
86,20,277.748,14.4355
86,24,218.083,0
86,36,460.761,33.6949
86,37,171.026,0
86,38,185.586,0
86,39,267.372,0
86,40,391.811,33.6079
86,41,49.3964,0
86,43,202.347,17.1072
86,44,267.32,0
86,46,282.331,11.7974
86,47,199.212,16.9119
86,51,320.49,27.1539
86,55,299.166,16.8169
86,56,266.886,21.5006
86,58,401.24,34.3181
86,63,362.512,28.693
86,66,294.211,0
86,67,79.404,0
86,71,219.221,0
86,74,410.931,33.9373
86,79,288.627,21.8214
86,80,217.816,0
86,82,415.044,31.1731
86,83,63.3877,0
86,85,242.053,19.4776
86,89,275.567,0
86,91,193.909,13.2417
86,92,173.309,0.676905
87,1,220.775,14.6115
87,4,211.047,6.95758
87,5,339.284,20.9202
87,6,327.857,18.3418
87,11,185.906,7.04191
87,14,162.419,13.0577
87,22,132.612,0
87,27,291.041,3.42568
87,29,292.741,22.3011
87,30,287.062,14.2446
87,32,131.182,7.94544
87,50,160.641,7.85471
87,74,344.167,22.3146
87,75,68.884,0
87,77,350.209,29.9868
87,97,209.196,7.10649
88,4,395.47,31.0765
88,6,380.522,17.328
88,11,407.984,34.6779
88,15,189.346,14.6946
88,23,66.6033,0
88,26,359.272,30.8189
88,27,417.213,33.3231
88,42,411.378,15.7383
88,52,372.328,13.8563
88,53,326.17,21.2614
88,59,398.819,32.1809
88,61,372.732,31.7708
88,65,70.5431,3.22777
88,69,352.836,19.8648
88,84,127.534,0
88,90,310.302,15.0841
88,97,387.207,31.9936
89,17,263.154,0
89,18,182.099,0
89,20,121.202,0
89,37,168.573,0
89,38,257.316,5.7497
89,39,105.152,0
89,41,240.859,0
89,44,282.002,0
89,46,137.131,0
89,71,260.801,0
89,80,82.0792,0
89,83,218.625,0
89,86,275.567,0
89,92,143.136,0
89,96,344.018,21.9736
90,1,421.392,34.5154
90,4,163.452,13.7757
90,6,66.0228,3.68549
90,11,180.834,14.331
90,14,338.737,27.7056
90,15,147.424,12.066
90,22,223.401,15.6203
90,23,416.345,11.4801
90,25,355.421,27.2339
90,27,329.465,26.8531
90,29,374.407,28.9647
90,32,257.153,17.8072
90,42,373.671,21.1375
90,50,415.708,33.3967
90,52,332.593,18.7222
90,53,477.006,22.2349
90,57,339.872,20.9565
90,60,319.54,27.2891
90,65,420.004,11.4844
90,69,295.639,23.4634
90,72,514.241,27.7
90,75,297.072,20.1162
90,88,310.302,15.0841
90,97,160.364,13.4726
91,3,99,8.43382
91,5,223.239,19.1506
91,8,313.902,15.591
91,9,404.024,15.1787
91,13,366.692,19.8077
91,16,290.976,24.0643
91,17,200.811,13.3874
91,18,237.32,15.3335
91,19,338.744,28.9331
91,24,388.129,32.4713
91,29,319.963,20.1143
91,30,373.522,22.7295
91,36,351.896,12.1702
91,37,330.174,28.0549
91,38,379.703,19.2535
91,40,441.123,25.5444
91,41,161.503,9.28794
91,43,140.684,0
91,45,432.217,36.5881
91,47,122.376,0
91,51,387.127,12.0711
91,55,268.312,19.4796
91,56,243.278,14.2507
91,58,256.809,21.9243
91,63,470.337,31.1802
91,67,232.594,15.6072
91,74,220.267,18.7791
91,77,268.055,13.5172
91,79,170.88,0
91,82,338.608,7.9755
91,83,250.646,21.4577
91,85,220.257,13.9087
91,86,193.909,13.2417
91,92,351.777,30.0688
92,3,207.079,7.19392
92,17,151.706,7.84598
92,18,62.2254,0
92,20,194.612,0
92,37,27.6586,0
92,38,106.4,0
92,39,96.566,0
92,40,233.288,4.70217
92,41,136.25,5.11875
92,43,316.043,27.0985
92,46,85,0
92,47,327.125,28.0279
92,51,222.539,16.7431
92,63,210.914,5.66089
92,67,243.824,0
92,71,309.492,14.9626
92,79,414.103,33.4284
92,80,62.3939,0
92,83,139.086,0
92,86,173.309,0.676905
92,89,143.136,0
92,91,351.777,30.0688
93,2,228.528,13.2733
93,7,139.531,9.7211
93,8,225.533,9.63019
93,10,152.764,4.72841
93,21,422.01,35.6994
93,25,218.552,12.833
93,33,220.926,17.1304
93,34,142.271,0
93,35,146.059,2.41232
93,45,251.394,15.3254
93,48,84.2912,0
93,49,242.539,8.80807
93,54,307.477,8.99541
93,55,263.32,14.9752
93,56,312.411,8.37021
93,57,252.676,19.597
93,60,322.869,13.1693
93,68,180.271,9.56928
93,76,50.636,0
93,78,138.058,0
93,94,254.402,9.83923
94,2,173,1.95266
94,8,236.39,4.78666
94,34,100.17,0
94,35,225.35,12.0289
94,48,175.071,0
94,49,95.8801,0
94,54,144.587,9.25367
94,56,305.384,5.38561
94,66,281.469,9.3196
94,68,164.495,2.48733
94,73,312.262,18.1667
94,76,212.626,6.46264
94,93,254.402,9.83923
94,95,333.017,21.8119
95,2,318.363,26.6118
95,8,315.671,21.2873
95,12,49.8197,0
95,19,181.978,11.084
95,24,126.041,6.04027
95,28,134.282,11.1551
95,44,166.832,0
95,49,247.061,12.9191
95,54,179.979,8.65918
95,56,263.819,14.1332
95,66,62.0526,4.246
95,67,278.552,6.66973
95,68,324.138,20.4467
95,71,179.011,0
95,73,18.0278,0
95,85,277.371,13.5382
95,94,333.017,21.8119
95,96,212.144,0
95,99,315.84,14.3837
96,12,183.109,0
96,19,252.786,0
96,20,219.486,17.1571
96,24,219.021,0
96,28,195.51,0
96,44,77.3692,0
96,66,239.136,0
96,71,120.748,0
96,73,258.05,14.8527
96,83,349.786,25.2038
96,89,344.018,21.9736
96,95,212.144,0
96,99,330.518,16.6371
97,1,413.352,15.5326
97,4,8.06226,0
97,6,139,10.2455
97,11,23.3452,0
97,14,184.738,14.3123
97,15,207.353,17.2794
97,22,64.8845,0
97,23,403.025,34.4502
97,27,186.024,0
97,29,440.039,27.9956
97,32,158.812,12.5237
97,50,320.479,24.31
97,60,394.537,30.41
97,65,425.48,35.5015
97,69,235.856,13.8962
97,75,129.85,0
97,77,512.928,27.864
97,87,209.196,7.10649
97,88,387.207,31.9936
97,90,160.364,13.4726
98,26,364.429,18.4294
98,31,51.1566,0
98,53,479.797,25.7034
98,59,356.971,29.1418
98,61,365.613,22.4221
98,62,373.73,20.7536
98,64,87.9855,6.79186
98,70,337.678,27.8179
98,72,499.51,29.628
98,81,299.004,25.0607
99,28,182.702,0
99,73,273.002,0
99,95,315.84,14.3837
99,96,330.518,16.6371
