0,25,115.109,0
0,40,175.354,0
0,49,219.458,3.92764
0,83,90.5539,0
0,91,139.607,0
0,92,25.0799,0
0,98,144.087,0
1,2,80.4301,0
1,4,197.327,0
1,6,120.333,0
1,7,101.415,0
1,15,74.9667,0
1,17,175.317,0
1,20,83.1865,0
1,21,124.808,0
1,26,167.003,0
1,30,207.625,0
1,44,83.8153,0
1,46,71.0282,0
1,47,120.104,0
1,50,131.32,0
1,51,111.946,0
1,58,142.688,0
1,62,133.33,0
1,63,142.843,0
1,64,65.146,0
1,68,119.507,0
1,71,194.941,0
1,75,160.562,0
1,78,165.653,0
1,79,154.742,0
1,82,51.4198,0
1,85,206.228,0
1,89,183.992,0
1,93,128.888,0
2,1,80.4301,0
2,6,64.846,0
2,7,98.1122,0
2,11,231.709,0
2,12,220.036,0
2,15,115.07,0
2,20,34.6554,0
2,21,50.6952,0
2,30,152.738,0
2,44,164.201,0
2,45,228.239,0
2,46,142.338,0
2,47,200.42,0
2,50,125.603,0
2,51,35.7351,0
2,58,154.768,0
2,62,75.3127,0
2,63,171.094,0
2,64,83.863,0
2,68,109.165,0
2,71,155.901,0
2,75,146.414,0
2,78,91.1811,0
2,79,119.004,0
2,82,40.1622,0
2,89,121.202,0
2,93,155.939,0
3,8,215.281,0
3,10,95.1893,0
3,16,124.664,0
3,18,140,0
3,27,222.713,0
3,31,98.4886,0
3,33,197.294,0
3,48,25.0799,0
3,57,67.2681,0
3,66,90.802,0
3,70,191.93,0
3,81,164.402,0
3,84,175.693,0
3,86,220.239,0
3,87,107.075,0
3,88,128.561,0
3,90,113.719,0
3,94,176.309,0
3,97,50.6952,0
4,1,197.327,0
4,7,168.882,0
4,15,135.3,0
4,17,146.322,0
4,20,225.269,0
4,23,118.596,0
4,26,67.0522,0
4,27,229.297,0
4,32,208.614,0
4,35,153.444,0
4,36,131.7,0
4,38,198.436,0
4,39,168.834,0
4,44,163.417,0
4,46,131.061,0
4,47,157.813,0
4,50,162.693,0
4,54,101.514,0
4,55,133.405,0
4,56,164,0
4,58,127.475,0
4,63,95.3415,0
4,64,167.003,0
4,65,226.638,0
4,67,230.489,0
4,69,201.943,0
4,72,124.724,0
4,75,175.642,0
4,85,124.403,0
4,93,106.254,0
5,8,115.122,0
5,11,174.141,0
5,12,184.201,0
5,22,206.516,0
5,23,122.589,0
5,24,177.722,0
5,27,99.5389,0
5,31,191.982,0
5,35,93.6803,0
5,36,226.738,0
5,39,73.0068,0
5,41,154.923,0
5,45,197.942,0
5,54,138.13,0
5,58,224.109,0
5,59,190.394,0
5,60,180,0
5,63,225.878,0
5,66,206.495,0
5,67,124.338,0
5,72,220.565,0
5,73,49.4065,0
5,75,225.515,0
5,76,100.439,0
5,80,215.523,0
5,81,184.816,0
5,84,222.389,0
5,87,188.743,0
6,1,120.333,0
6,2,64.846,0
6,7,67.2681,0
6,11,168.434,0
6,12,156.579,0
6,15,112.161,0
6,20,38.4708,0
6,21,34.5398,0
6,30,90.0888,0
6,44,196.125,0
6,45,163.615,0
6,46,159.138,0
6,47,229.889,0
6,50,82.201,0
6,51,41.0366,0
6,58,118.423,0
6,62,13,0
6,63,144.347,0
6,64,81.2158,0
6,67,210.753,0
6,68,173.626,0
6,71,210.737,0
6,75,93.0591,0
6,78,56.8595,0
6,79,177.609,0
6,80,204.57,0
6,82,100.18,0
6,89,162.077,0
6,93,130.981,0
7,1,101.415,0
7,2,98.1122,0
7,4,168.882,0
7,6,67.2681,0
7,11,157.686,0
7,12,147.763,0
7,15,54.0833,0
7,17,223.6,0
7,20,65,0
7,21,98,0
7,23,217.697,0
7,26,176.139,0
7,30,124.535,0
7,44,154.984,0
7,45,164.027,0
7,46,108.674,0
7,47,183.897,0
7,50,30.8869,0
7,51,97.1648,0
7,54,206.891,0
7,58,56.8595,0
7,62,75.2728,0
7,63,78.0577,0
7,64,37.054,0
7,67,187.553,0
7,68,197.649,0
7,75,59.203,0
7,78,123.369,0
7,79,216.009,0
7,80,214.238,0
7,82,112.929,0
7,89,216.333,0
7,93,64.0703,0
8,3,215.281,0
8,5,115.122,0
8,13,237.944,8.83079
8,22,162.8,0
8,23,224.635,0
8,24,111.732,0
8,27,138.293,0
8,28,219.026,4.43058
8,31,123.491,0
8,35,190.434,0
8,37,179,0
8,39,173.922,0
8,41,198.116,0
8,48,207.8,0
8,59,138.539,0
8,60,103.6,0
8,66,156.17,0
8,67,220.22,0
8,73,65.8635,0
8,76,176.706,0
8,81,184.765,0
8,84,227.02,0
8,86,167.431,0
8,87,109.037,0
9,10,178.53,0
9,14,171.421,0
9,23,224.511,0
9,27,180.413,0
9,31,218.769,0
9,32,115.412,0
9,33,202.606,0
9,35,216.899,0
9,36,144.848,0
9,38,211.54,0
9,39,231.199,0
9,42,232.659,0
9,48,213.413,0
9,52,125,0
9,53,186.035,0
9,54,229.218,0
9,56,113.596,0
9,61,137.801,0
9,65,109.11,0
9,66,182.65,0
9,69,215.613,0
9,72,151.222,0
9,81,116.362,0
9,84,76.5506,0
9,90,175.602,0
9,94,190.287,0
10,3,95.1893,0
10,9,178.53,0
10,16,131.765,0
10,18,176.264,0
10,31,157.471,0
10,33,106.508,0
10,48,83.4506,0
10,52,198.58,0
10,57,76.9025,0
10,61,213.565,0
10,66,125.929,0
10,70,124,0
10,77,176.664,0
10,81,156.541,0
10,84,143.126,0
10,87,174.866,0
10,88,121.38,0
10,90,19.105,0
10,94,84.4038,0
10,97,68.0074,0
11,2,231.709,0
11,5,174.141,0
11,6,168.434,0
11,7,157.686,0
11,12,12.0416,0
11,15,201.122,0
11,20,199.123,0
11,21,197.426,0
11,23,197.891,0
11,29,339.003,28.5811
11,30,107.042,0
11,34,206.606,2.05405
11,35,200.821,0
11,39,188.247,0
11,41,122.801,0
11,45,27.2029,0
11,49,253.223,15.4664
11,50,129.248,0
11,51,208.331,0
11,54,199.602,0
11,58,136.125,0
11,62,161.236,0
11,63,162.585,0
11,64,194.612,0
11,67,50.3289,0
11,73,214.308,0
11,75,99.2472,0
11,76,95.5877,0
11,78,185.151,0
11,80,73.2462,0
11,93,164.201,0
11,95,195.412,0
12,2,220.036,0
12,5,184.201,0
12,6,156.579,0
12,7,147.763,0
12,11,12.0416,0
12,15,192.585,0
12,20,187.641,0
12,21,185.413,0
12,23,201.896,0
12,30,95.7131,0
12,34,219.176,4.91334
12,35,206.712,0
12,39,195.028,0
12,41,134.818,0.522486
12,45,24.7588,0
12,49,255.778,15.4426
12,50,120,0
12,51,196.38,0
12,54,202.628,0
12,58,129.402,0
12,62,149.265,0
12,63,157.178,0
12,64,184.784,0
12,67,61.2699,0
12,73,225.204,0
12,75,90.0056,0
12,76,107.564,0
12,78,173.234,0
12,80,76.1577,0
12,93,157.801,0
12,95,194.918,0
13,8,237.944,8.83079
13,19,142.443,0
13,22,115.871,0
13,24,123.037,0
13,28,33.3017,0
13,29,204.573,7.95989
13,37,84.4808,0
13,59,117.903,0
13,60,121.495,0
13,86,157.166,0
14,9,171.421,0
14,32,95.483,0
14,36,186.473,0
14,38,106.705,0
14,42,139.129,0
14,43,125.591,0
14,52,164.785,0
14,53,36.1386,0
14,55,201.683,0
14,56,166.244,0
14,61,159.806,0
14,65,83.2346,0
14,69,106.733,0
14,72,194.62,0
14,96,150.814,0
15,1,74.9667,0
15,2,115.07,0
15,4,135.3,0
15,6,112.161,0
15,7,54.0833,0
15,11,201.122,0
15,12,192.585,0
15,17,169.623,0
15,20,92.1954,0
15,21,135.68,0
15,23,211.936,0
15,26,127.475,0
15,30,178.617,0
15,44,104.235,0
15,45,211.589,0
15,46,55.3624,0
15,47,130.74,0
15,50,73.5459,0
15,51,129.522,0
15,54,198.114,0
15,55,232.562,0
15,58,71.4703,0
15,62,122.886,0
15,63,67.8823,0
15,64,32.9848,0
15,67,222.623,0
15,68,191.128,0
15,75,102.956,0
15,78,168.716,0
15,79,220.239,0
15,82,110.309,0
15,85,185.068,0
15,93,54.037,0
16,3,124.664,0
16,10,131.765,0
16,18,54.7449,0
16,31,223.143,0
16,33,171.843,0
16,48,141.315,0
16,57,64.8999,0
16,66,211.405,0
16,70,123.004,0
16,77,207.576,0
16,87,230.521,0
16,88,19.3132,0
16,90,136.473,0
16,94,161.028,0
16,97,83.863,0
17,1,175.317,0
17,4,146.322,0
17,7,223.6,0
17,15,169.623,0
17,26,79.7621,0
17,38,203.767,0
17,44,93.3006,0
17,46,118.106,0
17,47,58.2495,0
17,55,109.768,0
17,58,218.009,0
17,63,190.421,0
17,64,196.621,0
17,69,203.855,0
17,72,232.659,0
17,82,225.61,0
17,85,45.1885,0
17,93,189.41,0
18,3,140,0
18,10,176.264,0
18,16,54.7449,0
18,31,233.452,0
18,33,226.497,0
18,48,162.274,0
18,57,100.623,0
18,66,230.801,0
18,70,176.264,0
18,88,73.7564,0
18,90,184.358,0
18,94,215.084,0
18,97,115.663,0
19,13,142.443,0
19,22,99.8599,0
19,24,153.883,0
19,25,192.676,0
19,28,111.826,0
19,29,102.243,7.70407
19,34,208.327,13.9871
19,37,236.863,9.5447
19,40,101.789,0
19,41,226.084,18.2726
19,49,312.443,20.9291
19,59,124.68,0
19,60,166.928,0
19,76,266.227,14.128
19,83,209.538,0
19,91,136.367,0
19,98,125.24,0
20,1,83.1865,0
20,2,34.6554,0
20,4,225.269,0
20,6,38.4708,0
20,7,65,0
20,11,199.123,0
20,12,187.641,0
20,15,92.1954,0
20,21,45.4863,0
20,26,218.289,0
20,30,128.39,0
20,44,162.373,0
20,45,197.408,0
20,46,130.633,0
20,47,197.314,0
20,50,91.2634,0
20,51,37.3631,0
20,58,121.852,0
20,62,51.1957,0
20,63,140.812,0
20,64,59.2284,0
20,68,142.021,0
20,71,190.205,0
20,75,111.803,0
20,78,84.1724,0
20,79,153.639,0
20,82,63.1506,0
20,89,151.476,0
20,93,125.936,0
21,1,124.808,0
21,2,50.6952,0
21,6,34.5398,0
21,7,98,0
21,11,197.426,0
21,12,185.413,0
21,15,135.68,0
21,20,45.4863,0
21,30,106.738,0
21,44,206.495,0
21,45,189.528,0
21,46,176.119,0
21,50,116.181,0
21,51,15.1327,0
21,58,151.753,0
21,62,36.7967,0
21,63,176.026,0
21,64,102.883,0
21,68,151.634,0
21,71,179.636,0
21,75,127.456,0
21,78,41.1825,0
21,79,148.862,0
21,80,225.819,0
21,82,90.802,0
21,89,128.141,0
21,93,162.028,0
22,5,206.516,0
22,8,162.8,0
22,13,115.871,0
22,19,99.8599,0
22,24,55.0273,0
22,28,87.4412,0.514212
22,29,111.355,4.91064
22,34,216.572,17.2865
22,37,156.705,1.72656
22,40,211.73,10.6219
22,41,136.565,0
22,59,25.0799,0
22,60,69.6348,0
22,67,225.559,0
22,73,182.85,0
22,76,175.582,0
22,80,264.676,13.8973
22,86,205.497,0
22,91,248.832,10.9026
22,98,224.876,0
23,4,118.596,0
23,5,122.589,0
23,7,217.697,0
23,8,224.635,0
23,9,224.511,0
23,11,197.891,0
23,12,201.896,0
23,15,211.936,0
23,26,185.626,0
23,27,116,0
23,32,212.002,0
23,35,34.9285,0
23,36,120.341,0
23,39,51.2445,0
23,45,224.929,0
23,46,232.28,0
23,50,195.249,0
23,54,17.088,0
23,55,225.73,0
23,56,142.888,0
23,58,160.975,0
23,63,145.619,0
23,64,234.957,0
23,65,227.178,0
23,67,166.012,0
23,72,112.45,0
23,73,162.89,0
23,75,188.958,0
23,76,181.207,0
23,81,183.48,0
23,84,202.299,0
23,93,160.751,0
24,5,177.722,0
24,8,111.732,0
24,13,123.037,0
24,19,153.883,0
24,22,55.0273,0
24,28,113.111,3.82208
24,29,152.329,0
24,31,227.108,0
24,34,260.905,17.8994
24,37,126.036,0
24,41,156.083,0
24,59,30.0832,0
24,60,16.2788,0
24,67,227.238,0
24,73,144.201,0
24,76,175.354,0
24,86,163.233,0
24,87,208.856,0
25,0,115.109,0
25,19,192.676,0
25,29,248.615,21.3244
25,34,160.179,11.5864
25,40,90.934,0
25,49,104.465,3.61148
25,83,25.4951,0
25,91,58.3095,0
25,92,90.6035,0
25,95,159.301,7.90742
25,98,119.754,0
26,1,167.003,0
26,4,67.0522,0
26,7,176.139,0
26,15,127.475,0
26,17,79.7621,0
26,20,218.289,0
26,23,185.626,0
26,32,232.998,0
26,35,220.438,0
26,36,175.866,0
26,38,193.186,0
26,44,110.023,0
26,46,96.0469,0
26,47,95.462,0
26,50,181.739,0
26,54,168.55,0
26,55,105.095,0
26,56,205.913,0
26,58,154.201,0
26,63,122.874,0
26,64,159.931,0
26,69,195.256,0
26,72,170.892,0
26,75,203.199,0
26,82,217.389,0
26,85,67.082,0
26,93,126.372,0
27,3,222.713,0
27,4,229.297,0
27,5,99.5389,0
27,8,138.293,0
27,9,180.413,0
27,23,116,0
27,31,135.37,0
27,32,229.924,0
27,35,84.0238,0
27,36,165.245,0
27,39,81.939,0
27,48,202.054,0
27,54,131.894,0
27,56,165.17,0
27,66,132.076,0
27,67,214.457,0
27,72,162.003,0
27,73,100.265,0
27,76,199.249,0
27,81,87.367,0
27,84,123.016,0
27,87,143.122,0
28,8,219.026,4.43058
28,13,33.3017,0
28,19,111.826,0
28,22,87.4412,0.514212
28,24,113.111,3.82208
28,29,171.174,7.70242
28,34,300.296,25.0247
28,37,118.021,5.3217
28,40,213.467,0
28,41,221.551,0
28,59,99.0057,2.80661
28,60,116.194,4.02674
28,86,207.637,12.9024
28,98,220.912,0
29,11,339.003,28.5811
29,13,204.573,7.95989
29,19,102.243,7.70407
29,22,111.355,4.91064
29,24,152.329,0
29,25,248.615,21.3244
29,28,171.174,7.70242
29,34,121.417,7.61886
29,40,141.549,11.7958
29,41,147.099,11.4194
29,45,322.379,27.529
29,49,246.077,13.6691
29,59,123.016,0
29,60,168.146,0
29,67,282.483,23.0164
29,76,200.96,9.54601
29,80,268.496,22.2852
29,83,266.569,22.3496
29,91,183.095,15.6939
29,95,298.559,23.4681
29,98,176.01,9.75708
30,1,207.625,0
30,2,152.738,0
30,6,90.0888,0
30,7,124.535,0
30,11,107.042,0
30,12,95.7131,0
30,15,178.617,0
30,20,128.39,0
30,21,106.738,0
30,41,249.126,14.9985
30,45,90.6091,0
30,46,232.725,0
30,49,269.354,16.6677
30,50,114.022,0
30,51,120.83,0
30,58,145.89,0
30,62,78.0064,0
30,63,178.617,0
30,64,155.641,0
30,67,156.975,0
30,75,97.5295,0
30,76,201.457,0
30,78,82.4197,0
30,80,119.62,0
30,82,190.011,0
30,89,220.411,0
30,93,170.857,0
30,95,182.833,0
31,3,98.4886,0
31,5,191.982,0
31,8,123.491,0
31,9,218.769,0
31,10,157.471,0
31,16,223.143,0
31,18,233.452,0
31,24,227.108,0
31,27,135.37,0
31,35,218.497,0
31,39,212.417,0
31,48,86.0058,0
31,57,163.783,0
31,60,214.981,0
31,66,39.4081,0
31,73,153.883,0
31,81,110.018,0
31,84,142.773,0
31,86,192.865,0
31,87,21.095,0
31,88,226.566,0
31,90,175.454,0
31,97,145.279,0
32,4,208.614,0
32,9,115.412,0
32,14,95.483,0
32,23,212.002,0
32,26,232.998,0
32,27,229.924,0
32,35,222.767,0
32,36,92.7847,0
32,38,96.2549,0
32,42,218.289,0
32,43,215.407,0
32,52,180.569,0
32,53,127.613,0
32,54,207.772,0
32,55,164.259,0
32,56,70.7672,0
32,61,184.329,0
32,65,18.0278,0
32,69,100.464,0
32,72,101.213,0
32,81,204.01,0
32,84,176.238,0
32,85,225.539,0
33,3,197.294,0
33,9,202.606,0
33,10,106.508,0
33,16,171.843,0
33,18,226.497,0
33,48,189.283,0
33,52,150.791,0
33,57,152.532,0
33,61,160.705,0
33,66,228.232,0
33,70,69.9714,0
33,74,148.385,0
33,77,73.0068,0
33,84,207.068,0
33,88,153.326,0
33,90,87.6641,0
33,94,22.3607,0
33,97,158.337,1.19894
34,11,206.606,2.05405
34,12,219.176,4.91334
34,19,208.327,13.9871
34,22,216.572,17.2865
34,24,260.905,17.8994
34,25,160.179,11.5864
34,28,300.296,25.0247
34,29,121.417,7.61886
34,40,127.68,10.1177
34,41,198.756,13.9075
34,45,204.566,7.43775
34,49,114.659,8.3695
34,59,235.886,17.8233
34,60,277.177,18.2411
34,67,226.795,9.48811
34,76,275.452,23.0656
34,80,157.952,8.93252
34,83,185.86,12.3352
34,91,141.324,11.8405
34,92,247.774,13.3298
34,95,197.267,13.6273
34,98,209.537,17.1764
35,4,153.444,0
35,5,93.6803,0
35,8,190.434,0
35,9,216.899,0
35,11,200.821,0
35,12,206.712,0
35,23,34.9285,0
35,26,220.438,0
35,27,84.0238,0
35,31,218.497,0
35,32,222.767,0
35,36,135.624,0
35,39,21.0238,0
35,41,231.251,0
35,45,227.985,0
35,50,218.563,0
35,54,52,0
35,56,152.03,0
35,58,186.497,0
35,63,175,0
35,66,215.796,0
35,67,162.049,0
35,72,128.798,0
35,73,130.035,0
35,75,208.339,0
35,76,167.093,0
35,81,159.201,0
35,84,183.535,0
35,87,224.321,0
35,93,189.834,0
36,4,131.7,0
36,5,226.738,0
36,9,144.848,0
36,14,186.473,0
36,23,120.341,0
36,26,175.866,0
36,27,165.245,0
36,32,92.7847,0
36,35,135.624,0
36,38,141.089,0
36,39,156.461,0
36,53,219.968,0
36,54,115.109,0
36,55,151.921,0
36,56,32.3883,0
36,63,215.149,0
36,65,109.124,0
36,69,146.164,0
36,72,8.544,0
36,81,175.308,0
36,84,166.712,0
36,85,194.805,0
36,93,229.009,0
37,8,179,0
37,13,84.4808,0
37,19,236.863,9.5447
37,22,156.705,1.72656
37,24,126.036,0
37,28,118.021,5.3217
37,59,140.464,0
37,60,114.28,0
37,86,72.8011,0
37,87,222.036,0
38,4,198.436,0
38,9,211.54,0
38,14,106.705,0
38,17,203.767,0
38,26,193.186,0
38,32,96.2549,0
38,36,141.089,0
38,43,224.288,0
38,53,140.357,0
38,55,95.2575,0
38,56,140.289,0
38,65,104.01,0
38,69,5.09902,0
38,72,146.441,0
38,85,160.253,0
39,4,168.834,0
39,5,73.0068,0
39,8,173.922,0
39,9,231.199,0
39,11,188.247,0
39,12,195.028,0
39,23,51.2445,0
39,27,81.939,0
39,31,212.417,0
39,35,21.0238,0
39,36,156.461,0
39,41,211.454,0
39,45,215.205,0
39,50,218.257,0
39,54,67.897,0
39,56,172.003,0
39,58,188.322,0
39,63,180.38,0
39,66,213.49,0
39,67,146.731,0
39,72,149.723,0
39,73,111.647,0
39,75,205.302,0
39,76,147.899,0
39,81,163.918,0
39,84,192.065,0
39,87,216.375,0
39,93,194.743,0
40,0,175.354,0
40,19,101.789,0
40,22,211.73,10.6219
40,25,90.934,0
40,28,213.467,0
40,29,141.549,11.7958
40,34,127.68,10.1177
40,41,321.502,21.627
40,49,141.143,11.3052
40,59,237.419,11.247
40,80,311.513,26.7031
40,83,109.073,0
40,91,37.108,0
40,92,156.544,0
40,95,237.617,20.3775
40,98,77.7817,0
41,5,154.923,0
41,8,198.116,0
41,11,122.801,0
41,12,134.818,0.522486
41,19,226.084,18.2726
41,22,136.565,0
41,24,156.083,0
41,28,221.551,0
41,29,147.099,11.4194
41,30,249.126,14.9985
41,34,198.756,13.9075
41,35,231.251,0
41,39,211.454,0
41,40,321.502,21.627
41,45,148.081,9.31981
41,49,287.067,19.0553
41,59,141.354,0
41,60,170.414,0
41,67,100.841,0
41,73,167.905,0
41,75,220.839,0
41,76,65.4599,0
41,80,134.557,11.2471
41,91,345.623,27.708
41,95,228.003,15.4764
42,9,232.659,0
42,14,139.129,0
42,32,218.289,0
42,43,42.5441,0
42,52,137.277,0
42,53,104.043,0
42,61,121.807,0
42,65,201.109,0
42,74,158.382,0
42,96,24.6982,0
42,99,122.115,0
43,14,125.591,0
43,32,215.407,0
43,38,224.288,0
43,42,42.5441,0
43,52,170.496,0
43,53,89.6939,0
43,61,156.08,0
43,65,199.692,0
43,69,222.812,0
43,74,200.871,0
43,96,33.1059,0
43,99,127.883,0
44,1,83.8153,0
44,2,164.201,0
44,4,163.417,0
44,6,196.125,0
44,7,154.984,0
44,15,104.235,0
44,17,93.3006,0
44,20,162.373,0
44,21,206.495,0
44,26,110.023,0
44,46,51.0882,0
44,47,36.3593,0
44,50,177.725,0
44,51,194.558,0
44,55,193.003,0
44,58,171.105,0
44,62,208.849,0
44,63,154.353,0
44,64,120.934,0
44,68,177,0
44,75,207.183,0
44,79,220.907,0
44,82,132.834,0
44,85,129.557,0
44,93,146.113,0
45,2,228.239,0
45,5,197.942,0
45,6,163.615,0
45,7,164.027,0
45,11,27.2029,0
45,12,24.7588,0
45,15,211.589,0
45,20,197.408,0
45,21,189.528,0
45,23,224.929,0
45,29,322.379,27.529
45,30,90.6091,0
45,34,204.566,7.43775
45,35,227.985,0
45,39,215.205,0
45,41,148.081,9.31981
45,49,229.875,14.4677
45,50,138.177,0
45,51,201.718,0
45,54,226.312,0
45,58,151.347,0
45,62,154.742,0
45,63,180.228,0
45,64,201.002,0
45,67,73.6817,0
45,75,108.674,0
45,76,112.004,0
45,78,172.073,0
45,80,52.9245,0
45,93,179.939,0
45,95,170.182,0
46,1,71.0282,0
46,2,142.338,0
46,4,131.061,0
46,6,159.138,0
46,7,108.674,0
46,15,55.3624,0
46,17,118.106,0
46,20,130.633,0
46,21,176.119,0
46,23,232.28,0
46,26,96.0469,0
46,30,232.725,0
46,44,51.0882,0
46,47,75.3923,0
46,50,128.577,0
46,51,166.58,0
46,54,216.449,0
46,55,196.469,0
46,58,120.037,0
46,62,171.126,0
46,63,104.12,0
46,64,78.7464,0
46,68,187.086,0
46,75,157.496,0
46,78,213.49,0
46,79,225.144,0
46,82,121.413,0
46,85,140.872,0
46,93,95.1893,0
47,1,120.104,0
47,2,200.42,0
47,4,157.813,0
47,6,229.889,0
47,7,183.897,0
47,15,130.74,0
47,17,58.2495,0
47,20,197.314,0
47,26,95.462,0
47,44,36.3593,0
47,46,75.3923,0
47,50,203.666,0
47,51,230.289,0
47,55,163.23,0
47,58,191.638,0
47,63,170.003,0
47,64,152.122,0
47,68,208.866,0
47,75,232.157,0
47,82,169.118,0
47,85,98.2497,0
47,93,164.514,0
48,3,25.0799,0
48,8,207.8,0
48,9,213.413,0
48,10,83.4506,0
48,16,141.315,0
48,18,162.274,0
48,27,202.054,0
48,31,86.0058,0
48,33,189.283,0
48,57,78.8543,0
48,66,70.214,0
48,70,192.925,0
48,81,140.089,0
48,84,150.615,0
48,86,231.815,0
48,87,98.8433,0
48,88,142.369,0
48,90,102.552,0
48,94,167.475,0
48,97,59.8415,0
49,0,219.458,3.92764
49,11,253.223,15.4664
49,12,255.778,15.4426
49,19,312.443,20.9291
49,25,104.465,3.61148
49,29,246.077,13.6691
49,30,269.354,16.6677
49,34,114.659,8.3695
49,40,141.143,11.3052
49,41,287.067,19.0553
49,45,229.875,14.4677
49,67,299.816,23.5575
49,76,320.022,27.4439
49,80,180.754,13.9657
49,83,128.945,3.82396
49,91,115.492,3.28715
49,92,194.714,3.94732
49,95,99.8888,6.65926
49,98,186.583,3.42661
50,1,131.32,0
50,2,125.603,0
50,4,162.693,0
50,6,82.201,0
50,7,30.8869,0
50,11,129.248,0
50,12,120,0
50,15,73.5459,0
50,20,91.2634,0
50,21,116.181,0
50,23,195.249,0
50,26,181.739,0
50,30,114.022,0
50,35,218.563,0
50,39,218.257,0
50,44,177.725,0
50,45,138.177,0
50,46,128.577,0
50,47,203.666,0
50,51,118.68,0
50,54,185.952,0
50,58,37.2156,0
50,62,86.0233,0
50,63,67.4166,0
50,64,66.2193,0
50,67,156.952,0
50,68,227.906,0
50,75,30.0167,0
50,76,208.543,0
50,78,133.304,0
50,80,189.842,0
50,82,143.405,0
50,93,57.4543,0
51,1,111.946,0
51,2,35.7351,0
51,6,41.0366,0
51,7,97.1648,0
51,11,208.331,0
51,12,196.38,0
51,15,129.522,0
51,20,37.3631,0
51,21,15.1327,0
51,30,120.83,0
51,44,194.558,0
51,45,201.718,0
51,46,166.58,0
51,47,230.289,0
51,50,118.68,0
51,58,152.801,0
51,62,47.1699,0
51,63,174.929,0
51,64,96.5401,0
51,68,137.528,0
51,71,169.759,0
51,75,133.147,0
51,78,55.5428,0
51,79,137.306,0
51,82,75.8947,0
51,89,122.119,0
51,93,160.449,0
52,9,125,0
52,10,198.58,0
52,14,164.785,0
52,32,180.569,0
52,33,150.791,0
52,42,137.277,0
52,43,170.496,0
52,53,152.958,0
52,56,219.082,0
52,61,16.1245,0
52,65,163.982,0
52,70,220.477,0
52,74,120,0
52,77,179.878,0
52,81,226.374,0
52,84,184.133,0
52,90,184.329,0
52,94,153.16,0
52,96,161.818,0
53,9,186.035,0
53,14,36.1386,0
53,32,127.613,0
53,36,219.968,0
53,38,140.357,0
53,42,104.043,0
53,43,89.6939,0
53,52,152.958,0
53,56,197.74,0
53,61,144.803,0
53,65,113.217,0
53,69,139.807,0
53,72,228.265,0
53,74,233.658,0
53,96,114.756,0
53,99,216.76,0
54,4,101.514,0
54,5,138.13,0
54,7,206.891,0
54,9,229.218,0
54,11,199.602,0
54,12,202.628,0
54,15,198.114,0
54,23,17.088,0
54,26,168.55,0
54,27,131.894,0
54,32,207.772,0
54,35,52,0
54,36,115.109,0
54,39,67.897,0
54,45,226.312,0
54,46,216.449,0
54,50,185.952,0
54,55,211.021,0
54,56,140.46,0
54,58,150.615,0
54,63,132.85,0
54,64,222.281,0
54,65,223.647,0
54,67,171.406,0
54,72,106.832,0
54,73,179.48,0
54,75,182.025,0
54,76,190.83,0
54,81,195.941,0
54,84,212.257,0
54,85,221.199,0
54,93,148.071,0
55,4,133.405,0
55,14,201.683,0
55,15,232.562,0
55,17,109.768,0
55,23,225.73,0
55,26,105.095,0
55,32,164.259,0
55,36,151.921,0
55,38,95.2575,0
55,44,193.003,0
55,46,196.469,0
55,47,163.23,0
55,54,211.021,0
55,56,170.309,0
55,63,220.048,0
55,65,178.718,0
55,69,96.0208,0
55,72,152.122,0
55,85,65.307,0
55,93,226.63,0
56,4,164,0
56,9,113.596,0
56,14,166.244,0
56,23,142.888,0
56,26,205.913,0
56,27,165.17,0
56,32,70.7672,0
56,35,152.03,0
56,36,32.3883,0
56,38,140.289,0
56,39,172.003,0
56,52,219.082,0
56,53,197.74,0
56,54,140.46,0
56,55,170.309,0
56,61,227.141,0
56,65,84.6463,0
56,69,145.344,0
56,72,40.05,0
56,81,158.808,0
56,84,143.736,0
56,85,219.317,0
57,3,67.2681,0
57,10,76.9025,0
57,16,64.8999,0
57,18,100.623,0
57,31,163.783,0
57,33,152.532,0
57,48,78.8543,0
57,66,148,0
57,70,130.668,0
57,77,208.01,0
57,81,207.608,0
57,84,206.303,0
57,87,174.011,0
57,88,63.6003,0
57,90,88.0511,0
57,94,138.244,1.58116
57,97,19.3132,0
58,1,142.688,0
58,2,154.768,0
58,4,127.475,0
58,5,224.109,0
58,6,118.423,0
58,7,56.8595,0
58,11,136.125,0
58,12,129.402,0
58,15,71.4703,0
58,17,218.009,0
58,20,121.852,0
58,21,151.753,0
58,23,160.975,0
58,26,154.201,0
58,30,145.89,0
58,35,186.497,0
58,39,188.322,0
58,44,171.105,0
58,45,151.347,0
58,46,120.037,0
58,47,191.638,0
58,50,37.2156,0
58,51,152.801,0
58,54,150.615,0
58,62,123.016,0
58,63,32.8024,0
58,64,80.7217,0
58,67,152.069,0
58,72,234.337,0
58,75,49.5177,0
58,76,201.427,0
58,78,170.496,0
58,80,204.267,0
58,82,165.759,0
58,85,220.495,0
58,93,28.6356,0
59,5,190.394,0
59,8,138.539,0
59,13,117.903,0
59,19,124.68,0
59,22,25.0799,0
59,24,30.0832,0
59,28,99.0057,2.80661
59,29,123.016,0
59,34,235.886,17.8233
59,37,140.464,0
59,40,237.419,11.247
59,41,141.354,0
59,60,45.2769,0
59,67,222.733,0
59,73,162.791,0
59,76,171.4,0
59,86,186.682,0
60,5,180,0
60,8,103.6,0
60,13,121.495,0
60,19,166.928,0
60,22,69.6348,0
60,24,16.2788,0
60,28,116.194,4.02674
60,29,168.146,0
60,31,214.981,0
60,34,277.177,18.2411
60,37,114.28,0
60,41,170.414,0
60,59,45.2769,0
60,73,142.972,0
60,76,185.925,0
60,86,147.648,0
60,87,196.224,0
61,9,137.801,0
61,10,213.565,0
61,14,159.806,0
61,32,184.329,0
61,33,160.705,0
61,42,121.807,0
61,43,156.08,0
61,52,16.1245,0
61,53,144.803,0
61,56,227.141,0
61,65,167.171,0
61,70,229.787,0
61,74,112.872,0
61,77,183.935,0
61,84,199.251,0
61,90,198.91,0
61,94,164.76,0
61,96,146.25,0
61,99,224.475,0
62,1,133.33,0
62,2,75.3127,0
62,6,13,0
62,7,75.2728,0
62,11,161.236,0
62,12,149.265,0
62,15,122.886,0
62,20,51.1957,0
62,21,36.7967,0
62,30,78.0064,0
62,44,208.849,0
62,45,154.742,0
62,46,171.126,0
62,50,86.0233,0
62,51,47.1699,0
62,58,123.016,0
62,63,150.615,0
62,64,92.7631,0
62,67,205.139,0
62,68,183.109,0
62,71,216.178,0
62,75,92.6984,0
62,78,48.2701,0
62,79,184.44,0
62,80,194.031,0
62,82,112.004,0
62,89,164.615,0
62,93,137.873,0
63,1,142.843,0
63,2,171.094,0
63,4,95.3415,0
63,5,225.878,0
63,6,144.347,0
63,7,78.0577,0
63,11,162.585,0
63,12,157.178,0
63,15,67.8823,0
63,17,190.421,0
63,20,140.812,0
63,21,176.026,0
63,23,145.619,0
63,26,122.874,0
63,30,178.617,0
63,35,175,0
63,36,215.149,0
63,39,180.38,0
63,44,154.353,0
63,45,180.228,0
63,46,104.12,0
63,47,170.003,0
63,50,67.4166,0
63,51,174.929,0
63,54,132.85,0
63,55,220.048,0
63,58,32.8024,0
63,62,150.615,0
63,64,89.4427,0
63,67,171.187,0
63,72,207.06,0
63,75,82.2192,0
63,76,217.589,0
63,78,198.759,0
63,80,233.026,0
63,82,174.929,0
63,85,189.679,0
63,93,15.2315,0
64,1,65.146,0
64,2,83.863,0
64,4,167.003,0
64,6,81.2158,0
64,7,37.054,0
64,11,194.612,0
64,12,184.784,0
64,15,32.9848,0
64,17,196.621,0
64,20,59.2284,0
64,21,102.883,0
64,23,234.957,0
64,26,159.931,0
64,30,155.641,0
64,44,120.934,0
64,45,201.002,0
64,46,78.7464,0
64,47,152.122,0
64,50,66.2193,0
64,51,96.5401,0
64,54,222.281,0
64,58,80.7217,0
64,62,92.7631,0
64,63,89.4427,0
64,67,222.946,0
64,68,170.182,0
64,71,233.927,0
64,75,95.7079,0
64,78,137.058,0
64,79,194.589,0
64,82,86.0233,0
64,85,215.541,0
64,89,205.01,0
64,93,74.2428,0
65,4,226.638,0
65,9,109.11,0
65,14,83.2346,0
65,23,227.178,0
65,32,18.0278,0
65,36,109.124,0
65,38,104.01,0
65,42,201.109,0
65,43,199.692,0
65,52,163.982,0
65,53,113.217,0
65,54,223.647,0
65,55,178.718,0
65,56,84.6463,0
65,61,167.171,0
65,69,107.703,0
65,72,117.631,0
65,81,205.973,0
65,84,175.285,0
65,96,218.689,0
66,3,90.802,0
66,5,206.495,0
66,8,156.17,0
66,9,182.65,0
66,10,125.929,0
66,16,211.405,0
66,18,230.801,0
66,27,132.076,0
66,31,39.4081,0
66,33,228.232,0
66,35,215.796,0
66,39,213.49,0
66,48,70.214,0
66,57,148,0
66,73,175.183,0
66,81,81.9085,0
66,84,108.116,0
66,86,230.217,0
66,87,60.4649,0
66,88,211.559,0
66,90,142.72,0
66,94,205.937,0
66,97,128.705,0
67,4,230.489,0
67,5,124.338,0
67,6,210.753,0
67,7,187.553,0
67,8,220.22,0
67,11,50.3289,0
67,12,61.2699,0
67,15,222.623,0
67,22,225.559,0
67,23,166.012,0
67,24,227.238,0
67,27,214.457,0
67,29,282.483,23.0164
67,30,156.975,0
67,34,226.795,9.48811
67,35,162.049,0
67,39,146.731,0
67,41,100.841,0
67,45,73.6817,0
67,49,299.816,23.5575
67,50,156.952,0
67,54,171.406,0
67,58,152.069,0
67,59,222.733,0
67,62,205.139,0
67,63,171.187,0
67,64,222.946,0
67,73,164.003,0
67,75,128.86,0
67,76,51.8845,0
67,78,233.212,0
67,80,100.846,0
67,93,177.102,0
67,95,225.843,0
68,1,119.507,0
68,2,109.165,0
68,6,173.626,0
68,7,197.649,0
68,15,191.128,0
68,20,142.021,0
68,21,151.634,0
68,44,177,0
68,46,187.086,0
68,47,208.866,0
68,50,227.906,0
68,51,137.528,0
68,62,183.109,0
68,64,170.182,0
68,71,82.6075,0
68,78,184.459,0
68,79,47.4236,0
68,82,84.8646,0
68,89,105.38,0
69,4,201.943,0
69,9,215.613,0
69,14,106.733,0
69,17,203.855,0
69,26,195.256,0
69,32,100.464,0
69,36,146.164,0
69,38,5.09902,0
69,43,222.812,0
69,53,139.807,0
69,55,96.0208,0
69,56,145.344,0
69,65,107.703,0
69,72,151.489,0
69,85,160.702,0
70,3,191.93,0
70,10,124,0
70,16,123.004,0
70,18,176.264,0
70,33,69.9714,0
70,48,192.925,0
70,52,220.477,0
70,57,130.668,0
70,61,229.787,0
70,74,198.116,0
70,77,84.5813,0
70,88,103.755,0
70,90,110.766,0
70,94,75.0733,0
70,97,142.299,0
71,1,194.941,0
71,2,155.901,0
71,6,210.737,0
71,20,190.205,0
71,21,179.636,0
71,51,169.759,0
71,62,216.178,0
71,64,233.927,0
71,68,82.6075,0
71,78,198.245,0
71,79,40.2616,0
71,82,149.94,0
71,89,66.6108,0
72,4,124.724,0
72,5,220.565,0
72,9,151.222,0
72,14,194.62,0
72,17,232.659,0
72,23,112.45,0
72,26,170.892,0
72,27,162.003,0
72,32,101.213,0
72,35,128.798,0
72,36,8.544,0
72,38,146.441,0
72,39,149.723,0
72,53,228.265,0
72,54,106.832,0
72,55,152.122,0
72,56,40.05,0
72,58,234.337,0
72,63,207.06,0
72,65,117.631,0
72,69,151.489,0
72,81,176.386,0
72,84,169.8,0
72,85,192.52,0
72,93,221.002,0
73,5,49.4065,0
73,8,65.8635,0
73,11,214.308,0
73,12,225.204,0
73,22,182.85,0
73,23,162.89,0
73,24,144.201,0
73,27,100.265,0
73,31,153.883,0
73,35,130.035,0
73,39,111.647,0
73,41,167.905,0
73,54,179.48,0
73,59,162.791,0
73,60,142.972,0
73,66,175.183,0
73,67,164.003,0
73,76,128.269,0
73,81,172.905,0
73,84,214.14,0
73,86,233.026,0
73,87,147.122,0
74,33,148.385,0
74,42,158.382,0
74,43,200.871,0
74,52,120,0
74,53,233.658,0
74,61,112.872,0
74,70,198.116,0
74,77,120.814,0
74,90,225.869,0
74,94,165.946,0
74,96,173.968,0
74,99,197.821,0
75,1,160.562,0
75,2,146.414,0
75,4,175.642,0
75,5,225.515,0
75,6,93.0591,0
75,7,59.203,0
75,11,99.2472,0
75,12,90.0056,0
75,15,102.956,0
75,20,111.803,0
75,21,127.456,0
75,23,188.958,0
75,26,203.199,0
75,30,97.5295,0
75,35,208.339,0
75,39,205.302,0
75,41,220.839,0
75,44,207.183,0
75,45,108.674,0
75,46,157.496,0
75,47,232.157,0
75,50,30.0167,0
75,51,133.147,0
75,54,182.025,0
75,58,49.5177,0
75,62,92.6984,0
75,63,82.2192,0
75,64,95.7079,0
75,67,128.86,0
75,76,180.701,0
75,78,135.636,0
75,80,160.801,0
75,82,168.76,0
75,93,76.8375,0
76,5,100.439,0
76,8,176.706,0
76,11,95.5877,0
76,12,107.564,0
76,19,266.227,14.128
76,22,175.582,0
76,23,181.207,0
76,24,175.354,0
76,27,199.249,0
76,29,200.96,9.54601
76,30,201.457,0
76,34,275.452,23.0656
76,35,167.093,0
76,39,147.899,0
76,41,65.4599,0
76,45,112.004,0
76,49,320.022,27.4439
76,50,208.543,0
76,54,190.83,0
76,58,201.427,0
76,59,171.4,0
76,60,185.925,0
76,63,217.589,0
76,67,51.8845,0
76,73,128.269,0
76,75,180.701,0
76,80,117.209,0
76,93,225.009,0
76,95,232.596,0
77,10,176.664,0
77,16,207.576,0
77,33,73.0068,0
77,52,179.878,0
77,57,208.01,0
77,61,183.935,0
77,70,84.5813,0
77,74,120.814,0
77,88,188.311,0
77,90,158.496,0
77,94,94.921,0
77,97,215.928,0
78,1,165.653,0
78,2,91.1811,0
78,6,56.8595,0
78,7,123.369,0
78,11,185.151,0
78,12,173.234,0
78,15,168.716,0
78,20,84.1724,0
78,21,41.1825,0
78,30,82.4197,0
78,45,172.073,0
78,46,213.49,0
78,50,133.304,0
78,51,55.5428,0
78,58,170.496,0
78,62,48.2701,0
78,63,198.759,0
78,64,137.058,0
78,67,233.212,0
78,68,184.459,0
78,71,198.245,0
78,75,135.636,0
78,79,173.297,0
78,80,200.883,0
78,82,131.32,0
78,89,138.058,0
78,93,186.132,0
79,1,154.742,0
79,2,119.004,0
79,6,177.609,0
79,7,216.009,0
79,15,220.239,0
79,20,153.639,0
79,21,148.862,0
79,44,220.907,0
79,46,225.144,0
79,51,137.306,0
79,62,184.44,0
79,64,194.589,0
79,68,47.4236,0
79,71,40.2616,0
79,78,173.297,0
79,82,109.932,0
79,89,63.5295,0
80,5,215.523,0
80,6,204.57,0
80,7,214.238,0
80,11,73.2462,0
80,12,76.1577,0
80,21,225.819,0
80,22,264.676,13.8973
80,29,268.496,22.2852
80,30,119.62,0
80,34,157.952,8.93252
80,40,311.513,26.7031
80,41,134.557,11.2471
80,45,52.9245,0
80,49,180.754,13.9657
80,50,189.842,0
80,58,204.267,0
80,62,194.031,0
80,63,233.026,0
80,67,100.846,0
80,75,160.801,0
80,76,117.209,0
80,78,200.883,0
80,93,232.863,0
80,95,125.399,0
81,3,164.402,0
81,5,184.816,0
81,8,184.765,0
81,9,116.362,0
81,10,156.541,0
81,23,183.48,0
81,27,87.367,0
81,31,110.018,0
81,32,204.01,0
81,35,159.201,0
81,36,175.308,0
81,39,163.918,0
81,48,140.089,0
81,52,226.374,0
81,54,195.941,0
81,56,158.808,0
81,57,207.608,0
81,65,205.973,0
81,66,81.9085,0
81,72,176.386,0
81,73,172.905,0
81,84,42.4264,0
81,87,128.316,0
81,90,166.397,0
81,94,216.002,0
81,97,189.13,0
82,1,51.4198,0
82,2,40.1622,0
82,6,100.18,0
82,7,112.929,0
82,15,110.309,0
82,17,225.61,0
82,20,63.1506,0
82,21,90.802,0
82,26,217.389,0
82,30,190.011,0
82,44,132.834,0
82,46,121.413,0
82,47,169.118,0
82,50,143.405,0
82,51,75.8947,0
82,58,165.759,0
82,62,112.004,0
82,63,174.929,0
82,64,86.0233,0
82,68,84.8646,0
82,71,149.94,0
82,75,168.76,0
82,78,131.32,0
82,79,109.932,0
82,89,132.85,0
82,93,159.85,0
83,0,90.5539,0
83,19,209.538,0
83,25,25.4951,0
83,29,266.569,22.3496
83,34,185.86,12.3352
83,40,109.073,0
83,49,128.945,3.82396
83,91,73.171,0
83,92,65.7343,0
83,95,161.301,0
83,98,122.201,0
84,3,175.693,0
84,5,222.389,0
84,8,227.02,0
84,9,76.5506,0
84,10,143.126,0
84,23,202.299,0
84,27,123.016,0
84,31,142.773,0
84,32,176.238,0
84,33,207.068,0
84,35,183.535,0
84,36,166.712,0
84,39,192.065,0
84,48,150.615,0
84,52,184.133,0
84,54,212.257,0
84,56,143.736,0
84,57,206.303,0
84,61,199.251,0
84,65,175.285,0
84,66,108.116,0
84,72,169.8,0
84,73,214.14,0
84,81,42.4264,0
84,87,162.742,0
84,90,148.486,0
84,94,188.566,0
84,97,189.447,0
85,1,206.228,0
85,4,124.403,0
85,15,185.068,0
85,17,45.1885,0
85,26,67.082,0
85,32,225.539,0
85,36,194.805,0
85,38,160.253,0
85,44,129.557,0
85,46,140.872,0
85,47,98.2497,0
85,54,221.199,0
85,55,65.307,0
85,56,219.317,0
85,58,220.495,0
85,63,189.679,0
85,64,215.541,0
85,69,160.702,0
85,72,192.52,0
85,93,192.276,0
86,3,220.239,0
86,8,167.431,0
86,13,157.166,0
86,22,205.497,0
86,24,163.233,0
86,28,207.637,12.9024
86,31,192.865,0
86,37,72.8011,0
86,48,231.815,0
86,59,186.682,0
86,60,147.648,0
86,66,230.217,0
86,73,233.026,0
86,87,172.696,0
87,3,107.075,0
87,5,188.743,0
87,8,109.037,0
87,10,174.866,0
87,16,230.521,0
87,24,208.856,0
87,27,143.122,0
87,31,21.095,0
87,35,224.321,0
87,37,222.036,0
87,39,216.375,0
87,48,98.8433,0
87,57,174.011,0
87,60,196.224,0
87,66,60.4649,0
87,73,147.122,0
87,81,128.316,0
87,84,162.742,0
87,86,172.696,0
87,90,193.238,0
87,97,156.259,0
88,3,128.561,0
88,10,121.38,0
88,16,19.3132,0
88,18,73.7564,0
88,31,226.566,0
88,33,153.326,0
88,48,142.369,0
88,57,63.6003,0
88,66,211.559,0
88,70,103.755,0
88,77,188.311,0
88,90,123.822,0
88,94,143.349,0
88,97,82.8613,0
89,1,183.992,0
89,2,121.202,0
89,6,162.077,0
89,7,216.333,0
89,20,151.476,0
89,21,128.141,0
89,30,220.411,0
89,51,122.119,0
89,62,164.615,0
89,64,205.01,0
89,68,105.38,0
89,71,66.6108,0
89,78,138.058,0
89,79,63.5295,0
89,82,132.85,0
90,3,113.719,0
90,9,175.602,0
90,10,19.105,0
90,16,136.473,0
90,18,184.358,0
90,31,175.454,0
90,33,87.6641,0
90,48,102.552,0
90,52,184.329,0
90,57,88.0511,0
90,61,198.91,0
90,66,142.72,0
90,70,110.766,0
90,74,225.869,0
90,77,158.496,0
90,81,166.397,0
90,84,148.486,0
90,87,193.238,0
90,88,123.822,0
90,94,65.4599,0
90,97,82.3772,0
91,0,139.607,0
91,19,136.367,0
91,22,248.832,10.9026
91,25,58.3095,0
91,29,183.095,15.6939
91,34,141.324,11.8405
91,40,37.108,0
91,41,345.623,27.708
91,49,115.492,3.28715
91,83,73.171,0
91,92,119.921,0
91,95,208.976,15.935
91,98,72.45,0
92,0,25.0799,0
92,25,90.6035,0
92,34,247.774,13.3298
92,40,156.544,0
92,49,194.714,3.94732
92,83,65.7343,0
92,91,119.921,0
92,95,224.216,0
92,98,135.204,0
93,1,128.888,0
93,2,155.939,0
93,4,106.254,0
93,6,130.981,0
93,7,64.0703,0
93,11,164.201,0
93,12,157.801,0
93,15,54.037,0
93,17,189.41,0
93,20,125.936,0
93,21,162.028,0
93,23,160.751,0
93,26,126.372,0
93,30,170.857,0
93,35,189.834,0
93,36,229.009,0
93,39,194.743,0
93,44,146.113,0
93,45,179.939,0
93,46,95.1893,0
93,47,164.514,0
93,50,57.4543,0
93,51,160.449,0
93,54,148.071,0
93,55,226.63,0
93,58,28.6356,0
93,62,137.873,0
93,63,15.2315,0
93,64,74.2428,0
93,67,177.102,0
93,72,221.002,0
93,75,76.8375,0
93,76,225.009,0
93,78,186.132,0
93,80,232.863,0
93,82,159.85,0
93,85,192.276,0
94,3,176.309,0
94,9,190.287,0
94,10,84.4038,0
94,16,161.028,0
94,18,215.084,0
94,33,22.3607,0
94,48,167.475,0
94,52,153.16,0
94,57,138.244,1.58116
94,61,164.76,0
94,66,205.937,0
94,70,75.0733,0
94,74,165.946,0
94,77,94.921,0
94,81,216.002,0
94,84,188.566,0
94,88,143.349,0
94,90,65.4599,0
94,97,136.693,0
95,11,195.412,0
95,12,194.918,0
95,25,159.301,7.90742
95,29,298.559,23.4681
95,30,182.833,0
95,34,197.267,13.6273
95,40,237.617,20.3775
95,41,228.003,15.4764
95,45,170.182,0
95,49,99.8888,6.65926
95,67,225.843,0
95,76,232.596,0
95,80,125.399,0
95,83,161.301,0
95,91,208.976,15.935
95,92,224.216,0
96,14,150.814,0
96,42,24.6982,0
96,43,33.1059,0
96,52,161.818,0
96,53,114.756,0
96,61,146.25,0
96,65,218.689,0
96,74,173.968,0
96,99,103.47,0
97,3,50.6952,0
97,10,68.0074,0
97,16,83.863,0
97,18,115.663,0
97,31,145.279,0
97,33,158.337,1.19894
97,48,59.8415,0
97,57,19.3132,0
97,66,128.705,0
97,70,142.299,0
97,77,215.928,0
97,81,189.13,0
97,84,189.447,0
97,87,156.259,0
97,88,82.8613,0
97,90,82.3772,0
97,94,136.693,0
98,0,144.087,0
98,19,125.24,0
98,22,224.876,0
98,25,119.754,0
98,28,220.912,0
98,29,176.01,9.75708
98,34,209.537,17.1764
98,40,77.7817,0
98,49,186.583,3.42661
98,83,122.201,0
98,91,72.45,0
98,92,135.204,0
99,42,122.115,0
99,43,127.883,0
99,53,216.76,0
99,61,224.475,0
99,74,197.821,0
99,96,103.47,0
