0,51,30.8869,0
0,60,229.55,5.01662
0,78,199.218,0
0,90,76.5572,0
1,2,91.0659,0
1,5,118.802,0
1,8,155.081,0
1,10,113.172,0
1,12,119.038,0
1,15,150.053,0
1,19,162.003,0
1,20,69.2604,0
1,21,61.6847,0
1,26,166.208,0
1,33,184.098,0
1,34,70.2282,0
1,45,160.078,0
1,47,135.181,0
1,48,123.329,0
1,54,217.754,0
1,59,178.718,0
1,70,86.4002,0
1,72,185.785,0
1,75,189.995,0
1,83,212.361,0
1,93,181.739,0
1,94,130.465,0
1,95,141.397,0
1,96,130,0
2,1,91.0659,0
2,5,36.6742,0
2,10,125.064,0
2,12,60.1415,0
2,15,188.534,0
2,19,75.4718,0
2,20,150.233,0
2,21,32.8024,0
2,30,178.138,0
2,33,118.512,0
2,34,152.227,0
2,45,81.0432,0
2,47,69.6348,0
2,48,204.561,0
2,54,230.634,0
2,59,199.642,0
2,70,99.4082,0
2,72,102.005,0
2,75,206.051,0
2,93,96.3846,0
2,94,77.8974,0
2,95,231.4,0
2,96,184.621,0
3,6,60.8112,0
3,22,102.883,0
3,29,130.668,0
3,31,154.84,3.97085
3,32,219.185,0
3,37,215.824,0
3,38,179.011,0
3,42,230.894,0
3,49,162.865,0
3,57,212.85,0
3,68,133.701,0
3,69,174.072,0
3,74,192.826,6.87782
3,81,126.811,0
3,86,79.1202,0
3,89,198.668,0
4,7,73.5527,0
4,11,353.934,28.834
4,14,325.041,19.0712
4,16,129.557,0
4,23,127.292,10.8991
4,25,256.407,21.9823
4,27,238.208,15.99
4,28,69.3758,0
4,41,175.642,0
4,46,58.0086,0
4,50,45.8803,0
4,52,161.234,13.5523
4,53,113.653,0
4,56,134.02,8.4601
4,58,351.522,22.7149
4,62,141.792,0
4,66,118.258,0
4,67,118.512,0
4,78,216.416,0
4,84,222.569,0
4,85,355.708,22.6078
4,87,105.119,0
4,92,337.055,24.4502
4,97,150.257,12.3314
4,98,198.661,9.4129
5,1,118.802,0
5,2,36.6742,0
5,10,161.028,0
5,12,86.9253,0
5,15,225.144,0
5,19,43.2782,0
5,20,182.858,0
5,21,67.624,0
5,30,162.099,0
5,33,133.124,0
5,34,184.613,0
5,45,44.5982,0
5,47,90.9725,0
5,48,220.771,0
5,70,135.945,0
5,72,101.951,0
5,93,63.0317,0
5,94,104.216,0
5,96,189.066,0
6,3,60.8112,0
6,22,134.093,0
6,29,71.5542,0
6,31,192.026,4.72592
6,32,179.254,0
6,37,157.003,0
6,38,165.012,0
6,42,181.466,0
6,49,111.45,0
6,57,170.696,0
6,58,211.684,0
6,63,211.684,0
6,68,74.686,0
6,69,136.4,0
6,74,212.688,7.73306
6,81,66.2193,0
6,85,225.881,4.66318
6,86,77.4726,0
6,89,152.082,0
6,92,221.16,3.69736
7,4,73.5527,0
7,11,400.449,23.1984
7,14,362.044,21.9637
7,16,202.022,0
7,23,190.606,15.8466
7,25,286.759,13.8291
7,28,27.6586,0
7,41,141.421,0
7,46,113.547,0
7,50,30.8058,0
7,52,187.034,15.928
7,53,181.838,0
7,56,172.05,14.5237
7,58,320.819,16.198
7,60,315.205,9.64902
7,62,212.84,0
7,66,118.106,0
7,67,184.329,0
7,78,163.615,0
7,85,290.489,9.49934
7,87,221.333,18.7114
7,92,290.586,10.1667
7,97,82.65,6.38
7,98,324.444,27.8167
8,1,155.081,0
8,15,224.984,0
8,20,130.05,0
8,21,216.668,0
8,26,60.4401,0
8,34,127.098,0
8,36,145.774,0
8,48,58.1378,0
8,61,173.727,0
8,70,218.186,0
8,76,97.4166,0
8,84,175.14,0
8,95,16.7631,0
8,96,129.097,0
9,10,247.806,8.56205
9,11,332.154,21.2535
9,14,274.81,0.518495
9,15,205.326,6.61259
9,18,354.55,28.5863
9,23,288.182,20.192
9,27,128.155,3.45279
9,35,369.584,28.2909
9,43,49.3964,0
9,52,379.861,5.41691
9,54,138.734,7.94897
9,56,427.335,5.20472
9,59,174.333,7.34078
9,62,200.174,12.9636
9,64,294.416,15.7723
9,71,123.114,5.61665
9,73,29.2746,0
9,75,165.291,7.94232
9,77,165.718,4.46102
9,79,293.236,25.0729
9,80,294.387,24.1162
9,82,274.454,7.28321
9,83,155.711,5.60639
9,87,229.112,19.6491
9,88,338.395,23.0686
9,91,311.495,21.7018
9,98,152.412,9.11555
10,1,113.172,0
10,2,125.064,0
10,5,161.028,0
10,9,247.806,8.56205
10,12,89.0505,0
10,15,68.0294,0
10,19,192.398,0
10,20,103.697,0
10,21,101.868,0
10,26,215.232,0
10,33,124.852,0
10,34,106.677,0
10,45,203.796,0
10,47,100.17,0
10,48,222.697,0
10,54,109.385,0
10,59,74.9667,0
10,62,228.324,0
10,70,29.0689,0
10,71,141.174,0
10,72,158.051,0
10,75,82.8613,0
10,77,156.387,0
10,83,128.082,0
10,93,212.812,0
10,94,82.4197,0
10,95,217.083,0
11,4,353.934,28.834
11,7,400.449,23.1984
11,9,332.154,21.2535
11,13,213.378,0
11,14,123.011,8.02134
11,23,318.123,9.58595
11,25,125.565,10.1822
11,27,315.851,14.2543
11,28,370.11,16.1023
11,29,216.28,0
11,32,112.929,0
11,35,117.273,0
11,37,110.82,0
11,38,205.412,0
11,39,205.448,0
11,40,207.241,0
11,43,352.89,26.6444
11,52,224.6,9.53349
11,56,215.162,9.9742
11,58,91.4385,0
11,64,68.7968,0
11,68,215.455,0
11,69,148.223,0
11,73,318.725,25.1085
11,81,207.002,0
11,82,221.314,16.4777
11,85,270.115,21.7777
11,87,339.978,10.4521
11,88,98.0051,0
11,92,235.149,20.0559
11,97,365.926,15.4695
11,98,292.625,19.0692
12,1,119.038,0
12,2,60.1415,0
12,5,86.9253,0
12,10,89.0505,0
12,15,157.08,0
12,19,108.005,0
12,20,156.08,0
12,21,63.6003,0
12,30,164.657,0
12,33,65.6201,0
12,34,158.777,0
12,45,123.471,0
12,47,16.4924,0
12,54,182.069,0
12,59,157.003,0
12,70,74.3303,0
12,71,224.018,0
12,72,74.6324,0
12,75,160.449,0
12,77,177.8,0
12,83,215.52,0
12,93,127.252,0
12,94,17.8045,0
13,11,213.378,0
13,18,155.226,3.33933
13,22,201.206,0
13,31,321.632,24.8194
13,32,125.399,0
13,35,98.4327,0
13,38,94.0213,0
13,39,90.4489,0
13,40,33.0606,0
13,44,123.861,9.4634
13,55,29.5466,0
13,64,170.883,0
13,69,139.284,0
13,74,202.144,17.3341
13,82,182.036,0
13,86,193.652,0
13,88,125.67,0
14,4,325.041,19.0712
14,7,362.044,21.9637
14,9,274.81,0.518495
14,11,123.011,8.02134
14,23,220.127,0
14,25,218.403,0
14,27,203.174,2.42732
14,28,340.371,12.2841
14,32,225.478,16.3609
14,35,206.596,14.9323
14,37,239.772,20.425
14,43,318.144,11.6192
14,50,321.808,26.1566
14,52,169.293,0
14,56,195.233,0
14,58,266.886,2.91912
14,62,255.786,21.9216
14,64,133.797,11.4527
14,69,266.891,18.2371
14,71,300.982,25.5552
14,73,290.427,6.592
14,82,333.915,5.87624
14,83,301.664,24.8851
14,85,418.669,0
14,87,230.441,1.11843
14,88,178.136,13.762
14,92,393.954,0
14,97,385.177,5.19683
14,98,167.64,11.4242
15,1,150.053,0
15,2,188.534,0
15,5,225.144,0
15,8,224.984,0
15,9,205.326,6.61259
15,10,68.0294,0
15,12,157.08,0
15,16,193.83,0
15,20,105.361,0
15,21,161.05,0
15,26,190.045,0
15,27,192.505,2.5696
15,33,186.698,0
15,34,107.517,0
15,43,211.814,0
15,47,167.839,0
15,48,231.366,0
15,53,229.957,0
15,54,80.1311,0
15,59,41.7612,0
15,62,160.723,0
15,70,89.2693,0
15,71,86.406,0
15,72,224.66,0
15,73,207.966,0
15,75,55.6597,0
15,77,172.003,0
15,83,64.195,0
15,84,210.95,0
15,87,223.895,0
15,94,149.723,0
15,95,208.406,0
15,98,190.683,0
16,4,129.557,0
16,7,202.022,0
16,15,193.83,0
16,20,231.225,0
16,23,146.191,5.67794
16,26,203.354,0
16,27,183.611,0.99764
16,28,198.283,0
16,34,230.673,0
16,36,162.856,0
16,46,101.242,0
16,50,172.047,0
16,52,263.752,22.5898
16,53,37.0135,0
16,54,220.719,0
16,56,301.664,25.7949
16,59,212.514,0
16,62,73.0068,0
16,66,184.174,0
16,67,47.0106,0
16,71,170.857,0
16,75,219.272,0
16,76,214.742,0
16,83,152.634,0
16,84,107.49,0
16,87,121.248,0
16,98,164.347,0
17,19,225.518,1.96832
17,24,350.555,27.8673
17,30,99.9423,2.38955
17,33,250.194,21.0612
17,47,260.755,15.8172
17,65,102.841,8.78741
17,72,194.98,11.7486
17,93,219.773,2.47223
17,99,154.734,11.6955
18,9,354.55,28.5863
18,13,155.226,3.33933
18,32,219.611,0
18,35,150.894,0
18,39,60.4401,0
18,40,115.434,0
18,43,313.683,24.1244
18,44,86.5852,6.34324
18,55,215.504,18.0132
18,64,172.931,0
18,73,316.564,25.5687
18,79,214.469,11.2697
18,80,220.427,16.7076
18,82,88.459,0
18,88,150.602,0
18,91,177.629,9.95166
19,1,162.003,0
19,2,75.4718,0
19,5,43.2782,0
19,10,192.398,0
19,12,108.005,0
19,17,225.518,1.96832
19,20,225.056,0
19,21,108.167,0
19,30,127.016,0
19,33,134.332,0
19,34,226.921,0
19,45,22.8035,0
19,47,105.38,0
19,70,170.206,0
19,72,89.8276,0
19,93,21.0238,0
19,94,122.589,0
19,96,224.439,0
20,1,69.2604,0
20,2,150.233,0
20,5,182.858,0
20,8,130.05,0
20,10,103.697,0
20,12,156.08,0
20,15,105.361,0
20,16,231.225,0
20,19,225.056,0
20,21,117.516,0
20,26,116.387,0
20,33,213.6,0
20,34,3,0
20,36,202.852,0
20,45,226.102,0
20,47,172.235,0
20,48,126.606,0
20,54,183.831,0
20,59,143.6,0
20,62,229.837,0
20,70,91.0824,0
20,71,188.438,0
20,72,230.098,0
20,75,157.051,0
20,76,188.788,0
20,83,159.512,0
20,84,194.281,0
20,94,160.705,0
20,95,113.437,0
20,96,166.208,0
21,1,61.6847,0
21,2,32.8024,0
21,5,67.624,0
21,8,216.668,0
21,10,101.868,0
21,12,63.6003,0
21,15,161.05,0
21,19,108.167,0
21,20,117.516,0
21,26,225.796,0
21,30,206.671,0
21,33,128.86,0
21,34,119.553,0
21,45,112.161,0
21,47,78.2624,0
21,48,181.397,0
21,54,210.609,0
21,59,176.706,0
21,70,73.8241,0
21,72,124.535,0
21,75,184.621,0
21,77,232,0
21,83,225.002,0
21,93,129.004,0
21,94,78.7909,0
21,95,203.081,0
21,96,171.735,0
22,3,102.883,0
22,6,134.093,0
22,13,201.206,0
22,29,199.832,0
22,31,58.0503,3.96177
22,32,198.093,0
22,38,120.416,0
22,55,263.519,22.2815
22,68,202.941,0
22,69,158.405,0
22,74,93.849,6.31784
22,81,189.452,0
22,86,68.1542,0
23,4,127.292,10.8991
23,7,190.606,15.8466
23,9,288.182,20.192
23,11,318.123,9.58595
23,14,220.127,0
23,16,146.191,5.67794
23,25,300.54,0
23,27,155.294,13.3109
23,28,175.777,15.0478
23,43,348.293,27.6599
23,46,158.018,10.7188
23,50,168.221,13.8655
23,52,117.388,0
23,53,158.165,6.67503
23,54,255.435,12.4617
23,56,166.865,0
23,58,365.061,2.1595
23,62,113.385,7.46192
23,64,353.833,20.9794
23,66,242.927,14.3645
23,67,169.569,7.05752
23,71,202.191,10.8775
23,73,328.866,23.6588
23,83,206.4,9.7841
23,85,421.96,10.3321
23,87,45.3812,0.482312
23,92,412.814,7.44985
23,97,294.95,8.87221
23,98,129.286,10.992
24,17,350.555,27.8673
24,33,381.608,25.4406
24,43,393.615,13.2765
24,65,267.302,20.7175
24,77,255.919,17.0613
24,79,114.492,7.12477
24,80,140.194,9.81217
24,91,177.344,11.0601
25,4,256.407,21.9823
25,7,286.759,13.8291
25,11,125.565,10.1822
25,14,218.403,0
25,23,300.54,0
25,27,390.511,8.64867
25,28,262.386,4.31464
25,29,221.182,13.2138
25,32,196.54,13.1027
25,35,230.64,15.376
25,37,117.963,9.71816
25,42,257.39,19.3944
25,49,237.659,14.8172
25,50,301.836,17.5471
25,52,183.412,0
25,56,141.873,0
25,58,64.7622,1.8889
25,60,390.415,0
25,64,195.248,15.7286
25,68,219.128,13.1392
25,69,213.626,12.9174
25,81,215.945,12.754
25,85,201.693,0
25,87,339.117,0.534875
25,88,218.202,15.6881
25,89,258.855,16.7287
25,92,176.238,0
25,97,247.168,0
25,98,357.005,13.7079
26,1,166.208,0
26,8,60.4401,0
26,10,215.232,0
26,15,190.045,0
26,16,203.354,0
26,20,116.387,0
26,21,225.796,0
26,34,113.53,0
26,36,99.0202,0
26,48,110.368,0
26,53,218.332,0
26,59,231.683,0
26,67,216.566,0
26,70,206.886,0
26,76,72.45,0
26,83,217.002,0
26,84,117.427,0
26,95,53.0094,0
26,96,181.177,0
27,4,238.208,15.99
27,9,128.155,3.45279
27,11,315.851,14.2543
27,14,203.174,2.42732
27,15,192.505,2.5696
27,16,183.611,0.99764
27,23,155.294,13.3109
27,25,390.511,8.64867
27,28,331.714,28.2805
27,43,186.322,14.1969
27,46,229.579,1.55763
27,52,238.872,13.2132
27,53,211.002,0.990442
27,54,148.314,4.64753
27,56,291.375,13.6845
27,59,171.371,2.4438
27,62,111.49,1.00372
27,64,288.845,18.835
27,67,223.002,0.99096
27,71,106.563,2.45452
27,73,169.968,8.60528
27,75,168.21,3.80475
27,77,242.772,13.9037
27,82,370.962,4.87375
27,83,130.579,2.15311
27,87,96.6004,1.66112
27,88,345.352,25.8519
27,98,24.3433,1.3977
28,4,69.3758,0
28,7,27.6586,0
28,11,370.11,16.1023
28,14,340.371,12.2841
28,16,198.283,0
28,23,175.777,15.0478
28,25,262.386,4.31464
28,27,331.714,28.2805
28,37,333.83,25.9635
28,41,169.012,0
28,46,120.108,0
28,50,41.6173,0
28,52,170.09,11.1589
28,53,182.784,0
28,56,143.476,10.4961
28,58,294.038,9.81507
28,60,336.051,4.71169
28,62,199.685,0
28,66,141.039,0
28,67,187.003,0
28,78,190.118,0
28,85,280.645,3.44605
28,87,213.204,17.9389
28,92,279.035,3.09711
28,97,81.6564,3.34049
28,98,304.054,25.9183
29,3,130.668,0
29,6,71.5542,0
29,11,216.28,0
29,22,199.832,0
29,25,221.182,13.2138
29,32,174.184,0
29,37,107.378,0
29,38,196.359,0
29,42,118.533,0
29,49,51.8941,0
29,57,119,0
29,58,154.952,0
29,60,228.129,11.8645
29,63,154.952,0
29,68,3.16228,0
29,69,142.144,0
29,81,15,0
29,85,156.032,4.7929
29,86,135.004,0
29,89,95.462,0
29,92,152.66,3.9569
30,2,178.138,0
30,5,162.099,0
30,12,164.657,0
30,17,99.9423,2.38955
30,19,127.016,0
30,21,206.671,0
30,33,130.177,0
30,45,145.88,0
30,47,150.013,0
30,65,200.571,12.7867
30,72,90.5207,0
30,93,119.854,0
30,94,166.208,0
30,99,256.496,17.2397
31,3,154.84,3.97085
31,6,192.026,4.72592
31,13,321.632,24.8194
31,22,58.0503,3.96177
31,32,247.409,9.01424
31,38,162.1,9.32466
31,55,364.005,7.32642
31,69,210.059,7.91159
31,74,122.147,0
31,86,126.853,5.51898
32,3,219.185,0
32,6,179.254,0
32,11,112.929,0
32,13,125.399,0
32,14,225.478,16.3609
32,18,219.611,0
32,22,198.093,0
32,25,196.54,13.1027
32,29,174.184,0
32,31,247.409,9.01424
32,35,70.6824,0
32,37,113.217,0
32,38,92.6553,0
32,39,164.104,0
32,40,135.07,0
32,44,205.87,7.30042
32,49,220.411,0
32,55,149.967,0
32,56,318.087,27.2863
32,58,147.031,0
32,64,112.792,0
32,68,175.071,0
32,69,45.1774,0
32,74,226.599,15.3364
32,81,160.066,0
32,82,197.732,0
32,85,233.792,7.61458
32,86,149.646,0
32,88,86.5794,0
32,92,215.774,4.85875
33,1,184.098,0
33,2,118.512,0
33,5,133.124,0
33,10,124.852,0
33,12,65.6201,0
33,15,186.698,0
33,17,250.194,21.0612
33,19,134.332,0
33,20,213.6,0
33,21,128.86,0
33,24,381.608,25.4406
33,30,130.177,0
33,34,216.481,0
33,45,155.618,0
33,47,50.6952,0
33,54,183.109,0
33,59,171.511,0
33,70,123.859,0
33,71,233.225,0
33,72,52.1536,0
33,75,169.499,0
33,77,139.474,0
33,93,147.462,0
33,94,54.231,0
34,1,70.2282,0
34,2,152.227,0
34,5,184.613,0
34,8,127.098,0
34,10,106.677,0
34,12,158.777,0
34,15,107.517,0
34,16,230.673,0
34,19,226.921,0
34,20,3,0
34,21,119.553,0
34,26,113.53,0
34,33,216.481,0
34,36,200.42,0
34,45,227.721,0
34,47,174.957,0
34,48,124.201,0
34,54,186.207,0
34,59,146.014,0
34,62,230.235,0
34,70,94.0479,0
34,71,190.205,0
34,72,232.723,0
34,75,159.505,0
34,76,185.946,0
34,83,161.037,0
34,84,192.427,0
34,94,163.527,0
34,95,110.476,0
34,96,164.73,0
35,9,369.584,28.2909
35,11,117.273,0
35,13,98.4327,0
35,14,206.596,14.9323
35,18,150.894,0
35,25,230.64,15.376
35,32,70.6824,0
35,37,170.206,0
35,38,125.718,0
35,39,99.5691,0
35,40,90.0222,0
35,43,371.856,27.8527
35,44,143.187,6.53682
35,55,127.945,0
35,58,187.216,0
35,64,74.2024,0
35,69,112.058,0
35,73,345.897,27.8781
35,74,266.977,20.0233
35,81,230.341,0
35,82,129.653,0
35,86,209.117,0
35,88,29.7321,0
36,8,145.774,0
36,16,162.856,0
36,20,202.852,0
36,26,99.0202,0
36,34,200.42,0
36,46,221.387,0
36,48,203.022,0
36,53,160.897,0
36,62,223.016,0
36,67,154.35,0
36,76,59.6657,0
36,84,55.6058,0
36,95,145.962,0
37,3,215.824,0
37,6,157.003,0
37,11,110.82,0
37,14,239.772,20.425
37,25,117.963,9.71816
37,28,333.83,25.9635
37,29,107.378,0
37,32,113.217,0
37,35,170.206,0
37,38,183.698,0
37,42,165.952,0
37,49,134.48,0
37,52,299.859,20.2622
37,56,259.437,18.8946
37,57,189.169,0
37,58,56.5685,0
37,60,257.784,20.4999
37,63,208.279,0
37,64,165.529,0
37,68,106.17,0
37,69,111.288,0
37,81,100.225,0
37,85,119.221,6.12038
37,86,180,0
37,88,169.759,0
37,89,164.247,0
37,92,103.21,4.07743
37,97,303.219,21.6555
38,3,179.011,0
38,6,165.012,0
38,11,205.412,0
38,13,94.0213,0
38,22,120.416,0
38,29,196.359,0
38,31,162.1,9.32466
38,32,92.6553,0
38,35,125.718,0
38,37,183.698,0
38,39,175.935,0
38,40,123.13,0
38,44,214.767,10.7
38,55,117.764,6.94627
38,58,229.924,0
38,64,193.052,0
38,68,198.567,0
38,69,72.4431,0
38,74,134.868,11.5698
38,81,181.571,0
38,86,99.925,0
38,88,153.873,0
39,11,205.448,0
39,13,90.4489,0
39,18,60.4401,0
39,32,164.104,0
39,35,99.5691,0
39,38,175.935,0
39,40,57.4282,0
39,43,335.839,27.9866
39,44,43.8516,3.75628
39,55,109.227,0.52503
39,64,142.352,0
39,69,196.919,0
39,73,331.028,28.0873
39,80,282.862,20.1833
39,82,101.863,0
39,88,108.157,0
39,91,239.536,12.8757
40,11,207.241,0
40,13,33.0606,0
40,18,115.434,0
40,32,135.07,0
40,35,90.0222,0
40,38,123.13,0
40,39,57.4282,0
40,44,91.552,7.77296
40,55,54.7247,0.581615
40,64,156.237,0
40,69,157.813,0
40,74,236.669,19.8041
40,82,151.954,0
40,86,223.02,0
40,88,112.588,0
41,4,175.642,0
41,7,141.421,0
41,28,169.012,0
41,46,162.89,0
41,50,142.088,0
41,53,226.418,0
41,60,318.272,27.1982
41,66,77.3886,0
41,67,220.946,0
41,78,63.0079,0
41,97,233.21,19.1905
42,3,230.894,0
42,6,181.466,0
42,25,257.39,19.3944
42,29,118.533,0
42,37,165.952,0
42,49,70.0643,0
42,57,38.8973,0
42,58,179.388,0
42,60,110.508,5.37192
42,63,42.4264,0
42,68,115.741,0
42,81,132.004,0
42,85,125.081,6.12109
42,89,34.1321,0
42,90,198.708,0
42,92,134.909,6.22527
42,97,315.161,23.9279
43,9,49.3964,0
43,11,352.89,26.6444
43,14,318.144,11.6192
43,15,211.814,0
43,18,313.683,24.1244
43,23,348.293,27.6599
43,24,393.615,13.2765
43,27,186.322,14.1969
43,35,371.856,27.8527
43,39,335.839,27.9866
43,54,133.056,0
43,59,173.416,0
43,62,245.659,12.9849
43,64,315.179,15.7871
43,71,142.088,0
43,73,22.0227,0
43,75,160.527,0
43,77,161.076,11.8094
43,79,260.088,19.4667
43,80,250.387,13.9085
43,82,233.899,4.7554
43,83,175.482,0
43,87,288.453,24.5611
43,88,344.318,22.7129
43,91,256.212,9.96205
43,98,210.732,17.2474
44,13,123.861,9.4634
44,18,86.5852,6.34324
44,32,205.87,7.30042
44,35,143.187,6.53682
44,38,214.767,10.7
44,39,43.8516,3.75628
44,40,91.552,7.77296
44,55,137.211,10.6228
44,64,185.799,6.03466
44,69,237.677,8.29742
44,80,307.833,25.8392
44,82,139.069,7.70927
44,88,153.19,6.52688
44,91,265.014,20.7467
45,1,160.078,0
45,2,81.0432,0
45,5,44.5982,0
45,10,203.796,0
45,12,123.471,0
45,19,22.8035,0
45,20,226.102,0
45,21,112.161,0
45,30,145.88,0
45,33,155.618,0
45,34,227.721,0
45,47,123.081,0
45,70,179.694,0
45,72,112.432,0
45,93,27.4591,0
45,94,139.27,0
45,96,209.344,0
46,4,58.0086,0
46,7,113.547,0
46,16,101.242,0
46,23,158.018,10.7188
46,27,229.579,1.55763
46,28,120.108,0
46,36,221.387,0
46,41,162.89,0
46,50,83.006,0
46,52,219.538,18.505
46,53,72.2496,0
46,56,191.86,9.37253
46,62,143.178,0
46,66,89.4986,0
46,67,72.2496,0
46,78,216.123,0
46,84,175.111,0
46,87,136.312,0
46,97,195.35,13.0233
46,98,205.572,0
47,1,135.181,0
47,2,69.6348,0
47,5,90.9725,0
47,10,100.17,0
47,12,16.4924,0
47,15,167.839,0
47,17,260.755,15.8172
47,19,105.38,0
47,20,172.235,0
47,21,78.2624,0
47,30,150.013,0
47,33,50.6952,0
47,34,174.957,0
47,45,123.081,0
47,54,186.325,0
47,59,164.201,0
47,70,88.5268,0
47,71,230.634,0
47,72,59.5483,0
47,75,166.373,0
47,77,172.038,0
47,83,224.27,0
47,93,123.26,0
47,94,18.6815,0
48,1,123.329,0
48,2,204.561,0
48,5,220.771,0
48,8,58.1378,0
48,10,222.697,0
48,15,231.366,0
48,20,126.606,0
48,21,181.397,0
48,26,110.368,0
48,34,124.201,0
48,36,203.022,0
48,61,143.753,0
48,70,201.457,0
48,76,155.416,0
48,84,227.794,0
48,95,57.8705,0
48,96,71.5681,0
49,3,162.865,0
49,6,111.45,0
49,25,237.659,14.8172
49,29,51.8941,0
49,32,220.411,0
49,37,134.48,0
49,42,70.0643,0
49,57,67.2309,0
49,58,169.012,0
49,60,179.865,8.11724
49,63,103.581,0
49,68,49.6488,0
49,69,191.943,0
49,81,66.6483,0
49,85,142.126,4.78924
49,86,183.208,0
49,89,43.6578,0
49,92,142.839,3.62682
50,4,45.8803,0
50,7,30.8058,0
50,14,321.808,26.1566
50,16,172.047,0
50,23,168.221,13.8655
50,25,301.836,17.5471
50,28,41.6173,0
50,41,142.088,0
50,46,83.006,0
50,52,151.026,10.163
50,53,151.083,0
50,56,159.022,13.1643
50,58,338.751,21.0101
50,60,346.208,19.3725
50,62,187.537,0
50,66,101.98,0
50,67,153.525,0
50,78,175.285,0
50,85,319.529,17.5976
50,87,185.772,14.6612
50,92,318.638,17.6811
50,97,112.4,9.63058
50,98,285.045,23.52
51,0,30.8869,0
51,60,197.559,4.4686
51,63,210.343,0
51,78,183.068,0
51,90,45.8803,0
52,4,161.234,13.5523
52,7,187.034,15.928
52,9,379.861,5.41691
52,11,224.6,9.53349
52,14,169.293,0
52,16,263.752,22.5898
52,23,117.388,0
52,25,183.412,0
52,27,238.872,13.2132
52,28,170.09,11.1589
52,37,299.859,20.2622
52,46,219.538,18.505
52,50,151.026,10.163
52,53,264.833,22.544
52,56,54.3323,0
52,58,247.766,2.15311
52,62,231.71,19.12
52,64,286.231,19.9702
52,66,257.065,14.4117
52,67,273.274,23.0259
52,71,306.776,26.1087
52,73,412.074,10.5164
52,85,336.381,0
52,87,158.077,0.509882
52,88,326.188,26.8587
52,92,318.025,0
52,97,229.52,6.89325
52,98,193.959,14.6208
53,4,113.653,0
53,7,181.838,0
53,15,229.957,0
53,16,37.0135,0
53,23,158.165,6.67503
53,26,218.332,0
53,27,211.002,0.990442
53,28,182.784,0
53,36,160.897,0
53,41,226.418,0
53,46,72.2496,0
53,50,151.083,0
53,52,264.833,22.544
53,56,284.212,24.0463
53,62,104.346,0
53,66,149.218,0
53,67,12,0
53,71,207.118,0
53,76,217.568,0
53,83,189.613,0
53,84,109.124,0
53,87,136.356,0
53,97,261.987,14.6616
53,98,190.263,0
54,1,217.754,0
54,2,230.634,0
54,9,138.734,7.94897
54,10,109.385,0
54,12,182.069,0
54,15,80.1311,0
54,16,220.719,0
54,20,183.831,0
54,21,210.609,0
54,23,255.435,12.4617
54,27,148.314,4.64753
54,33,183.109,0
54,34,186.207,0
54,43,133.056,0
54,47,186.325,0
54,59,40.3609,0
54,62,163.343,0
54,70,138.398,0
54,71,53.1507,0
54,72,231.864,0
54,73,131.822,0
54,75,27.8029,0
54,77,109.563,0
54,80,316.359,26.9819
54,83,69.6419,0
54,87,204.832,0
54,94,168.107,0
54,98,149.643,0
55,13,29.5466,0
55,18,215.504,18.0132
55,22,263.519,22.2815
55,31,364.005,7.32642
55,32,149.967,0
55,35,127.945,0
55,38,117.764,6.94627
55,39,109.227,0.52503
55,40,54.7247,0.581615
55,44,137.211,10.6228
55,64,200.37,0
55,69,158.787,0.54004
55,74,243.029,6.6287
55,82,206.623,0.580364
55,86,217.614,9.24923
55,88,155.184,0
56,4,134.02,8.4601
56,7,172.05,14.5237
56,9,427.335,5.20472
56,11,215.162,9.9742
56,14,195.233,0
56,16,301.664,25.7949
56,23,166.865,0
56,25,141.873,0
56,27,291.375,13.6845
56,28,143.476,10.4961
56,32,318.087,27.2863
56,37,259.437,18.8946
56,46,191.86,9.37253
56,50,159.022,13.1643
56,52,54.3323,0
56,53,284.212,24.0463
56,58,204.948,1.75561
56,60,416.609,5.70473
56,62,280.276,21.8177
56,64,291.845,20.5594
56,66,256.272,14.7893
56,67,284.428,23.1183
56,85,276.173,2.87415
56,87,209.747,0.501764
56,88,321.031,26.9818
56,92,264.189,0
56,97,184.391,7.54326
56,98,246.678,16.4452
57,3,212.85,0
57,6,170.696,0
57,29,119,0
57,37,189.169,0
57,42,38.8973,0
57,49,67.2309,0
57,58,210.583,0
57,60,139.925,3.92981
57,63,42.5793,0
57,68,116.846,0
57,81,133.843,0
57,85,161.235,5.93771
57,89,25.4951,0
57,90,209.289,0
57,92,169.014,5.54185
58,4,351.522,22.7149
58,6,211.684,0
58,7,320.819,16.198
58,11,91.4385,0
58,14,266.886,2.91912
58,23,365.061,2.1595
58,25,64.7622,1.8889
58,28,294.038,9.81507
58,29,154.952,0
58,32,147.031,0
58,35,187.216,0
58,37,56.5685,0
58,38,229.924,0
58,42,179.388,0
58,49,169.012,0
58,50,338.751,21.0101
58,52,247.766,2.15311
58,56,204.948,1.75561
58,57,210.583,0
58,60,316.694,18.4067
58,63,219.135,0
58,64,158.619,0
58,68,153.075,0
58,69,158.446,0
58,81,150.881,0
58,85,113.394,9.51815
58,87,403.887,2.62172
58,88,177.589,0
58,89,188.088,0
58,92,86.7003,6.13032
58,97,271.893,1.48269
58,98,415.789,16.1805
59,1,178.718,0
59,2,199.642,0
59,9,174.333,7.34078
59,10,74.9667,0
59,12,157.003,0
59,15,41.7612,0
59,16,212.514,0
59,20,143.6,0
59,21,176.706,0
59,26,231.683,0
59,27,171.371,2.4438
59,33,171.511,0
59,34,146.014,0
59,43,173.416,0
59,47,164.201,0
59,54,40.3609,0
59,62,166.012,0
59,70,103.078,0
59,71,67.1863,0
59,72,215.87,0
59,73,171.703,0
59,75,13.9284,0
59,77,132.639,0
59,83,62.6817,0
59,87,219.365,0
59,94,145.523,0
59,98,174.011,0
60,0,229.55,5.01662
60,7,315.205,9.64902
60,25,390.415,0
60,28,336.051,4.71169
60,29,228.129,11.8645
60,37,257.784,20.4999
60,41,318.272,27.1982
60,42,110.508,5.37192
60,49,179.865,8.11724
60,50,346.208,19.3725
60,51,197.559,4.4686
60,56,416.609,5.70473
60,57,139.925,3.92981
60,58,316.694,18.4067
60,63,107.265,3.22152
60,68,224.984,11.8306
60,78,285.021,23.0002
60,81,239.271,12.2406
60,85,198.531,0.587328
60,89,144.449,5.51246
60,90,152.033,4.03451
60,92,226.318,0
60,97,259.114,0
61,8,173.727,0
61,48,143.753,0
61,95,185.181,0
61,96,121.116,0
62,4,141.792,0
62,7,212.84,0
62,9,200.174,12.9636
62,10,228.324,0
62,14,255.786,21.9216
62,15,160.723,0
62,16,73.0068,0
62,20,229.837,0
62,23,113.385,7.46192
62,27,111.49,1.00372
62,28,199.685,0
62,34,230.235,0
62,36,223.016,0
62,43,245.659,12.9849
62,46,143.178,0
62,50,187.537,0
62,52,231.71,19.12
62,53,104.346,0
62,54,163.343,0
62,56,280.276,21.8177
62,59,166.012,0
62,66,232.659,0
62,67,116.103,0
62,71,110.39,0
62,73,223.347,11.3018
62,75,169.027,0
62,83,103.446,0
62,84,168.155,0
62,87,73.736,0
62,98,93.6376,0
63,6,211.684,0
63,29,154.952,0
63,37,208.279,0
63,42,42.4264,0
63,49,103.581,0
63,51,210.343,0
63,57,42.5793,0
63,58,219.135,0
63,60,107.265,3.22152
63,68,152.434,0
63,81,169.248,0
63,85,160.471,6.89423
63,89,60.208,0
63,90,167.048,0
63,92,177.163,9.03183
63,97,349.283,26.4745
64,9,294.416,15.7723
64,11,68.7968,0
64,13,170.883,0
64,14,133.797,11.4527
64,18,172.931,0
64,23,353.833,20.9794
64,25,195.248,15.7286
64,27,288.845,18.835
64,32,112.792,0
64,35,74.2024,0
64,37,165.529,0
64,38,193.052,0
64,39,142.352,0
64,40,156.237,0
64,43,315.179,15.7871
64,44,185.799,6.03466
64,52,286.231,19.9702
64,55,200.37,0
64,56,291.845,20.5594
64,58,158.619,0
64,69,157.496,0
64,73,280.721,17.5481
64,82,110.635,0
64,87,359.606,22.1538
64,88,45.2769,0
64,92,245.553,7.44852
64,98,259.105,22.1316
65,17,102.841,8.78741
65,24,267.302,20.7175
65,30,200.571,12.7867
65,99,67.2681,0
66,4,118.258,0
66,7,118.106,0
66,16,184.174,0
66,23,242.927,14.3645
66,28,141.039,0
66,41,77.3886,0
66,46,89.4986,0
66,50,101.98,0
66,52,257.065,14.4117
66,53,149.218,0
66,56,256.272,14.7893
66,62,232.659,0
66,67,143.562,0
66,78,137.277,0
66,84,228.6,0
66,87,218.936,0
66,97,201.959,13.5729
67,4,118.512,0
67,7,184.329,0
67,16,47.0106,0
67,23,169.569,7.05752
67,26,216.566,0
67,27,223.002,0.99096
67,28,187.003,0
67,36,154.35,0
67,41,220.946,0
67,46,72.2496,0
67,50,153.525,0
67,52,273.274,23.0259
67,53,12,0
67,56,284.428,23.1183
67,62,116.103,0
67,66,143.562,0
67,71,217.793,0
67,76,211.981,0
67,83,199.422,0
67,84,104.403,0
67,87,147.679,0
67,97,265.382,14.538
67,98,202.247,0
68,3,133.701,0
68,6,74.686,0
68,11,215.455,0
68,22,202.941,0
68,25,219.128,13.1392
68,29,3.16228,0
68,32,175.071,0
68,37,106.17,0
68,38,198.567,0
68,42,115.741,0
68,49,49.6488,0
68,57,116.846,0
68,58,153.075,0
68,60,224.984,11.8306
68,63,152.434,0
68,69,143.628,0
68,81,17,0
68,85,153.145,4.81379
68,86,138.014,0
68,89,93.1075,0
68,92,148.492,3.35876
69,3,174.072,0
69,6,136.4,0
69,11,148.223,0
69,13,139.284,0
69,14,266.891,18.2371
69,22,158.405,0
69,25,213.626,12.9174
69,29,142.144,0
69,31,210.059,7.91159
69,32,45.1774,0
69,35,112.058,0
69,37,111.288,0
69,38,72.4431,0
69,39,196.919,0
69,40,157.813,0
69,44,237.677,8.29742
69,49,191.943,0
69,55,158.787,0.54004
69,58,158.446,0
69,64,157.496,0
69,68,143.628,0
69,74,195.617,13.4418
69,81,127.279,0
69,85,228.121,6.11021
69,86,105.304,0
69,88,131.137,0
69,92,214.01,4.30264
70,1,86.4002,0
70,2,99.4082,0
70,5,135.945,0
70,8,218.186,0
70,10,29.0689,0
70,12,74.3303,0
70,15,89.2693,0
70,19,170.206,0
70,20,91.0824,0
70,21,73.8241,0
70,26,206.886,0
70,33,123.859,0
70,34,94.0479,0
70,45,179.694,0
70,47,88.5268,0
70,48,201.457,0
70,54,138.398,0
70,59,103.078,0
70,71,168.193,0
70,72,148.071,0
70,75,111.665,0
70,77,179.494,0
70,83,152.329,0
70,93,191.018,0
70,94,73.4983,0
70,95,202.04,0
70,96,216.4,0
71,9,123.114,5.61665
71,10,141.174,0
71,12,224.018,0
71,14,300.982,25.5552
71,15,86.406,0
71,16,170.857,0
71,20,188.438,0
71,23,202.191,10.8775
71,27,106.563,2.45452
71,33,233.225,0
71,34,190.205,0
71,43,142.088,0
71,47,230.634,0
71,52,306.776,26.1087
71,53,207.118,0
71,54,53.1507,0
71,59,67.1863,0
71,62,110.39,0
71,67,217.793,0
71,70,168.193,0
71,73,133.626,0.566129
71,75,64.56,0
71,77,158.647,0
71,83,33.541,0
71,84,231.002,0
71,87,154.146,0
71,94,212.002,0
71,98,107.229,0
72,1,185.785,0
72,2,102.005,0
72,5,101.951,0
72,10,158.051,0
72,12,74.6324,0
72,15,224.66,0
72,17,194.98,11.7486
72,19,89.8276,0
72,20,230.098,0
72,21,124.535,0
72,30,90.5207,0
72,33,52.1536,0
72,34,232.723,0
72,45,112.432,0
72,47,59.5483,0
72,54,231.864,0
72,59,215.87,0
72,70,148.071,0
72,75,215.727,0
72,77,190.633,0
72,93,99.3227,0
72,94,75.8222,0
73,9,29.2746,0
73,11,318.725,25.1085
73,14,290.427,6.592
73,15,207.966,0
73,18,316.564,25.5687
73,23,328.866,23.6588
73,27,169.968,8.60528
73,35,345.897,27.8781
73,39,331.028,28.0873
73,43,22.0227,0
73,52,412.074,10.5164
73,54,131.822,0
73,59,171.703,0
73,62,223.347,11.3018
73,64,280.721,17.5481
73,71,133.626,0.566129
73,75,159.625,0
73,77,170.788,10.4391
73,79,292.208,22.3039
73,80,279.184,17.7898
73,82,228.785,8.25689
73,83,167.14,0.56461
73,87,272.694,23.3072
73,88,317.113,23.4425
73,91,288.417,13.1095
73,98,194.575,13.1367
74,3,192.826,6.87782
74,6,212.688,7.73306
74,13,202.144,17.3341
74,22,93.849,6.31784
74,31,122.147,0
74,32,226.599,15.3364
74,35,266.977,20.0233
74,38,134.868,11.5698
74,40,236.669,19.8041
74,55,243.029,6.6287
74,69,195.617,13.4418
74,86,136.378,7.52938
75,1,189.995,0
75,2,206.051,0
75,9,165.291,7.94232
75,10,82.8613,0
75,12,160.449,0
75,15,55.6597,0
75,16,219.272,0
75,20,157.051,0
75,21,184.621,0
75,27,168.21,3.80475
75,33,169.499,0
75,34,159.505,0
75,43,160.527,0
75,47,166.373,0
75,54,27.8029,0
75,59,13.9284,0
75,62,169.027,0
75,70,111.665,0
75,71,64.56,0
75,72,215.727,0
75,73,159.625,0
75,77,120.354,0
75,83,67.1789,0
75,87,218.552,0
75,94,147.801,0
75,98,169.358,0
76,8,97.4166,0
76,16,214.742,0
76,20,188.788,0
76,26,72.45,0
76,34,185.946,0
76,36,59.6657,0
76,48,155.416,0
76,53,217.568,0
76,67,211.981,0
76,84,108.757,0
76,95,102.825,0
76,96,225.46,0
77,9,165.718,4.46102
77,10,156.387,0
77,12,177.8,0
77,15,172.003,0
77,21,232,0
77,24,255.919,17.0613
77,27,242.772,13.9037
77,33,139.474,0
77,43,161.076,11.8094
77,47,172.038,0
77,54,109.563,0
77,59,132.639,0
77,70,179.494,0
77,71,158.647,0
77,72,190.633,0
77,73,170.788,10.4391
77,75,120.354,0
77,79,195.852,16.0919
77,80,182.95,14.362
77,83,179.204,0
77,91,237.532,19.6887
77,94,160,0
77,98,227.748,0
78,0,199.218,0
78,4,216.416,0
78,7,163.615,0
78,28,190.118,0
78,41,63.0079,0
78,46,216.123,0
78,50,175.285,0
78,51,183.068,0
78,60,285.021,23.0002
78,66,137.277,0
78,90,173.761,0
78,97,254.858,21.8313
79,9,293.236,25.0729
79,18,214.469,11.2697
79,24,114.492,7.12477
79,43,260.088,19.4667
79,73,292.208,22.3039
79,77,195.852,16.0919
79,80,22.496,1.14686
79,82,333.78,13.2318
79,91,61.8466,4.12311
80,9,294.387,24.1162
80,18,220.427,16.7076
80,24,140.194,9.81217
80,39,282.862,20.1833
80,43,250.387,13.9085
80,44,307.833,25.8392
80,54,316.359,26.9819
80,73,279.184,17.7898
80,77,182.95,14.362
80,79,22.496,1.14686
80,82,312.011,7.56784
80,91,42.7551,0
81,3,126.811,0
81,6,66.2193,0
81,11,207.002,0
81,22,189.452,0
81,25,215.945,12.754
81,29,15,0
81,32,160.066,0
81,35,230.341,0
81,37,100.225,0
81,38,181.571,0
81,42,132.004,0
81,49,66.6483,0
81,57,133.843,0
81,58,150.881,0
81,60,239.271,12.2406
81,63,169.248,0
81,68,17,0
81,69,127.279,0
81,85,160.85,5.01276
81,86,123.406,0
81,89,110.073,0
81,92,154.956,3.64143
82,9,274.454,7.28321
82,11,221.314,16.4777
82,13,182.036,0
82,14,333.915,5.87624
82,18,88.459,0
82,27,370.962,4.87375
82,32,197.732,0
82,35,129.653,0
82,39,101.863,0
82,40,151.954,0
82,43,233.899,4.7554
82,44,139.069,7.70927
82,55,206.623,0.580364
82,64,110.635,0
82,73,228.785,8.25689
82,79,333.78,13.2318
82,80,312.011,7.56784
82,88,111.973,0
82,91,272.821,8.44445
82,98,388.232,11.5282
83,1,212.361,0
83,9,155.711,5.60639
83,10,128.082,0
83,12,215.52,0
83,14,301.664,24.8851
83,15,64.195,0
83,16,152.634,0
83,20,159.512,0
83,21,225.002,0
83,23,206.4,9.7841
83,26,217.002,0
83,27,130.579,2.15311
83,34,161.037,0
83,43,175.482,0
83,47,224.27,0
83,53,189.613,0
83,54,69.6419,0
83,59,62.6817,0
83,62,103.446,0
83,67,199.422,0
83,70,152.329,0
83,71,33.541,0
83,73,167.14,0.56461
83,75,67.1789,0
83,77,179.204,0
83,84,201.487,0
83,87,160.953,0
83,94,205.645,0
83,98,127.487,0
84,4,222.569,0
84,8,175.14,0
84,15,210.95,0
84,16,107.49,0
84,20,194.281,0
84,26,117.427,0
84,34,192.427,0
84,36,55.6058,0
84,46,175.111,0
84,48,227.794,0
84,53,109.124,0
84,62,168.155,0
84,66,228.6,0
84,67,104.403,0
84,71,231.002,0
84,76,108.757,0
84,83,201.487,0
84,87,228.037,0
84,95,170.238,0
85,4,355.708,22.6078
85,6,225.881,4.66318
85,7,290.489,9.49934
85,11,270.115,21.7777
85,14,418.669,0
85,23,421.96,10.3321
85,25,201.693,0
85,28,280.645,3.44605
85,29,156.032,4.7929
85,32,233.792,7.61458
85,37,119.221,6.12038
85,42,125.081,6.12109
85,49,142.126,4.78924
85,50,319.529,17.5976
85,52,336.381,0
85,56,276.173,2.87415
85,57,161.235,5.93771
85,58,113.394,9.51815
85,60,198.531,0.587328
85,63,160.471,6.89423
85,68,153.145,4.81379
85,69,228.121,6.11021
85,81,160.85,5.01276
85,89,143.623,5.54311
85,92,26.9072,0
85,97,207.933,0
86,3,79.1202,0
86,6,77.4726,0
86,13,193.652,0
86,22,68.1542,0
86,29,135.004,0
86,31,126.853,5.51898
86,32,149.646,0
86,35,209.117,0
86,37,180,0
86,38,99.925,0
86,40,223.02,0
86,49,183.208,0
86,55,217.614,9.24923
86,68,138.014,0
86,69,105.304,0
86,74,136.378,7.52938
86,81,123.406,0
86,88,232.573,0
86,89,225.887,0
87,4,105.119,0
87,7,221.333,18.7114
87,9,229.112,19.6491
87,11,339.978,10.4521
87,14,230.441,1.11843
87,15,223.895,0
87,16,121.248,0
87,23,45.3812,0.482312
87,25,339.117,0.534875
87,27,96.6004,1.66112
87,28,213.204,17.9389
87,43,288.453,24.5611
87,46,136.312,0
87,50,185.772,14.6612
87,52,158.077,0.509882
87,53,136.356,0
87,54,204.832,0
87,56,209.747,0.501764
87,58,403.887,2.62172
87,59,219.365,0
87,62,73.736,0
87,64,359.606,22.1538
87,66,218.936,0
87,67,147.679,0
87,71,154.146,0
87,73,272.694,23.3072
87,75,218.552,0
87,83,160.953,0
87,84,228.037,0
87,97,337.225,10.1554
87,98,72.2011,0
88,9,338.395,23.0686
88,11,98.0051,0
88,13,125.67,0
88,14,178.136,13.762
88,18,150.602,0
88,25,218.202,15.6881
88,27,345.352,25.8519
88,32,86.5794,0
88,35,29.7321,0
88,37,169.759,0
88,38,153.873,0
88,39,108.157,0
88,40,112.588,0
88,43,344.318,22.7129
88,44,153.19,6.52688
88,52,326.188,26.8587
88,55,155.184,0
88,56,321.031,26.9818
88,58,177.589,0
88,64,45.2769,0
88,69,131.137,0
88,73,317.113,23.4425
88,82,111.973,0
88,86,232.573,0
88,98,308.533,26.338
89,3,198.668,0
89,6,152.082,0
89,25,258.855,16.7287
89,29,95.462,0
89,37,164.247,0
89,42,34.1321,0
89,49,43.6578,0
89,57,25.4951,0
89,58,188.088,0
89,60,144.449,5.51246
89,63,60.208,0
89,68,93.1075,0
89,81,110.073,0
89,85,143.623,5.54311
89,86,225.887,0
89,90,226.142,0
89,92,148.872,4.665
89,97,329.972,28.0622
90,0,76.5572,0
90,42,198.708,0
90,51,45.8803,0
90,57,209.289,0
90,60,152.033,4.03451
90,63,167.048,0
90,78,173.761,0
90,89,226.142,0
91,9,311.495,21.7018
91,18,177.629,9.95166
91,24,177.344,11.0601
91,39,239.536,12.8757
91,43,256.212,9.96205
91,44,265.014,20.7467
91,73,288.417,13.1095
91,77,237.532,19.6887
91,79,61.8466,4.12311
91,80,42.7551,0
91,82,272.821,8.44445
92,4,337.055,24.4502
92,6,221.16,3.69736
92,7,290.586,10.1667
92,11,235.149,20.0559
92,14,393.954,0
92,23,412.814,7.44985
92,25,176.238,0
92,28,279.035,3.09711
92,29,152.66,3.9569
92,32,215.774,4.85875
92,37,103.21,4.07743
92,42,134.909,6.22527
92,49,142.839,3.62682
92,50,318.638,17.6811
92,52,318.025,0
92,56,264.189,0
92,57,169.014,5.54185
92,58,86.7003,6.13032
92,60,226.318,0
92,63,177.163,9.03183
92,64,245.553,7.44852
92,68,148.492,3.35876
92,69,214.01,4.30264
92,81,154.956,3.64143
92,85,26.9072,0
92,89,148.872,4.665
92,97,210.523,0
93,1,181.739,0
93,2,96.3846,0
93,5,63.0317,0
93,10,212.812,0
93,12,127.252,0
93,17,219.773,2.47223
93,19,21.0238,0
93,21,129.004,0
93,30,119.854,0
93,33,147.462,0
93,45,27.4591,0
93,47,123.26,0
93,70,191.018,0
93,72,99.3227,0
93,94,141.032,0
94,1,130.465,0
94,2,77.8974,0
94,5,104.216,0
94,10,82.4197,0
94,12,17.8045,0
94,15,149.723,0
94,19,122.589,0
94,20,160.705,0
94,21,78.7909,0
94,30,166.208,0
94,33,54.231,0
94,34,163.527,0
94,45,139.27,0
94,47,18.6815,0
94,54,168.107,0
94,59,145.523,0
94,70,73.4983,0
94,71,212.002,0
94,72,75.8222,0
94,75,147.801,0
94,77,160,0
94,83,205.645,0
94,93,141.032,0
95,1,141.397,0
95,2,231.4,0
95,8,16.7631,0
95,10,217.083,0
95,15,208.406,0
95,20,113.437,0
95,21,203.081,0
95,26,53.0094,0
95,34,110.476,0
95,36,145.962,0
95,48,57.8705,0
95,61,185.181,0
95,70,202.04,0
95,76,102.825,0
95,84,170.238,0
95,96,129.294,0
96,1,130,0
96,2,184.621,0
96,5,189.066,0
96,8,129.097,0
96,19,224.439,0
96,20,166.208,0
96,21,171.735,0
96,26,181.177,0
96,34,164.73,0
96,45,209.344,0
96,48,71.5681,0
96,61,121.116,0
96,70,216.4,0
96,76,225.46,0
96,95,129.294,0
97,4,150.257,12.3314
97,7,82.65,6.38
97,11,365.926,15.4695
97,14,385.177,5.19683
97,23,294.95,8.87221
97,25,247.168,0
97,28,81.6564,3.34049
97,37,303.219,21.6555
97,41,233.21,19.1905
97,42,315.161,23.9279
97,46,195.35,13.0233
97,50,112.4,9.63058
97,52,229.52,6.89325
97,53,261.987,14.6616
97,56,184.391,7.54326
97,58,271.893,1.48269
97,60,259.114,0
97,63,349.283,26.4745
97,66,201.959,13.5729
97,67,265.382,14.538
97,78,254.858,21.8313
97,85,207.933,0
97,87,337.225,10.1554
97,89,329.972,28.0622
97,92,210.523,0
98,4,198.661,9.4129
98,7,324.444,27.8167
98,9,152.412,9.11555
98,11,292.625,19.0692
98,14,167.64,11.4242
98,15,190.683,0
98,16,164.347,0
98,23,129.286,10.992
98,25,357.005,13.7079
98,27,24.3433,1.3977
98,28,304.054,25.9183
98,43,210.732,17.2474
98,46,205.572,0
98,50,285.045,23.52
98,52,193.959,14.6208
98,53,190.263,0
98,54,149.643,0
98,56,246.678,16.4452
98,58,415.789,16.1805
98,59,174.011,0
98,62,93.6376,0
98,64,259.105,22.1316
98,67,202.247,0
98,71,107.229,0
98,73,194.575,13.1367
98,75,169.358,0
98,77,227.748,0
98,82,388.232,11.5282
98,83,127.487,0
98,87,72.2011,0
98,88,308.533,26.338
99,17,154.734,11.6955
99,30,256.496,17.2397
99,65,67.2681,0
