0,6,112.889,2.53067
0,14,139.435,0
0,25,132.008,0
0,30,148.165,0
0,38,176.677,6.89697
0,74,216.689,12.9454
1,3,113.198,8.58
1,11,174.378,14.877
1,13,132.004,0
1,17,177.045,0
1,22,225.906,16.7333
1,24,75.8947,0
1,32,43.1045,0
1,33,137.726,3.04669
1,35,314.498,20.5121
1,36,162.114,0
1,46,116.726,0
1,53,195.997,16.0694
1,56,136.077,0
1,61,267.23,22.9104
1,62,159.477,0
1,63,113,0
1,64,118.982,8.78221
1,68,176.615,0
1,70,62.2013,0
1,71,40.8044,0
1,73,66.4135,1.45846
1,78,172.351,0
1,79,186.473,0
1,82,224.627,18.1815
1,89,125.67,0
1,90,26.4197,0
1,91,119.306,4.97999
1,93,122.026,9.48122
1,95,40.2244,0
2,8,110.304,6.39005
2,9,277.279,23.1896
2,10,95.4584,7.5609
2,18,319.092,12.2321
2,20,346.084,11.3503
2,25,290.218,22.5842
2,29,157.604,12.4925
2,34,96.2681,7.62503
2,43,83.086,6.66465
2,45,262.598,22.3063
2,50,194.258,15.6619
2,51,46.7563,1.10739
2,57,76.6475,6.55892
2,58,257.915,19.0008
2,74,273.36,21.5178
2,80,20.5183,0
2,81,131.522,9.81415
2,96,199.894,17.047
2,97,16.1245,0
2,98,286.33,14.786
3,1,113.198,8.58
3,11,280.424,10.0998
3,13,135.093,0
3,19,277.186,16.9337
3,20,175.09,14.1158
3,22,149.983,12.8648
3,24,135.055,6.99832
3,32,156.056,9.70178
3,33,167.917,12.3173
3,53,124.679,10.6654
3,60,287.083,4.58294
3,61,224.573,7.57733
3,62,227.763,17.0822
3,63,132.008,0
3,64,5.83095,0
3,65,184.289,12.1086
3,70,167.53,9.47666
3,71,108.544,8.25976
3,73,47.4659,2.87014
3,82,234.391,12.2461
3,84,342.019,10.3928
3,87,211.293,17.8579
3,90,132.076,8.85194
3,91,75.7017,6.45892
3,93,32.311,2.15407
3,95,151.856,9.37933
4,11,138.419,4.49025
4,15,100.24,0
4,17,60.8769,0
4,26,166.105,3.66295
4,35,177.869,9.21685
4,36,136.484,0
4,39,78.5493,0
4,46,108.342,0
4,47,70.0928,0
4,48,92.6553,0
4,59,68.4763,0
4,66,139.702,8.96113
4,70,144.361,0
4,71,181.246,0
4,72,112.77,0
4,77,197.18,10.8057
4,83,113.004,0
4,85,53.1601,0
4,86,58.8303,0
4,89,126.491,0
4,92,228.083,16.5087
4,95,171.642,0
5,11,331.177,12.8037
5,15,208.316,17.8409
5,16,148.101,12.6012
5,17,273.252,23.2924
5,22,326.565,14.8693
5,26,138.868,11.0805
5,28,39.4081,0
5,35,199.052,11.4643
5,39,232.945,19.9605
5,40,73.3757,0
5,49,198.732,14.8159
5,50,271.618,19.1599
5,52,119.365,7.89171
5,65,232.406,18.9806
5,72,208.775,10.6867
5,75,51.1957,0
5,76,23.0868,0
5,77,161.079,12.1313
5,83,215.881,15.5683
5,84,173.402,11.8015
5,92,123.43,9.3871
5,94,77.3278,6.6281
5,96,247.113,20.9093
6,0,112.889,2.53067
6,8,225.115,19.2632
6,14,46.0435,0
6,25,116.478,5.91891
6,29,184.428,15.8168
6,30,158.558,5.96173
6,38,181.794,14.2898
6,44,103.697,0
6,49,211.507,14.8622
6,58,219.919,18.5524
6,74,218.313,18.6627
7,19,92.443,7.78918
7,20,287.555,0.53053
7,23,46.669,0.665512
7,27,68.5525,5.29177
7,31,119.085,6.56891
7,41,165.463,14.1421
7,42,137.462,10.2096
7,51,374.937,0.591372
7,54,117.065,9.87709
7,55,70.859,0
7,57,362.713,1.11253
7,60,148.484,12.1079
7,61,235.656,16.6819
7,64,314.27,20.5135
7,81,299.028,3.69334
7,87,102.886,1.86511
7,91,315.29,20.78
7,98,105.791,3.48761
8,2,110.304,6.39005
8,6,225.115,19.2632
8,9,336.331,13.4022
8,10,186.711,11.0652
8,14,180.006,4.90972
8,25,166.628,13.7005
8,29,50.0657,3.95391
8,30,202.887,8.58814
8,34,211.122,11.0777
8,38,184.694,9.89434
8,43,130.729,0.975136
8,44,160.82,5.54176
8,45,292.885,23.1003
8,49,214.593,18.3961
8,50,276.132,13.2359
8,51,155.596,13.3187
8,57,184.039,13.6245
8,58,177.362,15.2151
8,74,191.175,16.2256
8,80,128.456,10.4166
8,81,242.987,15.3898
8,88,318.518,16.1376
8,96,291.386,17.3849
8,97,113.867,3.52444
9,2,277.279,23.1896
9,8,336.331,13.4022
9,12,159.625,0
9,18,185.454,15.7705
9,25,280.384,22.5494
9,30,168.156,13.2654
9,34,245.078,20.9865
9,37,230.426,0
9,38,146.341,10.9314
9,45,53.8516,0
9,58,176.188,8.5268
9,69,238.847,12.2161
9,74,161.431,11.14
9,88,67.8531,3.01569
9,97,266.721,20.7391
10,2,95.4584,7.5609
10,8,186.711,11.0652
10,16,235.124,20.0647
10,20,254.951,0
10,23,357.505,0.515129
10,29,215.131,16.735
10,34,169.502,4.48965
10,43,84.6801,7.24002
10,49,270.034,23.12
10,50,116.691,7.5138
10,51,99.3579,0
10,55,314.176,16.6015
10,57,68.8186,0
10,65,202.058,17.2306
10,75,295.06,22.4364
10,80,85.5262,4.00769
10,81,104.173,0
10,96,109.262,9.35836
10,97,111.15,9.50631
10,98,310.728,0
11,1,174.378,14.877
11,3,280.424,10.0998
11,4,138.419,4.49025
11,5,331.177,12.8037
11,15,130.42,3.77664
11,16,265.345,0
11,17,82.3752,3.46189
11,22,179.388,0
11,26,183.495,14.3124
11,28,333.727,10.6714
11,32,178.013,12.8938
11,35,131.59,0
11,36,200.354,5.7333
11,39,127.885,3.47201
11,46,140.063,5.61769
11,47,175.017,3.93344
11,53,184.801,1.88405
11,64,286.816,10.9292
11,65,269.777,2.90837
11,70,117.531,5.27403
11,71,147.472,9.66954
11,72,187.002,3.50765
11,73,234.391,12.2461
11,75,292.675,10.6543
11,76,309.494,5.57693
11,83,80.3772,3.57232
11,84,195.438,0
11,85,180.24,3.35218
11,86,171.911,4.84612
11,89,165.985,5.78516
11,90,191.184,15.3603
11,92,208.471,0
11,93,264.197,0
11,95,154.328,11.7911
12,9,159.625,0
12,18,101.902,8.74134
12,21,202.788,12.5839
12,34,242.045,20.1245
12,37,80.9938,0
12,45,108.904,0
12,58,298.247,16.8628
12,67,246.623,12.2643
12,69,87.9154,6.94306
12,74,323.341,10.7153
12,88,227.349,3.43774
12,97,279.366,23.3337
13,1,132.004,0
13,3,135.093,0
13,24,65,0
13,32,141.989,0
13,33,53.0298,3.01409
13,56,136.953,0
13,60,309.345,13.6794
13,61,206.864,12.2344
13,62,36.7967,0
13,63,25.6125,0
13,64,136.029,0
13,68,75.6439,0
13,70,185.925,0
13,71,166.595,0
13,73,144.961,5.14648
13,78,133.507,0
13,79,147.868,0
13,82,108.044,8.90546
13,90,121.396,0
13,91,117.605,9.30967
13,93,185.784,10.4801
13,95,158.685,0
13,99,187.771,0
14,0,139.435,0
14,6,46.0435,0
14,8,180.006,4.90972
14,25,178.427,11.0205
14,29,143.842,5.37597
14,38,277.5,23.125
14,44,66.4906,0
14,49,165.179,10.2501
14,58,301.666,21.8085
15,4,100.24,0
15,5,208.316,17.8409
15,11,130.42,3.77664
15,16,308.311,18.1621
15,17,69.3542,0
15,26,60.9225,1.01287
15,28,143.099,10.0942
15,35,120.525,7.97281
15,39,22.1359,0
15,40,184.723,14.2961
15,46,187.216,0
15,47,73.7631,0
15,48,155.824,0
15,59,121.594,0
15,66,99.2122,6.67387
15,72,61.2944,0
15,75,253.724,19.7927
15,76,211.078,17.3058
15,77,105.902,8.68915
15,83,55.0091,0
15,84,222.413,17.7655
15,85,103.044,0
15,86,159.013,0
15,92,175.489,13.3925
15,94,177.406,0
16,5,148.101,12.6012
16,10,235.124,20.0647
16,11,265.345,0
16,15,308.311,18.1621
16,17,296.199,21.2079
16,20,208.687,11.3377
16,22,172.105,0
16,26,295.393,2.46017
16,28,217.785,16.2607
16,35,172.8,0
16,40,220.313,15.6702
16,43,307.021,15.1051
16,50,128.895,11.0213
16,53,189.72,5.40856
16,65,84.5406,1.82988
16,71,359.907,4.0986
16,75,96.6966,6.59927
16,76,127.027,10.7848
16,83,238.962,11.4188
16,84,78.1025,0
16,92,140.186,0
16,93,265.837,18.6446
16,94,247.795,19.4145
16,96,111.067,9.03644
17,1,177.045,0
17,4,60.8769,0
17,5,273.252,23.2924
17,11,82.3752,3.46189
17,15,69.3542,0
17,16,296.199,21.2079
17,22,251.895,19.9721
17,26,117.414,0
17,28,226.659,18.8544
17,32,178.317,0
17,35,117.081,8.25517
17,36,167.863,0
17,39,56.5685,0
17,46,119.331,0
17,47,93.0215,0
17,48,148.718,0
17,53,263.044,20.7022
17,59,118.697,0
17,66,146.342,7.48196
17,70,131.217,0
17,71,172.165,10.5233
17,72,114.11,0
17,75,266.702,22.8485
17,76,253.244,21.5795
17,77,175.231,10.5306
17,83,55.7853,0
17,84,217.218,17.8138
17,85,99.1564,0
17,86,110.168,0
17,89,144.312,0
17,92,170.535,14.3625
17,95,156.707,0
18,2,319.092,12.2321
18,9,185.454,15.7705
18,12,101.902,8.74134
18,21,161.79,0
18,34,212.997,10.2037
18,37,129.397,9.97186
18,41,326.657,17.9128
18,45,141.67,11.4426
18,51,287.833,12.3099
18,55,281.515,9.28071
18,57,321.367,12.0914
18,67,202.988,0
18,69,82.2698,4.66318
18,80,305.621,13.7586
18,81,349.857,0
18,88,220.101,17.3956
18,97,298.754,12.405
18,98,252.958,0
19,3,277.186,16.9337
19,7,92.443,7.78918
19,20,324.465,5.57942
19,23,152.619,10.2664
19,27,151.287,4.76213
19,31,203.174,2.42732
19,33,312.32,0
19,41,229.229,18.505
19,42,220.288,10.7455
19,54,90.9725,0
19,55,163.637,10.6588
19,60,59.2284,0
19,61,160.012,0
19,62,340.272,3.37098
19,64,263.509,17.1201
19,82,270.148,0
19,87,71.0638,3.80699
19,91,282.645,0
19,93,222.5,17.3036
19,98,196.196,12.2194
20,2,346.084,11.3503
20,3,175.09,14.1158
20,7,287.555,0.53053
20,10,254.951,0
20,16,208.687,11.3377
20,19,324.465,5.57942
20,22,165.838,11.7891
20,23,272.382,0
20,27,358.522,7.41925
20,34,372,0
20,35,335.395,12.2094
20,43,275.12,21.8542
20,50,167.007,10.5569
20,51,309.438,0
20,53,161.447,11.9183
20,55,314.372,13.0876
20,57,275.347,0
20,60,321.401,14.0005
20,64,192.304,16.3457
20,65,129.054,8.24943
20,71,305.216,21.448
20,73,243.022,18.5411
20,75,293.079,18.9704
20,80,327.453,4.41801
20,81,236.076,0
20,84,259.08,11.2718
20,87,256.031,0
20,91,280.237,19.524
20,92,339.609,11.637
20,93,190.498,13.7883
20,96,146.949,7.6988
20,98,319.553,10.8711
21,12,202.788,12.5839
21,18,161.79,0
21,31,313.145,21.0318
21,37,193.752,0
21,41,268.613,15.6121
21,42,277.779,19.8293
21,45,285.273,19.1835
21,55,303.526,10.913
21,67,42.19,0
21,69,114.866,4.62519
21,98,308.577,0
22,1,225.906,16.7333
22,3,149.983,12.8648
22,5,326.565,14.8693
22,11,179.388,0
22,16,172.105,0
22,17,251.895,19.9721
22,20,165.838,11.7891
22,32,272.078,22.0734
22,35,191.018,0
22,50,173.609,10.9743
22,53,22.1359,1.89737
22,64,144.404,12.164
22,65,99.8167,7.73138
22,70,258.732,18.4818
22,71,199.333,3.97222
22,73,207.461,0
22,75,258.151,8.57239
22,76,304.352,6.17814
22,83,243.008,12.1051
22,84,155.332,0
22,90,252.053,20.8493
22,91,223.301,19.1555
22,92,228.035,0
22,93,113.395,9.70156
22,95,259.855,19.0674
22,96,152.229,8.63271
23,7,46.669,0.665512
23,10,357.505,0.515129
23,19,152.619,10.2664
23,20,272.382,0
23,27,89.2351,6.50805
23,31,125.101,8.42172
23,34,333.754,0
23,41,123.019,2.83355
23,42,111.72,8.52595
23,51,329.278,0
23,54,154.485,12.7703
23,55,71.4535,5.98136
23,57,319.462,0
23,60,213.754,10.1841
23,61,314.38,7.13236
23,81,256.437,2.59326
23,87,141.421,0
23,98,105.66,9.01495
24,1,75.8947,0
24,3,135.055,6.99832
24,13,65,0
24,32,77.3692,0
24,33,92.7946,2.87221
24,46,166.688,0
24,56,95.1893,0
24,61,244.958,20.1572
24,62,99.6444,0
24,63,41,0
24,64,130.946,3.96218
24,68,101.079,0
24,70,122.691,0
24,71,115.451,0
24,73,110.356,2.8555
24,78,114.232,0
24,79,129.692,0
24,82,167.401,13.9108
24,89,164.247,0
24,90,59.0085,0
24,91,112.206,5.65683
24,93,170.182,12.1125
24,95,95.4254,0
25,0,132.008,0
25,2,290.218,22.5842
25,6,116.478,5.91891
25,8,166.628,13.7005
25,9,280.384,22.5494
25,14,178.427,11.0205
25,29,132.43,9.64478
25,30,116.751,9.22035
25,38,113.568,9.72992
25,43,265.751,22.7967
25,44,214.764,17.6186
25,58,106.49,8.47135
25,74,112.34,9.14985
25,88,206.158,17.2947
25,97,293.107,19.226
26,4,166.105,3.66295
26,5,138.868,11.0805
26,11,183.495,14.3124
26,15,60.9225,1.01287
26,16,295.393,2.46017
26,17,117.414,0
26,28,62.5664,1.9074
26,35,177.999,4.88379
26,39,83.0596,1.02408
26,40,114.102,8.83561
26,47,127.016,0
26,52,170.88,0
26,59,177.102,0
26,66,151.083,12.0116
26,72,109.706,5.92316
26,75,205.25,10.6357
26,76,155.65,7.83486
26,77,87.2397,7.38257
26,83,73.8241,0
26,84,238.58,2.67178
26,85,159.706,0
26,92,158.202,2.68359
26,94,118.596,0
27,7,68.5525,5.29177
27,19,151.287,4.76213
27,20,358.522,7.41925
27,23,89.2351,6.50805
27,31,52.8015,0
27,41,99.6534,8.39672
27,42,73.0414,5.4781
27,54,130,0
27,55,91.9239,7.61944
27,60,212.009,3.70924
27,61,313.097,4.24976
27,81,335.917,11.8129
27,87,135.764,10.6283
27,98,131.317,10.3412
28,5,39.4081,0
28,11,333.727,10.6714
28,15,143.099,10.0942
28,16,217.785,16.2607
28,17,226.659,18.8544
28,26,62.5664,1.9074
28,35,214.075,8.17633
28,39,169.427,11.81
28,40,48.0521,0
28,47,197.352,6.05155
28,52,113.217,0
28,65,330.719,12.0784
28,66,189.684,9.34511
28,72,158.446,4.7028
28,75,84.7231,0
28,76,51.4782,0
28,77,121.182,10.2359
28,83,191.907,14.0982
28,84,223.03,8.69379
28,92,151.679,7.48336
28,94,60.8358,0
29,2,157.604,12.4925
29,6,184.428,15.8168
29,8,50.0657,3.95391
29,10,215.131,16.735
29,14,143.842,5.37597
29,25,132.43,9.64478
29,30,214.646,13.8305
29,34,260.866,18.3496
29,38,188.285,11.3452
29,43,118.317,10.1202
29,44,110.318,0
29,49,156.582,12.4539
29,50,272.152,20.3723
29,51,199.321,17.003
29,57,233.565,18.1756
29,58,131.674,0
29,74,145.152,0
29,80,172.458,14.762
29,81,294.716,19.9979
29,96,290.272,22.9178
29,97,164.399,11.4103
30,0,148.165,0
30,6,158.558,5.96173
30,8,202.887,8.58814
30,9,168.156,13.2654
30,25,116.751,9.22035
30,29,214.646,13.8305
30,38,23.7065,0
30,45,203.792,16.4226
30,58,65.8635,0
30,74,52.2015,0
30,88,112.435,7.35187
31,7,119.085,6.56891
31,19,203.174,2.42732
31,21,313.145,21.0318
31,23,125.101,8.42172
31,27,52.8015,0
31,41,47.4342,0
31,42,19.9249,0
31,54,157.709,0
31,55,89.2845,6.83453
31,60,258.679,2.42029
31,61,361.161,2.44595
31,67,287.004,22.8814
31,87,187.768,12.6096
31,98,128.34,9.47295
32,1,43.1045,0
32,3,156.056,9.70178
32,11,178.013,12.8938
32,13,141.989,0
32,17,178.317,0
32,22,272.078,22.0734
32,24,77.3692,0
32,33,159.16,2.37088
32,36,124.631,0
32,46,89.9611,0
32,53,242.478,20.6979
32,56,102.65,0
32,62,175.046,0
32,63,118.36,0
32,64,161.691,9.81074
32,68,167.872,0
32,70,47.3814,0
32,71,73.4098,0
32,73,109.247,1.47396
32,78,144.807,0
32,79,157.385,0
32,86,172.812,0
32,89,91.4385,0
32,90,25.6125,0
32,91,155.255,5.5507
32,93,165.107,10.5752
32,95,22.3607,0
33,1,137.726,3.04669
33,3,167.917,12.3173
33,13,53.0298,3.01409
33,19,312.32,0
33,24,92.7946,2.87221
33,32,159.16,2.37088
33,56,180.916,3.05855
33,60,256.912,0
33,61,155.242,0
33,62,65.6266,3.99351
33,63,68.0806,2.74855
33,64,174.414,11.0853
33,68,128.232,3.48144
33,71,166.633,4.28234
33,73,150.568,12.7188
33,78,183.353,2.9039
33,82,83.3547,0
33,87,295.452,12.6388
33,90,135.752,2.81699
33,91,107.07,0
33,93,199.09,16.3375
33,95,171.688,2.74517
34,2,96.2681,7.62503
34,8,211.122,11.0777
34,9,245.078,20.9865
34,10,169.502,4.48965
34,12,242.045,20.1245
34,18,212.997,10.2037
34,20,372,0
34,23,333.754,0
34,29,260.866,18.3496
34,43,158.27,12.7035
34,45,223.224,19.1314
34,50,297.42,8.31451
34,51,76.792,1.66216
34,55,245.006,13.1253
34,57,115.412,0
34,58,312.24,17.6625
34,69,290.951,15.2769
34,80,82.3384,6.2894
34,81,136.132,0
34,96,305.64,10.076
34,97,95.49,7.05314
34,98,214.849,0
35,1,314.498,20.5121
35,4,177.869,9.21685
35,5,199.052,11.4643
35,11,131.59,0
35,15,120.525,7.97281
35,16,172.8,0
35,17,117.081,8.25517
35,20,335.395,12.2094
35,22,191.018,0
35,26,177.999,4.88379
35,28,214.075,8.17633
35,39,130.185,7.92204
35,40,261.244,19.8477
35,46,233.531,17.1676
35,47,186.824,8.62774
35,50,302.019,19.3729
35,53,213.265,1.97324
35,65,217.368,2.41265
35,66,221.023,15.0353
35,70,249.074,21.2374
35,71,285.293,4.21844
35,72,183.282,9.37056
35,73,349.6,4.32813
35,75,168.899,8.8844
35,76,178.155,5.19618
35,77,246.495,17.9986
35,83,68.2495,5.84078
35,84,94.8683,0
35,85,205.319,8.439
35,92,77.201,0
35,93,332.151,0
35,94,272.208,19.6614
35,95,292.972,23.1299
35,96,283.757,19.0007
36,1,162.114,0
36,4,136.484,0
36,11,200.354,5.7333
36,17,167.863,0
36,32,124.631,0
36,46,61.2046,0
36,48,176.343,0
36,56,147.648,0
36,59,177.789,0
36,70,108.24,0
36,71,171.563,0
36,85,174.751,0
36,86,85.703,0
36,89,38.833,0
36,90,150.243,0
36,95,122.119,0
37,9,230.426,0
37,12,80.9938,0
37,18,129.397,9.97186
37,21,193.752,0
37,45,184.532,0
37,67,227.702,0
37,69,63.6859,5.2071
37,88,295.857,3.36921
38,0,176.677,6.89697
38,6,181.794,14.2898
38,8,184.694,9.89434
38,9,146.341,10.9314
38,14,277.5,23.125
38,25,113.568,9.72992
38,29,188.285,11.3452
38,30,23.7065,0
38,45,178.16,13.5355
38,58,42.19,0
38,74,29,0
38,88,82.2192,0
38,97,285.219,23.3548
39,4,78.5493,0
39,5,232.945,19.9605
39,11,127.885,3.47201
39,15,22.1359,0
39,17,56.5685,0
39,26,83.0596,1.02408
39,28,169.427,11.81
39,35,130.185,7.92204
39,40,200.891,13.4467
39,46,170.176,0
39,47,56.8243,0
39,48,135.96,0
39,59,101.789,0
39,66,94.9312,6.76214
39,70,187.537,0
39,72,59.439,0
39,75,275.228,22.4951
39,76,235.228,19.8557
39,77,123.78,9.67791
39,83,62.2896,0
39,84,225.209,19.2703
39,85,82.6075,0
39,86,137.379,0
39,92,185.68,15.7584
40,5,73.3757,0
40,15,184.723,14.2961
40,16,220.313,15.6702
40,26,114.102,8.83561
40,28,48.0521,0
40,35,261.244,19.8477
40,39,200.891,13.4467
40,49,196.914,4.89407
40,52,99,2.80645
40,66,324.032,11.4536
40,72,257.729,18.8071
40,75,124.455,0
40,76,93.2148,0
40,77,159.251,7.48369
40,83,234.939,19.9512
40,84,268.675,20.5546
40,92,198.804,16.6856
40,94,49.6588,0
41,7,165.463,14.1421
41,18,326.657,17.9128
41,19,229.229,18.505
41,21,268.613,15.6121
41,23,123.019,2.83355
41,27,99.6534,8.39672
41,31,47.4342,0
41,42,29,0
41,54,159.59,13.5804
41,55,92.6553,0
41,60,281.208,20.9073
41,67,266.775,12.135
41,87,234.486,19.9274
41,98,136.487,7.65446
42,7,137.462,10.2096
42,19,220.288,10.7455
42,21,277.779,19.8293
42,23,111.72,8.52595
42,27,73.0414,5.4781
42,31,19.9249,0
42,41,29,0
42,54,145.949,12.0733
42,55,71.5681,0
42,60,274.653,11.4977
42,67,268.238,19.6801
42,87,208.786,16.1168
42,98,110.954,4.27327
43,2,83.086,6.66465
43,8,130.729,0.975136
43,10,84.6801,7.24002
43,16,307.021,15.1051
43,20,275.12,21.8542
43,25,265.751,22.7967
43,29,118.317,10.1202
43,34,158.27,12.7035
43,44,220.023,18.5214
43,49,191.988,16.3834
43,50,149.506,9.88449
43,51,134.116,11.2905
43,57,133.037,10.45
43,65,244.294,20.9561
43,75,253.069,21.6763
43,80,71.6455,0.526567
43,81,185.759,12.0599
43,96,167.317,12.6954
43,97,99.9892,8.15568
44,6,103.697,0
44,8,160.82,5.54176
44,14,66.4906,0
44,25,214.764,17.6186
44,29,110.318,0
44,43,220.023,18.5214
44,49,100.429,8.4949
44,52,187.331,11.6481
45,2,262.598,22.3063
45,8,292.885,23.1003
45,9,53.8516,0
45,12,108.904,0
45,18,141.67,11.4426
45,21,285.273,19.1835
45,30,203.792,16.4226
45,34,223.224,19.1314
45,37,184.532,0
45,38,178.16,13.5355
45,58,212.48,9.92079
45,69,178.353,12.6501
45,74,219.008,8.6628
45,80,247.06,20.3017
45,88,122.147,2.98668
45,97,249.095,20.452
46,1,116.726,0
46,4,108.342,0
46,11,140.063,5.61769
46,15,187.216,0
46,17,119.331,0
46,24,166.688,0
46,32,89.9611,0
46,35,233.531,17.1676
46,36,61.2046,0
46,39,170.176,0
46,47,178.272,0
46,48,178.16,0
46,56,155.955,0
46,59,167.765,0
46,70,55.4437,0
46,71,116.276,0
46,73,176.179,1.78404
46,83,167.738,0
46,85,158.013,0
46,86,82.8553,0
46,89,26.4197,0
46,90,113.371,0
46,95,77.801,0
47,4,70.0928,0
47,11,175.017,3.93344
47,15,73.7631,0
47,17,93.0215,0
47,26,127.016,0
47,28,197.352,6.05155
47,35,186.824,8.62774
47,39,56.8243,0
47,46,178.272,0
47,48,84.0952,0
47,59,50.636,0
47,66,71.8905,5.99088
47,72,48.2701,0
47,77,153.464,12.4606
47,83,118.224,0
47,85,36.2353,0
47,86,119.541,0
47,92,243.143,20.1678
48,4,92.6553,0
48,15,155.824,0
48,17,148.718,0
48,36,176.343,0
48,39,135.96,0
48,46,178.16,0
48,47,84.0952,0
48,59,34.2345,0
48,66,193.07,11.9537
48,72,151.985,10.3239
48,85,53.6004,0
48,86,96.5091,0
48,89,185.97,0
49,5,198.732,14.8159
49,6,211.507,14.8622
49,8,214.593,18.3961
49,10,270.034,23.12
49,14,165.179,10.2501
49,29,156.582,12.4539
49,40,196.914,4.89407
49,43,191.988,16.3834
49,44,100.429,8.4949
49,50,256.607,21.5116
49,52,112.475,5.51424
49,75,209.891,16.658
49,76,219.081,17.3674
49,94,148.086,4.72816
49,96,275.966,23.2791
50,2,194.258,15.6619
50,5,271.618,19.1599
50,8,276.132,13.2359
50,10,116.691,7.5138
50,16,128.895,11.0213
50,20,167.007,10.5569
50,22,173.609,10.9743
50,29,272.152,20.3723
50,34,297.42,8.31451
50,35,302.019,19.3729
50,43,149.506,9.88449
50,49,256.607,21.5116
50,51,216.123,8.2586
50,53,160.169,2.06372
50,57,181.966,7.83402
50,65,88.2289,1.9305
50,75,191.637,14.3249
50,76,223.495,18.9721
50,80,195.728,12.6237
50,81,199.939,4.1246
50,84,207.268,16.1507
50,92,281.894,14.3922
50,96,20.1861,1.45573
50,97,210.274,17.7442
51,2,46.7563,1.10739
51,7,374.937,0.591372
51,8,155.596,13.3187
51,10,99.3579,0
51,18,287.833,12.3099
51,20,309.438,0
51,23,329.278,0
51,29,199.321,17.003
51,34,76.792,1.66216
51,43,134.116,11.2905
51,50,216.123,8.2586
51,55,258.925,15.1285
51,57,36.8782,0
51,80,26.8458,0.980457
51,81,80.6226,0
51,96,208.147,13.8764
51,97,54.4363,0.663007
51,98,242.998,0
52,5,119.365,7.89171
52,26,170.88,0
52,28,113.217,0
52,40,99,2.80645
52,44,187.331,11.6481
52,49,112.475,5.51424
52,75,213.544,16.2068
52,76,136.347,6.84018
52,77,252.095,21.5466
52,92,239.126,20.1618
52,94,52.3927,0
53,1,195.997,16.0694
53,3,124.679,10.6654
53,11,184.801,1.88405
53,16,189.72,5.40856
53,17,263.044,20.7022
53,20,161.447,11.9183
53,22,22.1359,1.89737
53,32,242.478,20.6979
53,35,213.265,1.97324
53,50,160.169,2.06372
53,64,123.346,10.4065
53,65,74.4312,0
53,70,240.332,18.552
53,71,176.299,5.40178
53,73,172.209,2.35517
53,75,278.599,12.3822
53,76,326.565,9.94205
53,83,261.563,13.2309
53,84,178.573,3.74424
53,87,266.031,22.7717
53,90,222.669,19.0691
53,91,202.217,17.3368
53,92,252.371,2.86467
53,93,91.2579,7.78839
53,95,235.316,18.8402
53,96,146.716,3.00314
54,7,117.065,9.87709
54,19,90.9725,0
54,23,154.485,12.7703
54,27,130,0
54,31,157.709,0
54,41,159.59,13.5804
54,42,145.949,12.0733
54,55,219.505,15.2016
54,60,125.539,0
54,61,222.657,0
54,82,309.666,5.16396
54,87,148.811,4.84852
54,91,358.411,2.91703
54,98,258.147,20.4879
55,7,70.859,0
55,10,314.176,16.6015
55,18,281.515,9.28071
55,19,163.637,10.6588
55,20,314.372,13.0876
55,21,303.526,10.913
55,23,71.4535,5.98136
55,27,91.9239,7.61944
55,31,89.2845,6.83453
55,34,245.006,13.1253
55,41,92.6553,0
55,42,71.5681,0
55,51,258.925,15.1285
55,54,219.505,15.2016
55,57,260.111,15.4434
55,60,221.187,18.3416
55,67,312.09,11.3492
55,69,345.824,12.9751
55,80,282.885,20.6491
55,81,210.059,14.382
55,87,186.098,15.374
55,98,41.1342,2.96641
56,1,136.077,0
56,13,136.953,0
56,24,95.1893,0
56,32,102.65,0
56,33,180.916,3.05855
56,36,147.648,0
56,46,155.955,0
56,62,172.887,0
56,63,113.719,0
56,68,109.59,0
56,70,142.056,0
56,71,173.925,0
56,73,192.768,2.03792
56,78,47.5395,0
56,79,56.8243,0
56,89,138.924,0
56,90,109.659,0
56,95,123.762,0
56,99,148.762,0
57,2,76.6475,6.55892
57,7,362.713,1.11253
57,8,184.039,13.6245
57,10,68.8186,0
57,18,321.367,12.0914
57,20,275.347,0
57,23,319.462,0
57,29,233.565,18.1756
57,34,115.412,0
57,43,133.037,10.45
57,50,181.966,7.83402
57,51,36.8782,0
57,55,260.111,15.4434
57,65,310.935,13.0215
57,80,55.0252,3.66835
57,81,58.8218,0
57,96,184.827,10.5542
57,97,86.0108,7.06194
57,98,250.392,0
58,2,257.915,19.0008
58,6,219.919,18.5524
58,8,177.362,15.2151
58,9,176.188,8.5268
58,12,298.247,16.8628
58,14,301.666,21.8085
58,25,106.49,8.47135
58,29,131.674,0
58,30,65.8635,0
58,34,312.24,17.6625
58,38,42.19,0
58,45,212.48,9.92079
58,74,15.1327,0
58,80,276,22.077
58,88,109.859,9.15492
58,97,243.027,16.1181
59,4,68.4763,0
59,15,121.594,0
59,17,118.697,0
59,26,177.102,0
59,36,177.789,0
59,39,101.789,0
59,46,167.765,0
59,47,50.636,0
59,48,34.2345,0
59,66,128.974,10.7978
59,72,95.3415,0
59,77,209.557,15.9465
59,83,158.231,0
59,85,20.1246,0
59,86,92.5743,0
59,89,180.136,0
60,3,287.083,4.58294
60,7,148.484,12.1079
60,13,309.345,13.6794
60,19,59.2284,0
60,20,321.401,14.0005
60,23,213.754,10.1841
60,27,212.009,3.70924
60,31,258.679,2.42029
60,33,256.912,0
60,41,281.208,20.9073
60,42,274.653,11.4977
60,54,125.539,0
60,55,221.187,18.3416
60,61,102.489,0
60,62,281.548,3.33636
60,64,282.613,1.77314
60,73,331.512,7.57715
60,82,211.149,0
60,87,102.856,5.31398
60,91,230.608,4.00472
60,93,301.009,11.6791
61,1,267.23,22.9104
61,3,224.573,7.57733
61,7,235.656,16.6819
61,13,206.864,12.2344
61,19,160.012,0
61,23,314.38,7.13236
61,24,244.958,20.1572
61,27,313.097,4.24976
61,31,361.161,2.44595
61,33,155.242,0
61,54,222.657,0
61,60,102.489,0
61,62,181.017,3.27303
61,63,223.592,16.697
61,64,229.69,1.99603
61,73,267.953,7.70408
61,82,112.641,0
61,87,166.928,9.35212
61,91,148.235,4.74955
61,93,269.133,7.59177
62,1,159.477,0
62,3,227.763,17.0822
62,13,36.7967,0
62,19,340.272,3.37098
62,24,99.6444,0
62,32,175.046,0
62,33,65.6266,3.99351
62,56,172.887,0
62,60,281.548,3.33636
62,61,181.017,3.27303
62,63,62.2415,0
62,64,238.884,15.2939
62,68,96.1873,0
62,73,163.372,6.90349
62,78,165.245,0
62,79,178.765,0
62,82,70.092,3.18367
62,87,339.833,14.7406
62,90,152.765,0
62,91,173.375,4.63964
62,93,252.252,21.1496
63,1,113,0
63,3,132.008,0
63,13,25.6125,0
63,24,41,0
63,32,118.36,0
63,33,68.0806,2.74855
63,56,113.719,0
63,61,223.592,16.697
63,62,62.2415,0
63,64,134.015,0
63,68,73.5527,0
63,70,163.487,0
63,71,150.153,0
63,73,134.287,4.1205
63,78,116,0
63,79,131.061,0
63,82,133.704,11.4699
63,90,99.3227,0
63,91,114.381,7.37002
63,93,187.245,12.4171
63,95,136.195,0
63,99,182.477,0
64,1,118.982,8.78221
64,3,5.83095,0
64,7,314.27,20.5135
64,11,286.816,10.9292
64,13,136.029,0
64,19,263.509,17.1201
64,20,192.304,16.3457
64,22,144.404,12.164
64,24,130.946,3.96218
64,32,161.691,9.81074
64,33,174.414,11.0853
64,53,123.346,10.4065
64,60,282.613,1.77314
64,61,229.69,1.99603
64,62,238.884,15.2939
64,63,134.015,0
64,65,174.424,8.96901
64,70,173.349,9.53993
64,71,112.557,7.99004
64,73,53.3211,4.07703
64,82,235.981,10.558
64,84,319.646,18.1108
64,87,205.481,17.1711
64,90,136.493,8.66051
64,91,79.0569,6.22573
64,93,33.522,2.08606
64,95,158.777,9.84025
65,3,184.289,12.1086
65,5,232.406,18.9806
65,10,202.058,17.2306
65,11,269.777,2.90837
65,16,84.5406,1.82988
65,20,129.054,8.24943
65,22,99.8167,7.73138
65,28,330.719,12.0784
65,35,217.368,2.41265
65,43,244.294,20.9561
65,50,88.2289,1.9305
65,53,74.4312,0
65,57,310.935,13.0215
65,64,174.424,8.96901
65,71,296.848,14.6247
65,73,217.308,18.3982
65,75,180.035,9.17823
65,76,211.585,15.5007
65,81,299.33,11.406
65,83,285.639,13.6129
65,84,132.636,1.82226
65,92,211.216,1.71161
65,93,165.118,13.1046
65,96,70.1142,0
66,4,139.702,8.96113
66,15,99.2122,6.67387
66,17,146.342,7.48196
66,26,151.083,12.0116
66,28,189.684,9.34511
66,35,221.023,15.0353
66,39,94.9312,6.76214
66,40,324.032,11.4536
66,47,71.8905,5.99088
66,48,193.07,11.9537
66,59,128.974,10.7978
66,72,39.4731,1.91883
66,77,167.912,2.36751
66,83,153.682,7.4212
66,85,108.187,9.16695
66,86,191.373,10.4532
67,12,246.623,12.2643
67,18,202.988,0
67,21,42.19,0
67,31,287.004,22.8814
67,37,227.702,0
67,41,266.775,12.135
67,42,268.238,19.6801
67,55,312.09,11.3492
67,69,155.232,4.69
67,98,326.166,0
68,1,176.615,0
68,13,75.6439,0
68,24,101.079,0
68,32,167.872,0
68,33,128.232,3.48144
68,56,109.59,0
68,62,96.1873,0
68,63,73.5527,0
68,78,81.0555,0
68,79,91.0659,0
68,82,166.073,11.946
68,90,156.605,0
68,91,188.458,9.58317
68,99,112.161,0
69,9,238.847,12.2161
69,12,87.9154,6.94306
69,18,82.2698,4.66318
69,21,114.866,4.62519
69,34,290.951,15.2769
69,37,63.6859,5.2071
69,45,178.353,12.6501
69,55,345.824,12.9751
69,67,155.232,4.69
69,88,306.672,15.2531
69,98,324.98,4.71482
70,1,62.2013,0
70,3,167.53,9.47666
70,4,144.361,0
70,11,117.531,5.27403
70,13,185.925,0
70,17,131.217,0
70,22,258.732,18.4818
70,24,122.691,0
70,32,47.3814,0
70,35,249.074,21.2374
70,36,108.24,0
70,39,187.537,0
70,46,55.4437,0
70,53,240.332,18.552
70,56,142.056,0
70,63,163.487,0
70,64,173.349,9.53993
70,71,63.3246,0
70,73,120.902,1.72409
70,78,187.297,0
70,83,165.68,0
70,86,134.525,0
70,89,69.5701,0
70,90,64.5368,0
70,91,182.041,5.55903
70,93,183.605,14.5718
70,95,27.2947,0
71,1,40.8044,0
71,3,108.544,8.25976
71,4,181.246,0
71,11,147.472,9.66954
71,13,166.595,0
71,16,359.907,4.0986
71,17,172.165,10.5233
71,20,305.216,21.448
71,22,199.333,3.97222
71,24,115.451,0
71,32,73.4098,0
71,33,166.633,4.28234
71,35,285.293,4.21844
71,36,171.563,0
71,46,116.276,0
71,53,176.299,5.40178
71,56,173.925,0
71,63,150.153,0
71,64,112.557,7.99004
71,65,296.848,14.6247
71,70,63.3246,0
71,73,60.9628,0.634442
71,83,224.986,19.294
71,84,314.15,3.95444
71,86,187.491,0
71,89,132.853,0
71,90,65.7647,0
71,91,138.663,7.13839
71,92,356.778,3.96001
71,93,121.196,9.99931
71,95,57.8705,0
72,4,112.77,0
72,5,208.775,10.6867
72,11,187.002,3.50765
72,15,61.2944,0
72,17,114.11,0
72,26,109.706,5.92316
72,28,158.446,4.7028
72,35,183.282,9.37056
72,39,59.439,0
72,40,257.729,18.8071
72,47,48.2701,0
72,48,151.985,10.3239
72,59,95.3415,0
72,66,39.4731,1.91883
72,76,261.911,22.4588
72,77,121.92,7.41906
72,83,116.108,0
72,85,84.0536,0
72,86,166.481,0
72,92,237.488,20.3706
73,1,66.4135,1.45846
73,3,47.4659,2.87014
73,11,234.391,12.2461
73,13,144.961,5.14648
73,20,243.022,18.5411
73,22,207.461,0
73,24,110.356,2.8555
73,32,109.247,1.47396
73,33,150.568,12.7188
73,35,349.6,4.32813
73,46,176.179,1.78404
73,53,172.209,2.35517
73,56,192.768,2.03792
73,60,331.512,7.57715
73,61,267.953,7.70408
73,62,163.372,6.90349
73,63,134.287,4.1205
73,64,53.3211,4.07703
73,65,217.308,18.3982
73,70,120.902,1.72409
73,71,60.9628,0.634442
73,82,253.148,14.2995
73,84,356.202,0
73,87,258.825,21.3575
73,89,188.982,1.65666
73,90,88,1.44706
73,91,109.119,7.57793
73,93,59.9089,3.91046
73,95,104.801,1.55343
74,0,216.689,12.9454
74,2,273.36,21.5178
74,6,218.313,18.6627
74,8,191.175,16.2256
74,9,161.431,11.14
74,12,323.341,10.7153
74,25,112.34,9.14985
74,29,145.152,0
74,30,52.2015,0
74,38,29,0
74,45,219.008,8.6628
74,58,15.1327,0
74,88,91.6196,7.74052
74,97,258.071,19.0882
75,5,51.1957,0
75,10,295.06,22.4364
75,11,292.675,10.6543
75,15,253.724,19.7927
75,16,96.6966,6.59927
75,17,266.702,22.8485
75,20,293.079,18.9704
75,22,258.151,8.57239
75,26,205.25,10.6357
75,28,84.7231,0
75,35,168.899,8.8844
75,39,275.228,22.4951
75,40,124.455,0
75,43,253.069,21.6763
75,49,209.891,16.658
75,50,191.637,14.3249
75,52,213.544,16.2068
75,53,278.599,12.3822
75,65,180.035,9.17823
75,76,33.2866,0
75,77,236.369,20.2757
75,83,212.302,15.4801
75,84,109.975,7.53672
75,92,97.6542,7.01717
75,94,151.098,12.4541
75,96,155.796,12.6683
76,5,23.0868,0
76,11,309.494,5.57693
76,15,211.078,17.3058
76,16,127.027,10.7848
76,17,253.244,21.5795
76,22,304.352,6.17814
76,26,155.65,7.83486
76,28,51.4782,0
76,35,178.155,5.19618
76,39,235.228,19.8557
76,40,93.2148,0
76,49,219.081,17.3674
76,50,223.495,18.9721
76,52,136.347,6.84018
76,53,326.565,9.94205
76,65,211.585,15.5007
76,72,261.911,22.4588
76,75,33.2866,0
76,77,186.438,15.8896
76,83,196.811,13.2017
76,84,150.477,5.36729
76,92,102.131,4.44342
76,94,100.961,8.24142
76,96,188.873,13.8369
77,4,197.18,10.8057
77,5,161.079,12.1313
77,15,105.902,8.68915
77,17,175.231,10.5306
77,26,87.2397,7.38257
77,28,121.182,10.2359
77,35,246.495,17.9986
77,39,123.78,9.67791
77,40,159.251,7.48369
77,47,153.464,12.4606
77,52,252.095,21.5466
77,59,209.557,15.9465
77,66,167.912,2.36751
77,72,121.92,7.41906
77,75,236.369,20.2757
77,76,186.438,15.8896
77,83,138.375,6.96971
77,84,324.792,14.887
77,85,190.905,14.0659
77,92,242.613,14.1307
77,94,206.456,16.8089
78,1,172.351,0
78,13,133.507,0
78,24,114.232,0
78,32,144.807,0
78,33,183.353,2.9039
78,56,47.5395,0
78,62,165.245,0
78,63,116,0
78,68,81.0555,0
78,70,187.297,0
78,79,15.5242,0
78,89,186.118,0
78,90,146.509,0
78,95,166.82,0
78,99,101.637,0
79,1,186.473,0
79,13,147.868,0
79,24,129.692,0
79,32,157.385,0
79,56,56.8243,0
79,62,178.765,0
79,63,131.061,0
79,68,91.0659,0
79,78,15.5242,0
79,90,160.431,0
79,95,179.137,0
79,99,92.72,0
80,2,20.5183,0
80,8,128.456,10.4166
80,10,85.5262,4.00769
80,18,305.621,13.7586
80,20,327.453,4.41801
80,29,172.458,14.762
80,34,82.3384,6.2894
80,43,71.6455,0.526567
80,45,247.06,20.3017
80,50,195.728,12.6237
80,51,26.8458,0.980457
80,55,282.885,20.6491
80,57,55.0252,3.66835
80,58,276,22.077
80,81,110.461,5.00505
80,96,195.886,15.5922
80,97,32.6956,0
80,98,263.505,11.074
81,2,131.522,9.81415
81,7,299.028,3.69334
81,8,242.987,15.3898
81,10,104.173,0
81,18,349.857,0
81,20,236.076,0
81,23,256.437,2.59326
81,27,335.917,11.8129
81,29,294.716,19.9979
81,34,136.132,0
81,43,185.759,12.0599
81,50,199.939,4.1246
81,51,80.6226,0
81,55,210.059,14.382
81,57,58.8218,0
81,65,299.33,11.406
81,80,110.461,5.00505
81,87,347.171,3.88208
81,96,196.299,6.84171
81,97,135.439,11.5238
81,98,207.625,0
82,1,224.627,18.1815
82,3,234.391,12.2461
82,13,108.044,8.90546
82,19,270.148,0
82,24,167.401,13.9108
82,33,83.3547,0
82,54,309.666,5.16396
82,60,211.149,0
82,61,112.641,0
82,62,70.092,3.18367
82,63,133.704,11.4699
82,64,235.981,10.558
82,68,166.073,11.946
82,73,253.148,14.2995
82,87,276.127,11.4364
82,90,217.325,16.7882
82,91,162.788,0
82,93,269.483,17.1386
83,4,113.004,0
83,5,215.881,15.5683
83,11,80.3772,3.57232
83,15,55.0091,0
83,16,238.962,11.4188
83,17,55.7853,0
83,22,243.008,12.1051
83,26,73.8241,0
83,28,191.907,14.0982
83,35,68.2495,5.84078
83,39,62.2896,0
83,40,234.939,19.9512
83,46,167.738,0
83,47,118.224,0
83,53,261.563,13.2309
83,59,158.231,0
83,65,285.639,13.6129
83,66,153.682,7.4212
83,70,165.68,0
83,71,224.986,19.294
83,72,116.108,0
83,75,212.302,15.4801
83,76,196.811,13.2017
83,77,138.375,6.96971
83,84,161.368,10.3071
83,85,138.159,0
83,86,165.738,0
83,92,115.177,8.67308
83,94,256.424,21.9359
83,95,187.385,0
84,3,342.019,10.3928
84,5,173.402,11.8015
84,11,195.438,0
84,15,222.413,17.7655
84,16,78.1025,0
84,17,217.218,17.8138
84,20,259.08,11.2718
84,22,155.332,0
84,26,238.58,2.67178
84,28,223.03,8.69379
84,35,94.8683,0
84,39,225.209,19.2703
84,40,268.675,20.5546
84,50,207.268,16.1507
84,53,178.573,3.74424
84,64,319.646,18.1108
84,65,132.636,1.82226
84,71,314.15,3.95444
84,73,356.202,0
84,75,109.975,7.53672
84,76,150.477,5.36729
84,77,324.792,14.887
84,83,161.368,10.3071
84,92,80.9938,0
84,93,301.037,5.27522
84,94,249.683,19.3866
84,96,188.565,15.3367
85,4,53.1601,0
85,11,180.24,3.35218
85,15,103.044,0
85,17,99.1564,0
85,26,159.706,0
85,35,205.319,8.439
85,36,174.751,0
85,39,82.6075,0
85,46,158.013,0
85,47,36.2353,0
85,48,53.6004,0
85,59,20.1246,0
85,66,108.187,9.16695
85,72,84.0536,0
85,77,190.905,14.0659
85,83,138.159,0
85,86,89.1572,0
85,89,172.818,0
86,4,58.8303,0
86,11,171.911,4.84612
86,15,159.013,0
86,17,110.168,0
86,32,172.812,0
86,36,85.703,0
86,39,137.379,0
86,46,82.8553,0
86,47,119.541,0
86,48,96.5091,0
86,59,92.5743,0
86,66,191.373,10.4532
86,70,134.525,0
86,71,187.491,0
86,72,166.481,0
86,83,165.738,0
86,85,89.1572,0
86,89,89.56,0
86,95,159.512,0
87,3,211.293,17.8579
87,7,102.886,1.86511
87,19,71.0638,3.80699
87,20,256.031,0
87,23,141.421,0
87,27,135.764,10.6283
87,31,187.768,12.6096
87,33,295.452,12.6388
87,41,234.486,19.9274
87,42,208.786,16.1168
87,53,266.031,22.7717
87,54,148.811,4.84852
87,55,186.098,15.374
87,60,102.856,5.31398
87,61,166.928,9.35212
87,62,339.833,14.7406
87,64,205.481,17.1711
87,73,258.825,21.3575
87,81,347.171,3.88208
87,82,276.127,11.4364
87,91,211.359,16.6175
87,93,201.089,16.8293
87,98,249.239,15.6058
88,8,318.518,16.1376
88,9,67.8531,3.01569
88,12,227.349,3.43774
88,18,220.101,17.3956
88,25,206.158,17.2947
88,30,112.435,7.35187
88,37,295.857,3.36921
88,38,82.2192,0
88,45,122.147,2.98668
88,58,109.859,9.15492
88,69,306.672,15.2531
88,74,91.6196,7.74052
88,97,294.297,20.2226
89,1,125.67,0
89,4,126.491,0
89,11,165.985,5.78516
89,17,144.312,0
89,24,164.247,0
89,32,91.4385,0
89,36,38.833,0
89,46,26.4197,0
89,48,185.97,0
89,56,138.924,0
89,59,180.136,0
89,70,69.5701,0
89,71,132.853,0
89,73,188.982,1.65666
89,78,186.118,0
89,85,172.818,0
89,86,89.56,0
89,90,116.726,0
89,95,85.4459,0
90,1,26.4197,0
90,3,132.076,8.85194
90,11,191.184,15.3603
90,13,121.396,0
90,22,252.053,20.8493
90,24,59.0085,0
90,32,25.6125,0
90,33,135.752,2.81699
90,36,150.243,0
90,46,113.371,0
90,53,222.669,19.0691
90,56,109.659,0
90,62,152.765,0
90,63,99.3227,0
90,64,136.493,8.66051
90,68,156.605,0
90,70,64.5368,0
90,71,65.7647,0
90,73,88,1.44706
90,78,146.509,0
90,79,160.431,0
90,82,217.325,16.7882
90,89,116.726,0
90,91,129.596,5.38761
90,93,144.614,9.91604
90,95,37.3631,0
91,1,119.306,4.97999
91,3,75.7017,6.45892
91,7,315.29,20.78
91,13,117.605,9.30967
91,19,282.645,0
91,20,280.237,19.524
91,22,223.301,19.1555
91,24,112.206,5.65683
91,32,155.255,5.5507
91,33,107.07,0
91,53,202.217,17.3368
91,54,358.411,2.91703
91,60,230.608,4.00472
91,61,148.235,4.74955
91,62,173.375,4.63964
91,63,114.381,7.37002
91,64,79.0569,6.22573
91,68,188.458,9.58317
91,70,182.041,5.55903
91,71,138.663,7.13839
91,73,109.119,7.57793
91,82,162.788,0
91,87,211.359,16.6175
91,90,129.596,5.38761
91,93,109.972,9.41916
91,95,160.191,5.64774
92,4,228.083,16.5087
92,5,123.43,9.3871
92,11,208.471,0
92,15,175.489,13.3925
92,16,140.186,0
92,17,170.535,14.3625
92,20,339.609,11.637
92,22,228.035,0
92,26,158.202,2.68359
92,28,151.679,7.48336
92,35,77.201,0
92,39,185.68,15.7584
92,40,198.804,16.6856
92,47,243.143,20.1678
92,50,281.894,14.3922
92,52,239.126,20.1618
92,53,252.371,2.86467
92,65,211.216,1.71161
92,71,356.778,3.96001
92,72,237.488,20.3706
92,75,97.6542,7.01717
92,76,102.131,4.44342
92,77,242.613,14.1307
92,83,115.177,8.67308
92,84,80.9938,0
92,94,197.576,16.36
92,96,246.064,18.497
93,1,122.026,9.48122
93,3,32.311,2.15407
93,11,264.197,0
93,13,185.784,10.4801
93,16,265.837,18.6446
93,19,222.5,17.3036
93,20,190.498,13.7883
93,22,113.395,9.70156
93,24,170.182,12.1125
93,32,165.107,10.5752
93,33,199.09,16.3375
93,35,332.151,0
93,53,91.2579,7.78839
93,60,301.009,11.6791
93,61,269.133,7.59177
93,62,252.252,21.1496
93,63,187.245,12.4171
93,64,33.522,2.08606
93,65,165.118,13.1046
93,70,183.605,14.5718
93,71,121.196,9.99931
93,73,59.9089,3.91046
93,82,269.483,17.1386
93,84,301.037,5.27522
93,87,201.089,16.8293
93,90,144.614,9.91604
93,91,109.972,9.41916
93,95,168.07,13.2182
93,96,318.49,18.0356
94,5,77.3278,6.6281
94,15,177.406,0
94,16,247.795,19.4145
94,26,118.596,0
94,28,60.8358,0
94,35,272.208,19.6614
94,40,49.6588,0
94,49,148.086,4.72816
94,52,52.3927,0
94,75,151.098,12.4541
94,76,100.961,8.24142
94,77,206.456,16.8089
94,83,256.424,21.9359
94,84,249.683,19.3866
94,92,197.576,16.36
95,1,40.2244,0
95,3,151.856,9.37933
95,4,171.642,0
95,11,154.328,11.7911
95,13,158.685,0
95,17,156.707,0
95,22,259.855,19.0674
95,24,95.4254,0
95,32,22.3607,0
95,33,171.688,2.74517
95,35,292.972,23.1299
95,36,122.119,0
95,46,77.801,0
95,53,235.316,18.8402
95,56,123.762,0
95,63,136.195,0
95,64,158.777,9.84025
95,70,27.2947,0
95,71,57.8705,0
95,73,104.801,1.55343
95,78,166.82,0
95,79,179.137,0
95,83,187.385,0
95,86,159.512,0
95,89,85.4459,0
95,90,37.3631,0
95,91,160.191,5.64774
95,93,168.07,13.2182
96,2,199.894,17.047
96,5,247.113,20.9093
96,8,291.386,17.3849
96,10,109.262,9.35836
96,16,111.067,9.03644
96,20,146.949,7.6988
96,22,152.229,8.63271
96,29,290.272,22.9178
96,34,305.64,10.076
96,35,283.757,19.0007
96,43,167.317,12.6954
96,49,275.966,23.2791
96,50,20.1861,1.45573
96,51,208.147,13.8764
96,53,146.716,3.00314
96,57,184.827,10.5542
96,65,70.1142,0
96,75,155.796,12.6683
96,76,188.873,13.8369
96,80,195.886,15.5922
96,81,196.299,6.84171
96,84,188.565,15.3367
96,92,246.064,18.497
96,93,318.49,18.0356
96,97,216.031,18.5263
97,2,16.1245,0
97,8,113.867,3.52444
97,9,266.721,20.7391
97,10,111.15,9.50631
97,12,279.366,23.3337
97,18,298.754,12.405
97,25,293.107,19.226
97,29,164.399,11.4103
97,34,95.49,7.05314
97,38,285.219,23.3548
97,43,99.9892,8.15568
97,45,249.095,20.452
97,50,210.274,17.7442
97,51,54.4363,0.663007
97,57,86.0108,7.06194
97,58,243.027,16.1181
97,74,258.071,19.0882
97,80,32.6956,0
97,81,135.439,11.5238
97,88,294.297,20.2226
97,96,216.031,18.5263
97,98,305.401,10.301
98,2,286.33,14.786
98,7,105.791,3.48761
98,10,310.728,0
98,18,252.958,0
98,19,196.196,12.2194
98,20,319.553,10.8711
98,21,308.577,0
98,23,105.66,9.01495
98,27,131.317,10.3412
98,31,128.34,9.47295
98,34,214.849,0
98,41,136.487,7.65446
98,42,110.954,4.27327
98,51,242.998,0
98,54,258.147,20.4879
98,55,41.1342,2.96641
98,57,250.392,0
98,67,326.166,0
98,69,324.98,4.71482
98,80,263.505,11.074
98,81,207.625,0
98,87,249.239,15.6058
98,97,305.401,10.301
99,13,187.771,0
99,56,148.762,0
99,63,182.477,0
99,68,112.161,0
99,78,101.637,0
99,79,92.72,0
