0,10,58.1808,0
0,23,262.239,12.2883
0,25,265.43,10.0542
0,38,218.902,11.474
0,79,261.268,8.76516
0,97,300.439,19.5978
1,3,103.586,0
1,5,108.747,0
1,15,190.707,0
1,17,216.104,10.1344
1,18,117.631,0
1,21,213.622,11.9803
1,39,57.9396,0
1,41,241.748,0
1,42,154.858,0
1,45,158.777,0
1,51,163.088,5.10473
1,52,247.357,15.4133
1,53,206.545,0
1,59,243.731,0
1,60,240.014,1.73012
1,61,173.249,2.60398
1,65,234.085,8.79006
1,67,120.304,0
1,72,254.872,0.503683
1,74,118.727,0
1,81,98.0459,0
1,86,250.989,2.05612
1,87,147.611,0
1,92,118.338,0
2,13,53.0848,0
2,24,289.138,23.0533
2,26,237.271,18.6548
2,30,245.869,21.0228
2,31,129.286,9.04655
2,33,277.751,23.6017
2,36,292.29,19.0575
2,40,275.267,18.9435
2,47,340.638,27.6122
2,48,214.276,8.96071
2,49,164.125,12.9474
2,56,346.69,27.7348
2,58,257.003,20.548
2,64,342.279,29.3263
2,68,176.141,4.42631
2,70,233.502,14.3959
2,84,306.754,23.9372
2,89,242.346,19.4395
2,94,145.113,12.4487
3,1,103.586,0
3,5,105.394,0
3,14,182.784,0
3,15,173.669,0
3,18,217.745,0
3,21,294.059,23.2574
3,39,145.649,2.70884
3,41,138.232,0
3,42,98.2497,0
3,43,232.476,0
3,45,133.417,0
3,46,172.409,0
3,51,270.531,7.0727
3,59,144.641,0
3,60,200.088,3.85341
3,65,125.208,0
3,67,109.128,0
3,72,249.682,0.515855
3,74,216.412,0
3,81,132.548,0
3,86,200.345,9.11046
3,87,106.794,0
3,91,226.991,0
3,92,186.682,0
4,6,326.055,0
4,7,326.565,3.95335
4,11,66.4831,0
4,16,381.817,24.84
4,22,51.1077,0
4,23,473.434,19.8965
4,25,357.502,0
4,38,404.08,27.2861
4,57,340.562,8.28252
4,69,407.099,3.00675
4,75,421.361,25.1329
4,76,131.939,0
4,77,231.419,5.43445
4,78,55.7136,0
4,79,310.161,0
4,83,181.116,5.49392
4,93,199.65,0
4,95,460.192,17.2848
4,97,107.561,7.17076
4,98,241.305,0
5,1,108.747,0
5,3,105.394,0
5,15,82.9759,0
5,17,299.48,16.698
5,18,178.097,2.13027
5,21,176.284,15.0856
5,32,252.414,0
5,35,319.149,25.6274
5,37,202.527,0
5,39,166.628,0
5,41,221.419,4.63723
5,42,65.7647,0
5,44,238.122,9.59544
5,45,50.4777,0
5,46,221.903,0
5,51,246.513,10.6077
5,52,235.715,20.0849
5,59,251.628,7.75459
5,60,131.71,1.23003
5,61,226.747,9.96061
5,65,144.031,0
5,67,12.0416,0
5,72,153.162,0.497237
5,74,218.16,0
5,81,42.0119,0
5,82,296.311,21.4892
5,86,149.04,0
5,87,48.4665,0
5,92,106.043,0.49544
6,4,326.055,0
6,7,174.66,5.75803
6,11,300.413,11.0661
6,16,76.9184,4.89643
6,22,292.781,9.06227
6,25,430.178,21.5563
6,27,449.432,11.1701
6,34,171.441,6.20993
6,37,256.994,9.77493
6,44,232.97,9.57304
6,54,133.818,5.98713
6,57,225.934,19.2878
6,66,261.551,12.3473
6,69,208.846,9.87549
6,72,322.13,25.4438
6,73,157.808,5.27099
6,75,94.9103,5.14223
6,76,229.556,0.533828
6,77,116.499,0
6,78,283.177,8.97071
6,79,428.761,13.1107
6,82,187.769,9.08306
6,83,348.493,8.03134
6,88,468.155,11.9024
6,90,363.814,26.1076
6,93,256.514,11.262
6,95,326.199,25.3012
6,97,401.988,14.5844
6,98,74.9012,5.53594
7,4,326.565,3.95335
7,6,174.66,5.75803
7,11,362.564,3.85334
7,16,193.804,16.4508
7,20,375.789,6.52592
7,22,343.219,3.85222
7,27,301.47,0
7,34,294.181,23.4618
7,54,256.651,21.1777
7,56,321.015,24.6835
7,57,440.834,15.5771
7,69,78.9177,0
7,73,228.079,19.4598
7,75,205.005,17.3314
7,76,194.693,3.84162
7,77,253.786,1.69128
7,78,336.277,3.83886
7,82,315.254,21.7858
7,83,436.184,10.7964
7,84,407.299,31.8244
7,88,325.386,0
7,90,295.448,11.6222
7,93,181.041,0
7,97,434.806,12.6818
7,98,217.234,1.13117
8,13,237.513,5.96857
8,17,175.727,0
8,18,226.013,0
8,28,184.487,6.61907
8,29,83.6052,5.73949
8,33,116.005,1.92865
8,35,215.845,0
8,36,229.529,15.9441
8,47,133.646,3.92636
8,49,230.885,16.7009
8,51,231.751,10.6196
8,52,263.973,6.95279
8,53,236.342,1.21175
8,55,182.2,0
8,58,162.444,0
8,61,175.684,0
8,63,209.884,2.51951
8,71,95.4414,5.84021
8,85,194.22,16.0045
8,89,174.657,0
8,94,263.632,22.2542
9,15,246.221,9.94729
9,23,191.389,11.0645
9,25,289.012,24.6368
9,32,58.0086,0
9,37,160.003,0
9,38,235.942,11.5107
9,42,245.863,4.87525
9,44,177.023,0
9,45,250.264,5.5771
9,46,224.181,0
9,50,28.8444,0
9,57,203.666,0
9,60,200.629,14.774
9,65,203.354,0
9,66,118.512,0
9,72,245.644,10.4849
9,79,335.799,28.6865
9,80,69.3542,0
9,82,226.515,0
9,86,144.031,0
9,87,242.662,0
9,95,119.101,0
9,96,66.2193,0
10,0,58.1808,0
10,23,204.266,11.7953
10,25,211.919,9.46656
10,38,163.101,11.252
10,79,209.928,7.87387
10,83,328.657,28.1747
10,95,313.219,20.8234
10,97,298.661,24.7125
11,4,66.4831,0
11,6,300.413,11.0661
11,7,362.564,3.85334
11,16,390.31,22.3043
11,22,20.3961,0
11,23,408.707,19.002
11,25,286.273,2.48774
11,38,340.159,25.3555
11,57,276.737,11.1561
11,66,372.488,31.2028
11,69,442.447,3.41675
11,75,399.023,28.6772
11,76,174.734,0
11,77,227.139,0
11,78,26.3059,0
11,79,244.401,0
11,82,373.141,31.9459
11,83,113.137,5.49972
11,93,256.827,0
11,95,386.711,19.2571
11,97,96.5518,5.17242
11,98,226.116,4.26409
12,24,226.514,16.3609
12,28,327.705,2.90669
12,29,379.536,31.628
12,31,401.368,20.1098
12,36,216.584,14.0992
12,49,272.152,21.4171
12,58,261.287,21.2504
12,71,367.915,29.9659
12,89,248.836,21.0083
12,99,159.508,12.4155
13,2,53.0848,0
13,8,237.513,5.96857
13,24,246.542,16.1026
13,26,237.199,18.664
13,28,332.935,27.2425
13,29,231.329,4.33044
13,30,297.355,25.3861
13,31,124.284,10.3982
13,33,227.981,19.4453
13,36,241.204,18.1343
13,47,266.984,21.9372
13,48,267.041,21.0559
13,49,110.624,9.38628
13,56,294.012,19.3179
13,58,203.019,17.3749
13,68,241.388,10.132
13,70,286.143,23.7592
13,71,220.64,0
13,89,189.887,16.2888
13,94,138.828,11.8927
14,3,182.784,0
14,41,111.759,0
14,42,247.259,0
14,43,78.721,0
14,46,162.373,0
14,59,72.2765,3.55485
14,65,210.927,3.06606
14,91,152.201,0
15,1,190.707,0
15,3,173.669,0
15,5,82.9759,0
15,9,246.221,9.94729
15,18,295.752,22.9918
15,21,145.047,10.4144
15,32,224.819,10.1508
15,34,329.345,26.709
15,35,310.194,26.3573
15,37,119.641,0
15,39,248.62,0
15,41,256.191,7.54483
15,42,85.1469,0
15,44,153.237,8.20911
15,45,40.2616,0
15,46,230.009,0
15,50,213.216,0
15,52,220.476,18.8301
15,54,330.837,28.3812
15,60,64.9713,0.523676
15,61,303.291,21.2869
15,65,148.189,0
15,66,188.303,0
15,67,72.6911,0
15,72,76.333,0.522624
15,81,101.607,0
15,82,227.695,19.5308
15,86,109.041,0
15,87,68.542,0
15,92,207.221,17.7714
16,4,381.817,24.84
16,6,76.9184,4.89643
16,7,193.804,16.4508
16,11,390.31,22.3043
16,20,360.15,30.7983
16,21,340.489,27.5837
16,22,367.929,24.1951
16,27,372.623,31.1546
16,34,97.5141,0
16,35,265.583,19.7737
16,37,218.344,0
16,44,194.489,0
16,52,343.11,29.2802
16,54,62.1289,0
16,56,213.722,0
16,57,183.011,0
16,66,237.154,0
16,69,207.723,17.1629
16,72,285.728,23.6772
16,73,93.5575,0
16,75,20.6155,0
16,76,287.386,21.4754
16,77,164.315,14.0555
16,78,361.085,23.3983
16,82,142.864,0
16,83,381.95,28.1591
16,88,369.074,31.5881
16,90,243.661,13.2073
16,93,332.43,22.7818
16,98,155.962,13.3389
17,1,216.104,10.1344
17,5,299.48,16.698
17,8,175.727,0
17,18,120.312,10.3006
17,21,305.601,25.4668
17,29,231.078,11.7122
17,35,255.929,1.99066
17,39,178.572,0
17,47,275.318,10.2832
17,51,49.0146,3.22047
17,52,281.882,21.8874
17,53,75.06,0
17,55,177.553,0
17,61,89.9374,5.24858
17,63,206.919,2.66265
17,71,243.635,12.8198
17,74,109.604,0
17,81,294.334,24.3969
17,85,142.415,0
17,92,215.125,16.3007
18,1,117.631,0
18,3,217.745,0
18,5,178.097,2.13027
18,8,226.013,0
18,15,295.752,22.9918
18,17,120.312,10.3006
18,21,244.373,19.8249
18,35,217.892,0
18,39,124.652,0
18,42,237.857,0
18,45,238.956,9.48096
18,51,61.725,4.23741
18,52,226.684,19.4037
18,53,154.364,8.73477
18,61,53.4135,0
18,67,194.699,4.70983
18,74,94.0479,0
18,81,157.889,9.23796
18,85,242.399,6.84408
18,87,224.349,1.0784
18,92,129.362,11.0925
19,20,372.035,23.057
19,26,282.829,20.0519
19,30,179.255,4.59695
19,40,43.0465,0
19,48,153.062,0
19,62,65.2763,0
19,64,97.0464,0
19,68,115.434,0
19,70,134.648,0
19,84,178.885,0
19,90,333.731,27.233
20,7,375.789,6.52592
20,16,360.15,30.7983
20,19,372.035,23.057
20,27,148.054,0
20,40,300.987,25.543
20,48,303.73,21.0377
20,56,215.003,12.8888
20,64,198.532,16.9876
20,69,298.813,6.86174
20,70,290.695,20.7989
20,73,273.37,22.7108
20,75,326.967,26.7177
20,84,143.618,12.1072
20,88,124.451,0
20,90,96.2081,0
20,93,522.169,0
21,1,213.622,11.9803
21,3,294.059,23.2574
21,5,176.284,15.0856
21,15,145.047,10.4144
21,16,340.489,27.5837
21,17,305.601,25.4668
21,18,244.373,19.8249
21,34,245.588,20.6906
21,35,141.384,8.84246
21,37,349.009,14.0696
21,39,246.629,6.20029
21,42,221.727,16.3878
21,44,355.074,12.0181
21,45,178.673,14.9976
21,47,254.206,8.07151
21,51,275.358,22.9776
21,52,40.683,1.8893
21,54,278.351,23.8492
21,60,241.346,20.2445
21,61,224.925,19.0611
21,65,319.083,23.9312
21,67,170.88,14.24
21,72,233.863,1.85508
21,74,266.528,9.75072
21,75,335.821,27.5835
21,81,131.501,11.0238
21,82,309.204,20.3438
21,86,265,15.8194
21,87,200.213,15.6737
21,92,83.1842,3.58127
22,4,51.1077,0
22,6,292.781,9.06227
22,7,343.219,3.85222
22,11,20.3961,0
22,16,367.929,24.1951
22,23,421.839,20.7699
22,25,295.768,6.30317
22,38,360.417,26.0456
22,57,287.373,9.92222
22,66,382.973,31.734
22,69,422.126,3.88776
22,75,388.111,28.0892
22,76,154.467,0
22,77,218.083,0
22,78,10,0
22,79,258.105,2.34477
22,82,390.227,32.4318
22,83,130.224,5.78771
22,93,236.66,0
22,95,405.464,18.0206
22,97,108.437,5.61899
22,98,214.96,3.92041
23,0,262.239,12.2883
23,4,473.434,19.8965
23,9,191.389,11.0645
23,10,204.266,11.7953
23,11,408.707,19.002
23,22,421.839,20.7699
23,25,119.243,10.2183
23,32,247.569,11.1567
23,37,246.658,0
23,38,44.5533,0
23,44,248.073,0
23,50,183.79,11.6405
23,57,240.221,20.6017
23,66,171.825,0
23,78,413.437,23.0415
23,79,164.878,13.1397
23,80,152.234,7.65155
23,83,278.466,18.0918
23,95,91.6079,0
23,96,129.163,7.26363
23,97,330.907,28.0255
24,2,289.138,23.0533
24,12,226.514,16.3609
24,13,246.542,16.1026
24,26,441.995,9.20988
24,28,298.414,24.2191
24,29,280.928,20.2593
24,31,172.643,1.01525
24,36,158.573,13.2857
24,49,183.186,7.62917
24,58,163.63,13.8875
24,71,271.682,19.9734
24,89,149.845,12.0435
24,94,351.717,29.7649
25,0,265.43,10.0542
25,4,357.502,0
25,6,430.178,21.5563
25,9,289.012,24.6368
25,10,211.919,9.46656
25,11,286.273,2.48774
25,22,295.768,6.30317
25,23,119.243,10.2183
25,37,307.007,25.1572
25,38,106.034,8.88892
25,44,261.088,14.5093
25,50,272.83,23.3684
25,57,203.06,8.94381
25,66,245.12,20.4267
25,76,425.971,9.6123
25,77,349.126,10.0816
25,78,291.25,8.11954
25,79,48.4149,0
25,80,268.518,22.2395
25,82,297.321,22.2991
25,83,159.246,2.81558
25,95,181.039,4.87085
25,96,240.426,20.4208
25,97,284.425,6.24607
25,98,386.06,8.63013
26,2,237.271,18.6548
26,13,237.199,18.664
26,19,282.829,20.0519
26,24,441.995,9.20988
26,30,94.1541,7.84618
26,31,310.161,0
26,40,252.123,19.833
26,48,179.738,12.9459
26,49,397.16,26.4773
26,62,246.89,15.0237
26,64,323.506,24.263
26,68,178.576,15.1924
26,70,168.919,6.02509
26,94,359.35,30.8189
27,6,449.432,11.1701
27,7,301.47,0
27,16,372.623,31.1546
27,20,148.054,0
27,56,341.013,29.1807
27,64,357.84,21.2139
27,69,240.416,0
27,73,339.53,27.6267
27,75,346.551,29.7286
27,76,469.206,1.00254
27,84,281.551,19.0865
27,88,28.2843,0
27,90,169.541,0
27,93,388,4.74874
27,98,517.238,1.66837
28,8,184.487,6.61907
28,12,327.705,2.90669
28,13,332.935,27.2425
28,24,298.414,24.2191
28,29,100.955,0
28,31,386.058,31.7718
28,33,249.898,0
28,36,135.92,6.69635
28,49,224.539,16.7512
28,55,136.033,0
28,58,138.595,10.7717
28,63,162.557,10.6498
28,71,88.8144,0
28,85,173.77,11.8793
28,89,151.187,10.8077
28,99,206.495,0
29,8,83.6052,5.73949
29,12,379.536,31.628
29,13,231.329,4.33044
29,17,231.078,11.7122
29,24,280.928,20.2593
29,28,100.955,0
29,31,347.837,29.4451
29,33,161.05,0
29,36,170.184,13.9996
29,47,224.662,15.6114
29,49,189.275,10.3724
29,51,293.837,20.3058
29,53,276.77,13.867
29,55,141.877,0
29,58,116.73,0
29,61,241.191,7.00776
29,63,165.082,2.88822
29,71,12.6491,0
29,85,135.542,7.11688
29,89,132.004,0
29,94,242.119,8.69486
30,2,245.869,21.0228
30,13,297.355,25.3861
30,19,179.255,4.59695
30,26,94.1541,7.84618
30,31,320.675,25.2799
30,40,151.832,6.26124
30,48,178.127,14.378
30,62,152.585,1.99162
30,64,230.096,10.0532
30,68,91.6307,7.66557
30,70,149.192,11.4427
30,94,396.831,32.6023
31,2,129.286,9.04655
31,12,401.368,20.1098
31,13,124.284,10.3982
31,24,172.643,1.01525
31,26,310.161,0
31,28,386.058,31.7718
31,29,347.837,29.4451
31,30,320.675,25.2799
31,33,330.069,28.0425
31,36,297.116,20.665
31,48,300.677,25.6798
31,49,134.857,11.4467
31,58,234.359,18.3608
31,68,320.826,27.3009
31,70,321.704,27.5926
31,71,339.85,28.7467
31,89,219.569,15.3249
31,94,265.176,22.6183
32,5,252.414,0
32,9,58.0086,0
32,15,224.819,10.1508
32,23,247.569,11.1567
32,37,171.47,0
32,41,217.589,0
32,42,211.442,7.8302
32,44,193.023,0
32,45,207.077,0
32,46,166.193,0
32,50,78.1089,0
32,57,249.128,0
32,60,155.785,7.65682
32,65,150.266,0
32,66,154.175,0
32,67,240.832,0
32,72,254.595,14.7376
32,80,109,0
32,82,245.638,0
32,86,103.47,0
32,87,205.061,0
32,91,220.294,5.99239
32,95,174.04,0
32,96,117.047,0
33,2,277.751,23.6017
33,8,116.005,1.92865
33,13,227.981,19.4453
33,28,249.898,0
33,29,161.05,0
33,31,330.069,28.0425
33,35,172.285,0
33,36,276.982,17.2246
33,47,40.6079,0
33,49,217.203,17.1389
33,52,254.287,7.08907
33,56,247.547,20.3796
33,58,193.06,1.73289
33,61,236.199,1.35709
33,71,169.26,0
33,73,258.507,0
33,85,275.074,7.50781
33,89,196.574,1.65554
33,94,183.37,3.65411
34,6,171.441,6.20993
34,7,294.181,23.4618
34,15,329.345,26.709
34,16,97.5141,0
34,21,245.588,20.6906
34,35,206.272,13.8492
34,37,188.183,3.47414
34,44,161.447,0
34,45,354.199,30.3833
34,47,270.604,14.9841
34,52,245.537,17.7806
34,54,37.6962,0
34,56,210.642,0
34,57,216.91,0
34,60,370.234,30.6385
34,66,229.079,0
34,69,258.608,13.6312
34,72,252.326,15.2151
34,73,114.56,0
34,75,89.4539,0
34,77,233.035,15.915
34,81,395.775,31.8184
34,82,113.018,0
34,92,357.123,29.9561
34,98,236.179,16.5958
35,5,319.149,25.6274
35,8,215.845,0
35,15,310.194,26.3573
35,16,265.583,19.7737
35,17,255.929,1.99066
35,18,217.892,0
35,21,141.384,8.84246
35,33,172.285,0
35,34,206.272,13.8492
35,37,387.048,32.0285
35,44,383.979,30.1171
35,45,324.27,26.1384
35,47,131.746,0
35,51,255.019,3.40146
35,52,98.754,5.87822
35,54,237.866,20.0453
35,56,277.257,23.4881
35,61,181.003,0
35,67,313.539,24.1155
35,72,331.284,19.6801
35,73,178.101,0
35,75,244.317,17.5867
35,81,301.316,25.8399
35,82,318.536,26.4972
35,92,237.542,20.3532
35,94,239.493,0
36,2,292.29,19.0575
36,8,229.529,15.9441
36,12,216.584,14.0992
36,13,241.204,18.1343
36,24,158.573,13.2857
36,28,135.92,6.69635
36,29,170.184,13.9996
36,31,297.116,20.665
36,33,276.982,17.2246
36,49,139.652,9.02047
36,55,284.249,23.9322
36,58,51,0
36,63,295.005,25.2337
36,71,151.551,12.1038
36,85,235.931,10.5311
36,89,58.4637,0
36,94,258.121,4.41965
36,99,318.14,26.7939
37,5,202.527,0
37,6,256.994,9.77493
37,9,160.003,0
37,15,119.641,0
37,16,218.344,0
37,21,349.009,14.0696
37,23,246.658,0
37,25,307.007,25.1572
37,32,171.47,0
37,34,188.183,3.47414
37,35,387.048,32.0285
37,42,186.526,0
37,44,24.0832,0
37,45,155.708,0
37,50,136.825,0
37,52,375.998,18.9755
37,54,180.228,0
37,57,146.113,0
37,60,97.8814,0.515047
37,65,225.339,5.26264
37,66,74.9667,0
37,67,191.88,0
37,72,123.009,7.79084
37,75,228.213,0
37,77,259.131,15.7589
37,79,308.541,23.7369
37,80,223.305,0
37,81,227.801,4.7489
37,82,76.0263,0
37,83,285.68,13.4271
37,86,140.357,0
37,87,178.101,0
37,92,376.745,30.9796
37,95,155.589,0
37,96,207.369,0
37,98,286.672,19.8909
38,0,218.902,11.474
38,4,404.08,27.2861
38,9,235.942,11.5107
38,10,163.101,11.252
38,11,340.159,25.3555
38,22,360.417,26.0456
38,23,44.5533,0
38,25,106.034,8.88892
38,50,216.021,7.64928
38,57,240.395,19.3527
38,66,251.908,17.4642
38,78,362.385,26.1603
38,79,129.06,10.8811
38,80,213.714,14.7535
38,83,220.665,18.8957
38,95,155.684,11.0673
38,96,186.248,12.4165
38,97,305.918,24.6847
39,1,57.9396,0
39,3,145.649,2.70884
39,5,166.628,0
39,15,248.62,0
39,17,178.572,0
39,18,124.652,0
39,21,246.629,6.20029
39,42,209.117,0
39,45,216.474,0
39,51,139.864,0
39,52,334.271,27.5439
39,53,171.143,0
39,61,177.992,0
39,65,279.043,8.13875
39,67,178.101,0
39,74,79.6304,0
39,81,153.883,0
39,87,203.868,0
39,92,160.801,0
40,2,275.267,18.9435
40,19,43.0465,0
40,20,300.987,25.543
40,26,252.123,19.833
40,30,151.832,6.26124
40,48,110.168,0
40,56,261.266,0
40,62,83.006,0
40,64,85,0
40,68,76.5376,0
40,70,91.9837,0
40,84,162.274,0
40,90,292.058,17.4755
41,1,241.748,0
41,3,138.232,0
41,5,221.419,4.63723
41,14,111.759,0
41,15,256.191,7.54483
41,32,217.589,0
41,42,158.937,0
41,43,113.952,0
41,45,207.625,0
41,46,56.3649,0
41,59,48.0104,0
41,60,230.834,6.15089
41,65,97.9439,0
41,67,208.002,0
41,81,271.842,9.65108
41,86,172.409,0
41,87,180.014,0
41,91,89.7385,0
42,1,154.858,0
42,3,98.2497,0
42,5,65.7647,0
42,9,245.863,4.87525
42,14,247.259,0
42,15,85.1469,0
42,18,237.857,0
42,21,221.727,16.3878
42,32,211.442,7.8302
42,37,186.526,0
42,39,209.117,0
42,41,158.937,0
42,44,206.194,0
42,45,48.9183,0
42,46,159.831,0
42,50,235.128,0
42,52,256.96,16.9274
42,59,190.966,0
42,60,101.982,3.69146
42,65,79.3095,0
42,66,255.534,6.68063
42,67,57.0088,0
42,72,160.332,0.556653
42,81,107.564,0
42,82,305.422,23.3531
42,86,105.554,5.77126
42,87,21.5407,0
42,91,228.359,0
42,92,185.157,6.84403
43,3,232.476,0
43,14,78.721,0
43,41,113.952,0
43,46,141.365,0
43,59,87.9204,0
43,65,209.99,0
43,91,99.0454,0
44,5,238.122,9.59544
44,6,232.97,9.57304
44,9,177.023,0
44,15,153.237,8.20911
44,16,194.489,0
44,21,355.074,12.0181
44,23,248.073,0
44,25,261.088,14.5093
44,32,193.023,0
44,34,161.447,0
44,35,383.979,30.1171
44,37,24.0832,0
44,42,206.194,0
44,45,172.142,0
44,50,152.03,0
44,52,379.702,15.6541
44,54,158.095,0
44,57,131.472,0
44,60,120.11,0.531376
44,65,253.249,7.35608
44,66,77.8203,0
44,67,225.934,8.69395
44,72,131.655,6.8672
44,75,204.727,0
44,77,236.556,15.2222
44,79,302.703,24.0898
44,80,237.413,0
44,81,302.726,25.0728
44,82,52.8394,0
44,83,276.291,15.0246
44,86,164.195,0
44,87,196.255,0
44,92,420.035,28.4612
44,95,156.474,0
44,96,219.495,0
44,98,264.493,19.4054
45,1,158.777,0
45,3,133.417,0
45,5,50.4777,0
45,9,250.264,5.5771
45,15,40.2616,0
45,18,238.956,9.48096
45,21,178.673,14.9976
45,32,207.077,0
45,34,354.199,30.3833
45,35,324.27,26.1384
45,37,155.708,0
45,39,216.474,0
45,41,207.625,0
45,42,48.9183,0
45,44,172.142,0
45,46,221.766,7.81867
45,50,280.094,19.0515
45,52,226.709,18.9763
45,59,239.71,0
45,60,81.4593,1.25061
45,61,271.863,12.9989
45,65,138.206,6.88936
45,66,219.92,0
45,67,38.5876,0
45,72,116.483,0.51993
45,81,82.1523,0
45,82,268.053,22.2503
45,86,105.342,0
45,87,29.4109,0
45,92,176.116,13.6806
46,3,172.409,0
46,5,221.903,0
46,9,224.181,0
46,14,162.373,0
46,15,230.009,0
46,32,166.193,0
46,41,56.3649,0
46,42,159.831,0
46,43,141.365,0
46,45,221.766,7.81867
46,50,242.258,0
46,59,101.637,0
46,60,223.913,12.6918
46,65,82.4621,0
46,67,215.379,0
46,86,151.042,4.33388
46,87,181.202,0
46,91,69.3542,0
47,2,340.638,27.6122
47,8,133.646,3.92636
47,13,266.984,21.9372
47,17,275.318,10.2832
47,21,254.206,8.07151
47,29,224.662,15.6114
47,33,40.6079,0
47,34,270.604,14.9841
47,35,131.746,0
47,49,257.813,18.4369
47,52,216.114,7.06341
47,56,208.122,13.3964
47,58,246.965,8.81493
47,61,211.634,0
47,71,231.957,15.0639
47,73,268.482,16.3047
47,89,243.27,5.22062
47,92,297.093,16.1631
47,94,171.459,14.7063
48,2,214.276,8.96071
48,13,267.041,21.0559
48,19,153.062,0
48,20,303.73,21.0377
48,26,179.738,12.9459
48,30,178.127,14.378
48,31,300.677,25.6798
48,40,110.168,0
48,49,378.378,30.6159
48,56,221.248,7.47609
48,62,178.474,0
48,64,129.004,0
48,68,67.624,0
48,70,19.2354,0
48,84,159.211,0
48,90,280.315,9.24114
48,94,297.002,17.2057
49,2,164.125,12.9474
49,8,230.885,16.7009
49,12,272.152,21.4171
49,13,110.624,9.38628
49,24,183.186,7.62917
49,26,397.16,26.4773
49,28,224.539,16.7512
49,29,189.275,10.3724
49,31,134.857,11.4467
49,33,217.203,17.1389
49,36,139.652,9.02047
49,47,257.813,18.4369
49,48,378.378,30.6159
49,58,84.2994,5.32879
49,71,183.132,9.81064
49,89,77.276,6.27666
49,94,172.852,11.259
50,9,28.8444,0
50,15,213.216,0
50,23,183.79,11.6405
50,25,272.83,23.3684
50,32,78.1089,0
50,37,136.825,0
50,38,216.021,7.64928
50,42,235.128,0
50,44,152.03,0
50,45,280.094,19.0515
50,46,242.258,0
50,57,175.568,0
50,60,187.23,13.1734
50,65,212.398,0
50,66,89.9611,0
50,72,228.904,11.3816
50,79,315.882,26.4057
50,80,86.6833,0
50,82,200.112,0
50,83,361.744,30.9919
50,86,145.908,0
50,87,247.059,3.60872
50,95,96.0469,0
50,96,74.3034,0
51,1,163.088,5.10473
51,3,270.531,7.0727
51,5,246.513,10.6077
51,8,231.751,10.6196
51,17,49.0146,3.22047
51,18,61.725,4.23741
51,21,275.358,22.9776
51,29,293.837,20.3058
51,35,255.019,3.40146
51,39,139.864,0
51,52,276.385,23.2706
51,53,84.9706,0
51,55,216.668,0
51,61,74.1318,3.13991
51,63,245.15,2.60546
51,67,258.06,10.7613
51,71,304.65,20.694
51,74,78.6448,0
51,81,220.921,14.1523
51,85,182.822,0
51,92,184.634,15.0493
52,1,247.357,15.4133
52,5,235.715,20.0849
52,8,263.973,6.95279
52,15,220.476,18.8301
52,16,343.11,29.2802
52,17,281.882,21.8874
52,18,226.684,19.4037
52,21,40.683,1.8893
52,33,254.287,7.08907
52,34,245.537,17.7806
52,35,98.754,5.87822
52,37,375.998,18.9755
52,39,334.271,27.5439
52,42,256.96,16.9274
52,44,379.702,15.6541
52,45,226.709,18.9763
52,47,216.114,7.06341
52,51,276.385,23.2706
52,54,286.354,23.375
52,60,295.472,25.2928
52,61,191.881,15.9254
52,67,215.94,17.7483
52,72,244.061,13.8103
52,73,343.563,29.4691
52,74,361.338,30.9916
52,75,337.003,28.8982
52,81,192.333,16.2327
52,82,326.771,20.6168
52,86,337.418,26.9683
52,87,235.432,16.4709
52,92,147.406,11.199
53,1,206.545,0
53,8,236.342,1.21175
53,17,75.06,0
53,18,154.364,8.73477
53,29,276.77,13.867
53,39,171.143,0
53,51,84.9706,0
53,55,169.425,0
53,61,163.432,7.30296
53,63,193.135,2.90578
53,71,273.034,9.62621
53,74,91.5915,0
53,85,148.661,0
53,92,283.354,21.7175
54,6,133.818,5.98713
54,7,256.651,21.1777
54,15,330.837,28.3812
54,16,62.1289,0
54,21,278.351,23.8492
54,34,37.6962,0
54,35,237.866,20.0453
54,37,180.228,0
54,44,158.095,0
54,52,286.354,23.375
54,56,216.816,0
54,57,190.097,0
54,60,332.468,26.7876
54,66,216.947,0
54,69,252.446,19.9741
54,72,242.306,20.2448
54,73,106.024,0
54,75,58.6941,0
54,76,367.155,28.9782
54,77,197.312,15.2056
54,78,405.168,32.0452
54,82,105.688,0
54,90,265.724,5.32162
54,93,378.693,32.3231
54,98,197.976,15.3176
55,8,182.2,0
55,17,177.553,0
55,28,136.033,0
55,29,141.877,0
55,36,284.249,23.9322
55,51,216.668,0
55,53,169.425,0
55,58,246.777,7.80888
55,61,241.599,0
55,63,30.305,1.74
55,71,140.431,0
55,74,259.048,0
55,85,41.8688,0
55,89,273.904,12.3584
56,2,346.69,27.7348
56,7,321.015,24.6835
56,13,294.012,19.3179
56,16,213.722,0
56,20,215.003,12.8888
56,27,341.013,29.1807
56,33,247.547,20.3796
56,34,210.642,0
56,35,277.257,23.4881
56,40,261.266,0
56,47,208.122,13.3964
56,48,221.248,7.47609
56,54,216.816,0
56,64,196.023,0
56,69,263.117,16.9423
56,70,206.197,0
56,73,120.208,0
56,75,193.752,0
56,84,122.674,0
56,88,331.747,28.4311
56,90,172.854,8.85513
56,94,175.975,9.1187
57,4,340.562,8.28252
57,6,225.934,19.2878
57,7,440.834,15.5771
57,9,203.666,0
57,11,276.737,11.1561
57,16,183.011,0
57,22,287.373,9.92222
57,23,240.221,20.6017
57,25,203.06,8.94381
57,32,249.128,0
57,34,216.91,0
57,37,146.113,0
57,38,240.395,19.3527
57,44,131.472,0
57,50,175.568,0
57,54,190.097,0
57,60,239.171,0.498255
57,66,99.7246,0
57,72,258.677,20.068
57,75,202.247,0
57,76,344.137,14.5419
57,77,197.557,9.19614
57,78,283.579,8.83146
57,79,202.688,8.91236
57,80,232.332,0
57,82,128.845,0
57,83,144.802,11.9432
57,93,435.654,16.8043
57,95,101.02,0
57,96,205.73,0
57,97,314.302,21.6346
57,98,234.158,9.89466
58,2,257.003,20.548
58,8,162.444,0
58,12,261.287,21.2504
58,13,203.019,17.3749
58,24,163.63,13.8875
58,28,138.595,10.7717
58,29,116.73,0
58,31,234.359,18.3608
58,33,193.06,1.73289
58,36,51,0
58,47,246.965,8.81493
58,49,84.2994,5.32879
58,55,246.777,7.80888
58,63,313.829,25.9536
58,71,108.046,0
58,85,229.032,3.38155
58,89,16.2788,0
58,94,208.318,4.90817
59,1,243.731,0
59,3,144.641,0
59,5,251.628,7.75459
59,14,72.2765,3.55485
59,41,48.0104,0
59,42,190.966,0
59,43,87.9204,0
59,45,239.71,0
59,46,101.637,0
59,60,272.224,5.89229
59,65,141.315,0
59,67,254.427,9.55393
59,86,217.568,0
59,87,210.761,0
59,91,110.887,0
60,1,240.014,1.73012
60,3,200.088,3.85341
60,5,131.71,1.23003
60,9,200.629,14.774
60,15,64.9713,0.523676
60,21,241.346,20.2445
60,32,155.785,7.65682
60,34,370.234,30.6385
60,37,97.8814,0.515047
60,41,230.834,6.15089
60,42,101.982,3.69146
60,44,120.11,0.531376
60,45,81.4593,1.25061
60,46,223.913,12.6918
60,50,187.23,13.1734
60,52,295.472,25.2928
60,54,332.468,26.7876
60,57,239.171,0.498255
60,59,272.224,5.89229
60,65,132.996,5.86502
60,66,148.51,0.505087
60,67,120.941,1.81054
60,72,108.501,4.6442
60,80,268.851,15.8941
60,81,161.442,1.30124
60,82,197.953,13.6309
60,86,70.726,5.61317
60,87,97.6175,2.99099
60,91,275.923,7.18262
60,92,270.077,21.6891
60,95,220.405,1.07494
60,96,264.799,16.1136
61,1,173.249,2.60398
61,5,226.747,9.96061
61,8,175.684,0
61,15,303.291,21.2869
61,17,89.9374,5.24858
61,18,53.4135,0
61,21,224.925,19.0611
61,29,241.191,7.00776
61,33,236.199,1.35709
61,35,181.003,0
61,39,177.992,0
61,45,271.863,12.9989
61,47,211.634,0
61,51,74.1318,3.13991
61,52,191.881,15.9254
61,53,163.432,7.30296
61,55,241.599,0
61,67,231.409,7.99551
61,71,267.059,12.736
61,74,155.393,7.64285
61,81,179.43,7.37708
61,85,212.259,4.89904
61,87,268.468,7.66434
61,92,104,0
62,19,65.2763,0
62,26,246.89,15.0237
62,30,152.585,1.99162
62,40,83.006,0
62,48,178.474,0
62,64,159.703,0
62,68,119.817,0
62,70,163.453,0
62,84,240.875,0
63,8,209.884,2.51951
63,17,206.919,2.66265
63,28,162.557,10.6498
63,29,165.082,2.88822
63,36,295.005,25.2337
63,51,245.15,2.60546
63,53,193.135,2.90578
63,55,30.305,1.74
63,58,313.829,25.9536
63,71,163.977,3.8163
63,85,72.0156,1.88276
63,89,333.695,27.5001
64,2,342.279,29.3263
64,19,97.0464,0
64,20,198.532,16.9876
64,26,323.506,24.263
64,27,357.84,21.2139
64,30,230.096,10.0532
64,40,85,0
64,48,129.004,0
64,56,196.023,0
64,62,159.703,0
64,68,139.187,0
64,70,111.606,0
64,84,81.8413,0
64,88,331.309,20.5211
64,90,196.09,12.5937
64,94,316.403,23.2784
65,1,234.085,8.79006
65,3,125.208,0
65,5,144.031,0
65,9,203.354,0
65,14,210.927,3.06606
65,15,148.189,0
65,21,319.083,23.9312
65,32,150.266,0
65,37,225.339,5.26264
65,39,279.043,8.13875
65,41,97.9439,0
65,42,79.3095,0
65,43,209.99,0
65,44,253.249,7.35608
65,45,138.206,6.88936
65,46,82.4621,0
65,50,212.398,0
65,59,141.315,0
65,60,132.996,5.86502
65,66,268.336,9.2993
65,67,136.132,0
65,72,212.137,0
65,80,258.861,0
65,81,186.043,0
65,86,76.9025,0
65,87,113.278,5.71091
65,91,151.796,0
65,92,254,2.4498
66,6,261.551,12.3473
66,9,118.512,0
66,11,372.488,31.2028
66,15,188.303,0
66,16,237.154,0
66,22,382.973,31.734
66,23,171.825,0
66,25,245.12,20.4267
66,32,154.175,0
66,34,229.079,0
66,37,74.9667,0
66,38,251.908,17.4642
66,42,255.534,6.68063
66,44,77.8203,0
66,45,219.92,0
66,50,89.9611,0
66,54,216.947,0
66,57,99.7246,0
66,60,148.51,0.505087
66,65,268.336,9.2993
66,67,257.934,0
66,72,200.196,16.9339
66,75,252.058,0
66,77,251.315,18.7923
66,78,376.258,31.3548
66,79,250.239,21.467
66,80,168.193,0
66,82,116.276,0
66,83,249.201,18.7337
66,86,193.601,9.65633
66,87,237.697,0
66,95,80.6226,0
66,96,147.003,0
66,98,280.904,22.1654
67,1,120.304,0
67,3,109.128,0
67,5,12.0416,0
67,15,72.6911,0
67,18,194.699,4.70983
67,21,170.88,14.24
67,32,240.832,0
67,35,313.539,24.1155
67,37,191.88,0
67,39,178.101,0
67,41,208.002,0
67,42,57.0088,0
67,44,225.934,8.69395
67,45,38.5876,0
67,46,215.379,0
67,51,258.06,10.7613
67,52,215.94,17.7483
67,59,254.427,9.55393
67,60,120.941,1.81054
67,61,231.409,7.99551
67,65,136.132,0
67,66,257.934,0
67,72,144.79,0.499228
67,74,230.202,0
67,81,50.9902,0
67,82,286.966,21.0231
67,86,137.557,0
67,87,38.0789,0
67,92,131.185,7.57703
68,2,176.141,4.42631
68,13,241.388,10.132
68,19,115.434,0
68,26,178.576,15.1924
68,30,91.6307,7.66557
68,31,320.826,27.3009
68,40,76.5376,0
68,48,67.624,0
68,62,119.817,0
68,64,139.187,0
68,70,60.5392,0
68,84,197.294,0
68,94,384.412,27.9383
69,4,407.099,3.00675
69,6,208.846,9.87549
69,7,78.9177,0
69,11,442.447,3.41675
69,16,207.723,17.1629
69,20,298.813,6.86174
69,22,422.126,3.88776
69,27,240.416,0
69,34,258.608,13.6312
69,54,252.446,19.9741
69,56,263.117,16.9423
69,73,191.567,15.6375
69,75,188.243,15.9521
69,76,275.161,2.96641
69,77,300.881,9.31298
69,78,416.153,3.40917
69,84,323.137,27.4106
69,88,261.396,0
69,90,216.724,10.8231
69,93,248.556,0
69,98,271.514,6.24951
70,2,233.502,14.3959
70,13,286.143,23.7592
70,19,134.648,0
70,20,290.695,20.7989
70,26,168.919,6.02509
70,30,149.192,11.4427
70,31,321.704,27.5926
70,40,91.9837,0
70,48,19.2354,0
70,56,206.197,0
70,62,163.453,0
70,64,111.606,0
70,68,60.5392,0
70,84,148.762,0
70,90,269.235,8.97308
70,94,298.859,22.4937
71,8,95.4414,5.84021
71,12,367.915,29.9659
71,13,220.64,0
71,17,243.635,12.8198
71,24,271.682,19.9734
71,28,88.8144,0
71,29,12.6491,0
71,31,339.85,28.7467
71,33,169.26,0
71,36,151.551,12.1038
71,47,231.957,15.0639
71,49,183.132,9.81064
71,51,304.65,20.694
71,53,273.034,9.62621
71,55,140.431,0
71,58,108.046,0
71,61,267.059,12.736
71,63,163.977,3.8163
71,85,136.213,6.62148
71,89,123.713,0
71,94,251.061,10.7339
72,1,254.872,0.503683
72,3,249.682,0.515855
72,5,153.162,0.497237
72,6,322.13,25.4438
72,9,245.644,10.4849
72,15,76.333,0.522624
72,16,285.728,23.6772
72,21,233.863,1.85508
72,32,254.595,14.7376
72,34,252.326,15.2151
72,35,331.284,19.6801
72,37,123.009,7.79084
72,42,160.332,0.556653
72,44,131.655,6.8672
72,45,116.483,0.51993
72,50,228.904,11.3816
72,52,244.061,13.8103
72,54,242.306,20.2448
72,57,258.677,20.068
72,60,108.501,4.6442
72,65,212.137,0
72,66,200.196,16.9339
72,67,144.79,0.499228
72,73,362.998,31.0429
72,75,293.497,24.5879
72,77,345.528,29.3175
72,81,196.96,14.9047
72,82,142.147,10.4426
72,86,180.492,11.253
72,87,144.809,0.532325
72,92,289.652,20.9178
72,95,281.701,20.5161
73,6,157.808,5.27099
73,7,228.079,19.4598
73,16,93.5575,0
73,20,273.37,22.7108
73,27,339.53,27.6267
73,33,258.507,0
73,34,114.56,0
73,35,178.101,0
73,47,268.482,16.3047
73,52,343.563,29.4691
73,54,106.024,0
73,56,120.208,0
73,69,191.567,15.6375
73,72,362.998,31.0429
73,75,73.5527,0
73,76,353.605,30.2928
73,77,268.528,22.2169
73,82,211.54,0
73,84,200.352,0
73,88,336.936,28.0331
73,90,170.068,5.53466
73,93,401.879,30.7016
73,94,320.507,22.9737
73,98,232.848,15.838
74,1,118.727,0
74,3,216.412,0
74,5,218.16,0
74,17,109.604,0
74,18,94.0479,0
74,21,266.528,9.75072
74,39,79.6304,0
74,51,78.6448,0
74,52,361.338,30.9916
74,53,91.5915,0
74,55,259.048,0
74,61,155.393,7.64285
74,67,230.202,0
74,81,191.971,0
74,85,233.566,0
74,92,185.152,6.5931
75,4,421.361,25.1329
75,6,94.9103,5.14223
75,7,205.005,17.3314
75,11,399.023,28.6772
75,16,20.6155,0
75,20,326.967,26.7177
75,21,335.821,27.5835
75,22,388.111,28.0892
75,27,346.551,29.7286
75,34,89.4539,0
75,35,244.317,17.5867
75,37,228.213,0
75,44,204.727,0
75,52,337.003,28.8982
75,54,58.6941,0
75,56,193.752,0
75,57,202.247,0
75,66,252.058,0
75,69,188.243,15.9521
75,72,293.497,24.5879
75,73,73.5527,0
75,76,287.836,24.3506
75,77,188.174,16.1324
75,78,377.224,27.85
75,82,152.201,0
75,83,402.075,31.7224
75,88,381.482,31.3268
75,90,227.041,11.0367
75,93,335.378,26.222
75,98,171.411,14.3881
76,4,131.939,0
76,6,229.556,0.533828
76,7,194.693,3.84162
76,11,174.734,0
76,16,287.386,21.4754
76,22,154.467,0
76,25,425.971,9.6123
76,27,469.206,1.00254
76,54,367.155,28.9782
76,57,344.137,14.5419
76,69,275.161,2.96641
76,73,353.605,30.2928
76,75,287.836,24.3506
76,77,192.052,0
76,78,149.345,0
76,79,377.711,11.4004
76,82,394.671,32.6208
76,83,268.322,7.16357
76,88,498.389,0
76,90,497.727,11.8743
76,93,97.591,0
76,97,240.44,8.65707
76,98,170.047,0
77,4,231.419,5.43445
77,6,116.499,0
77,7,253.786,1.69128
77,11,227.139,0
77,16,164.315,14.0555
77,22,218.083,0
77,25,349.126,10.0816
77,34,233.035,15.915
77,37,259.131,15.7589
77,44,236.556,15.2222
77,54,197.312,15.2056
77,57,197.557,9.19614
77,66,251.315,18.7923
77,69,300.881,9.31298
77,72,345.528,29.3175
77,73,268.528,22.2169
77,75,188.174,16.1324
77,76,192.052,0
77,78,208.087,0
77,79,321.071,9.61686
77,82,203.372,14.6511
77,83,232.459,7.72254
77,93,277.157,0
77,95,328.535,25.7908
77,97,323.53,6.20099
77,98,37.7359,0
78,4,55.7136,0
78,6,283.177,8.97071
78,7,336.277,3.83886
78,11,26.3059,0
78,16,361.085,23.3983
78,22,10,0
78,23,413.437,23.0415
78,25,291.25,8.11954
78,38,362.385,26.1603
78,54,405.168,32.0452
78,57,283.579,8.83146
78,66,376.258,31.3548
78,69,416.153,3.40917
78,75,377.224,27.85
78,76,149.345,0
78,77,208.087,0
78,79,250.472,5.88189
78,82,381.407,31.8668
78,83,129.464,5.92375
78,93,234,0
78,95,393.005,20.4993
78,97,117.767,5.81505
78,98,205.121,3.88207
79,0,261.268,8.76516
79,4,310.161,0
79,6,428.761,13.1107
79,9,335.799,28.6865
79,10,209.928,7.87387
79,11,244.401,0
79,22,258.105,2.34477
79,23,164.878,13.1397
79,25,48.4149,0
79,37,308.541,23.7369
79,38,129.06,10.8811
79,44,302.703,24.0898
79,50,315.882,26.4057
79,57,202.688,8.91236
79,66,250.239,21.467
79,76,377.711,11.4004
79,77,321.071,9.61686
79,78,250.472,5.88189
79,80,315.633,27.0244
79,82,316.072,25.8779
79,83,114.228,2.5607
79,93,474.148,9.8177
79,95,221.401,4.59429
79,96,287.166,24.5873
79,97,239.197,5.13319
79,98,358.082,7.31718
80,9,69.3542,0
80,23,152.234,7.65155
80,25,268.518,22.2395
80,32,109,0
80,37,223.305,0
80,38,213.714,14.7535
80,44,237.413,0
80,50,86.6833,0
80,57,232.332,0
80,60,268.851,15.8941
80,65,258.861,0
80,66,168.193,0
80,79,315.633,27.0244
80,86,208.626,0
80,95,132.88,0
80,96,27.5862,0
81,1,98.0459,0
81,3,132.548,0
81,5,42.0119,0
81,15,101.607,0
81,17,294.334,24.3969
81,18,157.889,9.23796
81,21,131.501,11.0238
81,34,395.775,31.8184
81,35,301.316,25.8399
81,37,227.801,4.7489
81,39,153.883,0
81,41,271.842,9.65108
81,42,107.564,0
81,44,302.726,25.0728
81,45,82.1523,0
81,51,220.921,14.1523
81,52,192.333,16.2327
81,60,161.442,1.30124
81,61,179.43,7.37708
81,65,186.043,0
81,67,50.9902,0
81,72,196.96,14.9047
81,74,191.971,0
81,82,379.098,29.9334
81,86,186.553,0
81,87,89.0505,0
81,92,64.1289,0.493054
82,5,296.311,21.4892
82,6,187.769,9.08306
82,7,315.254,21.7858
82,9,226.515,0
82,11,373.141,31.9459
82,15,227.695,19.5308
82,16,142.864,0
82,21,309.204,20.3438
82,22,390.227,32.4318
82,25,297.321,22.2991
82,32,245.638,0
82,34,113.018,0
82,35,318.536,26.4972
82,37,76.0263,0
82,42,305.422,23.3531
82,44,52.8394,0
82,45,268.053,22.2503
82,50,200.112,0
82,52,326.771,20.6168
82,54,105.688,0
82,57,128.845,0
82,60,197.953,13.6309
82,66,116.276,0
82,67,286.966,21.0231
82,72,142.147,10.4426
82,73,211.54,0
82,75,152.201,0
82,76,394.671,32.6208
82,77,203.372,14.6511
82,78,381.407,31.8668
82,79,316.072,25.8779
82,81,379.098,29.9334
82,83,275.213,17.1368
82,86,232.514,8.94005
82,87,295.99,23.7042
82,92,420.631,29.0099
82,95,185.397,0
82,98,223.426,17.1404
83,4,181.116,5.49392
83,6,348.493,8.03134
83,7,436.184,10.7964
83,10,328.657,28.1747
83,11,113.137,5.49972
83,16,381.95,28.1591
83,22,130.224,5.78771
83,23,278.466,18.0918
83,25,159.246,2.81558
83,37,285.68,13.4271
83,38,220.665,18.8957
83,44,276.291,15.0246
83,50,361.744,30.9919
83,57,144.802,11.9432
83,66,249.201,18.7337
83,75,402.075,31.7224
83,76,268.322,7.16357
83,77,232.459,7.72254
83,78,129.464,5.92375
83,79,114.228,2.5607
83,82,275.213,17.1368
83,93,359.92,7.25459
83,95,279.748,13.6786
83,96,382.078,31.6163
83,97,150.272,6.46954
83,98,258.058,7.63033
84,2,306.754,23.9372
84,7,407.299,31.8244
84,19,178.885,0
84,20,143.618,12.1072
84,27,281.551,19.0865
84,40,162.274,0
84,48,159.211,0
84,56,122.674,0
84,62,240.875,0
84,64,81.8413,0
84,68,197.294,0
84,69,323.137,27.4106
84,70,148.762,0
84,73,200.352,0
84,88,265.275,17.5823
84,90,120.921,7.95782
84,94,279.873,21.2972
85,8,194.22,16.0045
85,17,142.415,0
85,18,242.399,6.84408
85,28,173.77,11.8793
85,29,135.542,7.11688
85,33,275.074,7.50781
85,36,235.931,10.5311
85,51,182.822,0
85,53,148.661,0
85,55,41.8688,0
85,58,229.032,3.38155
85,61,212.259,4.89904
85,63,72.0156,1.88276
85,71,136.213,6.62148
85,74,233.566,0
85,89,243.896,2.72218
86,1,250.989,2.05612
86,3,200.345,9.11046
86,5,149.04,0
86,9,144.031,0
86,15,109.041,0
86,21,265,15.8194
86,32,103.47,0
86,37,140.357,0
86,41,172.409,0
86,42,105.554,5.77126
86,44,164.195,0
86,45,105.342,0
86,46,151.042,4.33388
86,50,145.908,0
86,52,337.418,26.9683
86,59,217.568,0
86,60,70.726,5.61317
86,65,76.9025,0
86,66,193.601,9.65633
86,67,137.557,0
86,72,180.492,11.253
86,80,208.626,0
86,81,186.553,0
86,82,232.514,8.94005
86,87,101.607,0
86,91,206.959,0
86,92,282.707,16.3419
86,95,228.849,0
86,96,210.205,0
87,1,147.611,0
87,3,106.794,0
87,5,48.4665,0
87,9,242.662,0
87,15,68.542,0
87,18,224.349,1.0784
87,21,200.213,15.6737
87,32,205.061,0
87,37,178.101,0
87,39,203.868,0
87,41,180.014,0
87,42,21.5407,0
87,44,196.255,0
87,45,29.4109,0
87,46,181.202,0
87,50,247.059,3.60872
87,52,235.432,16.4709
87,59,210.761,0
87,60,97.6175,2.99099
87,61,268.468,7.66434
87,65,113.278,5.71091
87,66,237.697,0
87,67,38.0789,0
87,72,144.809,0.532325
87,81,89.0505,0
87,82,295.99,23.7042
87,86,101.607,0
87,91,249.84,0
87,92,177.883,11.1252
88,6,468.155,11.9024
88,7,325.386,0
88,16,369.074,31.5881
88,20,124.451,0
88,27,28.2843,0
88,56,331.747,28.4311
88,64,331.309,20.5211
88,69,261.396,0
88,73,336.936,28.0331
88,75,381.482,31.3268
88,76,498.389,0
88,84,265.275,17.5823
88,90,159.524,0
88,93,417.018,4.31005
89,2,242.346,19.4395
89,8,174.657,0
89,12,248.836,21.0083
89,13,189.887,16.2888
89,24,149.845,12.0435
89,28,151.187,10.8077
89,29,132.004,0
89,31,219.569,15.3249
89,33,196.574,1.65554
89,36,58.4637,0
89,47,243.27,5.22062
89,49,77.276,6.27666
89,55,273.904,12.3584
89,58,16.2788,0
89,63,333.695,27.5001
89,71,123.713,0
89,85,243.896,2.72218
89,94,210.54,7.72888
90,6,363.814,26.1076
90,7,295.448,11.6222
90,16,243.661,13.2073
90,19,333.731,27.233
90,20,96.2081,0
90,27,169.541,0
90,40,292.058,17.4755
90,48,280.315,9.24114
90,54,265.724,5.32162
90,56,172.854,8.85513
90,64,196.09,12.5937
90,69,216.724,10.8231
90,70,269.235,8.97308
90,73,170.068,5.53466
90,75,227.041,11.0367
90,76,497.727,11.8743
90,84,120.921,7.95782
90,88,159.524,0
90,93,458.313,8.35269
90,98,465.307,20.9578
91,3,226.991,0
91,14,152.201,0
91,32,220.294,5.99239
91,41,89.7385,0
91,42,228.359,0
91,43,99.0454,0
91,46,69.3542,0
91,59,110.887,0
91,60,275.923,7.18262
91,65,151.796,0
91,86,206.959,0
91,87,249.84,0
92,1,118.338,0
92,3,186.682,0
92,5,106.043,0.49544
92,15,207.221,17.7714
92,17,215.125,16.3007
92,18,129.362,11.0925
92,21,83.1842,3.58127
92,34,357.123,29.9561
92,35,237.542,20.3532
92,37,376.745,30.9796
92,39,160.801,0
92,42,185.157,6.84403
92,44,420.035,28.4612
92,45,176.116,13.6806
92,47,297.093,16.1631
92,51,184.634,15.0493
92,52,147.406,11.199
92,53,283.354,21.7175
92,60,270.077,21.6891
92,61,104,0
92,65,254,2.4498
92,67,131.185,7.57703
92,72,289.652,20.9178
92,74,185.152,6.5931
92,81,64.1289,0.493054
92,82,420.631,29.0099
92,86,282.707,16.3419
92,87,177.883,11.1252
93,4,199.65,0
93,6,256.514,11.262
93,7,181.041,0
93,11,256.827,0
93,16,332.43,22.7818
93,20,522.169,0
93,22,236.66,0
93,27,388,4.74874
93,54,378.693,32.3231
93,57,435.654,16.8043
93,69,248.556,0
93,73,401.879,30.7016
93,75,335.378,26.222
93,76,97.591,0
93,77,277.157,0
93,78,234,0
93,79,474.148,9.8177
93,83,359.92,7.25459
93,88,417.018,4.31005
93,90,458.313,8.35269
93,97,287.138,13.7023
93,98,248.387,0
94,2,145.113,12.4487
94,8,263.632,22.2542
94,13,138.828,11.8927
94,24,351.717,29.7649
94,26,359.35,30.8189
94,29,242.119,8.69486
94,30,396.831,32.6023
94,31,265.176,22.6183
94,33,183.37,3.65411
94,35,239.493,0
94,36,258.121,4.41965
94,47,171.459,14.7063
94,48,297.002,17.2057
94,49,172.852,11.259
94,56,175.975,9.1187
94,58,208.318,4.90817
94,64,316.403,23.2784
94,68,384.412,27.9383
94,70,298.859,22.4937
94,71,251.061,10.7339
94,73,320.507,22.9737
94,84,279.873,21.2972
94,89,210.54,7.72888
95,4,460.192,17.2848
95,6,326.199,25.3012
95,9,119.101,0
95,10,313.219,20.8234
95,11,386.711,19.2571
95,22,405.464,18.0206
95,23,91.6079,0
95,25,181.039,4.87085
95,32,174.04,0
95,37,155.589,0
95,38,155.684,11.0673
95,44,156.474,0
95,50,96.0469,0
95,57,101.02,0
95,60,220.405,1.07494
95,66,80.6226,0
95,72,281.701,20.5161
95,77,328.535,25.7908
95,78,393.005,20.4993
95,79,221.401,4.59429
95,80,132.88,0
95,82,185.397,0
95,83,279.748,13.6786
95,86,228.849,0
95,96,105.688,0
95,97,449.672,10.8274
95,98,367.124,27.3313
96,9,66.2193,0
96,23,129.163,7.26363
96,25,240.426,20.4208
96,32,117.047,0
96,37,207.369,0
96,38,186.248,12.4165
96,44,219.495,0
96,50,74.3034,0
96,57,205.73,0
96,60,264.799,16.1136
96,66,147.003,0
96,79,287.166,24.5873
96,80,27.5862,0
96,83,382.078,31.6163
96,86,210.205,0
96,95,105.688,0
97,0,300.439,19.5978
97,4,107.561,7.17076
97,6,401.988,14.5844
97,7,434.806,12.6818
97,10,298.661,24.7125
97,11,96.5518,5.17242
97,22,108.437,5.61899
97,23,330.907,28.0255
97,25,284.425,6.24607
97,38,305.918,24.6847
97,57,314.302,21.6346
97,76,240.44,8.65707
97,77,323.53,6.20099
97,78,117.767,5.81505
97,79,239.197,5.13319
97,83,150.272,6.46954
97,93,287.138,13.7023
97,95,449.672,10.8274
97,98,322.861,9.88658
98,4,241.305,0
98,6,74.9012,5.53594
98,7,217.234,1.13117
98,11,226.116,4.26409
98,16,155.962,13.3389
98,22,214.96,3.92041
98,25,386.06,8.63013
98,27,517.238,1.66837
98,34,236.179,16.5958
98,37,286.672,19.8909
98,44,264.493,19.4054
98,54,197.976,15.3176
98,57,234.158,9.89466
98,66,280.904,22.1654
98,69,271.514,6.24951
98,73,232.848,15.838
98,75,171.411,14.3881
98,76,170.047,0
98,77,37.7359,0
98,78,205.121,3.88207
98,79,358.082,7.31718
98,82,223.426,17.1404
98,83,258.058,7.63033
98,90,465.307,20.9578
98,93,248.387,0
98,95,367.124,27.3313
98,97,322.861,9.88658
99,12,159.508,12.4155
99,28,206.495,0
99,36,318.14,26.7939
