0,21,113.323,0
0,30,192.824,0
0,76,186.271,0
0,81,113.811,0
0,92,219.92,0
0,95,153.73,0
1,4,227.633,0
1,6,144.461,0
1,8,151.003,0
1,18,52.3259,0
1,21,137.877,0
1,30,144.087,0
1,32,38.3275,0
1,33,99.0202,0
1,45,170.064,4.29744
1,50,188,0
1,62,100.703,0
1,67,228.32,0
1,68,201.42,0
1,69,205.875,17.5824
1,70,55.7315,0
1,72,170.699,0
1,76,102.201,0
1,81,136.927,0
1,92,221.163,0
1,93,216.787,6.295
1,95,111.665,0
2,10,143.441,1.70555
2,13,144.835,12.4246
2,17,34.6314,1.45541
2,20,124.731,8.31538
2,22,291.182,13.5581
2,24,210.071,17.592
2,25,239.79,20.4697
2,27,142.03,12.0644
2,29,297.884,25.3878
2,42,86.8278,1.6642
2,44,58.4658,4.98288
2,46,244.326,15.823
2,47,191.846,2.96044
2,48,255.767,14.0163
2,51,285.54,23.4777
2,55,227.737,9.47562
2,56,179.95,11.1146
2,57,180.854,0
2,60,262.227,16.2246
2,61,235.06,11.4265
2,78,155.013,2.8973
2,85,179.584,2.92112
2,89,212.298,9.52658
2,97,211.464,10.3253
2,98,211.873,15.7055
3,14,210.646,13.0453
3,19,290.874,4.61488
3,28,290.324,24.8723
3,31,170.946,6.34944
3,35,131.469,0
3,36,196.128,16.344
3,40,254.113,4.65705
3,41,307.676,5.40186
3,47,327.529,20.5939
3,53,268.288,22.4114
3,58,315.542,4.70815
3,63,168.007,14.4112
3,64,138.307,6.147
3,66,226.016,18.7778
3,74,320.066,26.934
3,78,358.609,28.3995
3,85,336.806,23.7183
3,88,222.933,7.47909
3,97,370.674,18.0189
4,1,227.633,0
4,7,19.3132,0
4,9,81.3019,0
4,11,69.0507,0
4,12,172.029,0
4,18,188.884,0
4,34,176.477,0
4,38,179.137,0
4,39,78.6003,0
4,43,189.18,0
4,50,221.777,0
4,52,195.474,0
4,54,147.828,0
4,68,59.1692,0
4,69,186.85,0
4,70,175.114,0
4,72,71.2531,0
4,75,244.558,10.8692
4,77,176.119,0
4,80,187.451,0
4,91,181.497,0
4,93,155.206,0
4,94,98.387,0
4,96,114.56,0
5,15,75.6637,0
5,16,129.865,0
5,26,173.851,0
5,49,215.471,18.4775
5,59,199.772,12.9505
5,67,211.152,0
5,79,87.7268,0
5,86,185.224,0
5,90,207.86,7.8735
6,1,144.461,0
6,8,40.4599,0
6,15,179.446,0
6,18,135.495,2.23416
6,21,193.373,0
6,30,67.0075,0
6,32,180.278,0
6,33,59.4643,0
6,34,223.007,0
6,38,221.111,0
6,45,79.6304,0
6,49,258.786,13.454
6,50,117.154,0
6,59,172.25,1.06294
6,65,233.239,8.87874
6,67,98.656,0
6,70,188.285,4.65091
6,72,223.081,0
6,76,84.3801,0
6,79,167.529,0
6,81,161.047,0
6,92,103.121,0
6,95,200.998,0
7,4,19.3132,0
7,9,88.6848,0
7,11,53.4883,0
7,12,160.328,0
7,18,204.475,0
7,34,193.414,0
7,38,196.156,0
7,39,60.208,0
7,43,203.789,0
7,52,194.24,0
7,54,129.035,0
7,68,78.2943,0
7,69,188.43,0
7,70,187.387,0
7,72,89.9444,0
7,73,217.849,0
7,75,227.82,10.9137
7,77,160.751,0
7,80,196.461,0
7,87,222.874,0
7,91,172.418,0
7,93,150.266,0
7,94,98.4937,0
7,96,127.236,0
8,1,151.003,0
8,6,40.4599,0
8,15,163.878,0
8,18,123.24,0
8,21,224.589,0
8,30,106.888,0
8,32,189.042,0
8,33,52.3546,0
8,34,182.781,0
8,37,231.33,8.02736
8,38,180.834,0
8,43,223.213,0
8,45,39.4462,0
8,49,224.845,12.4792
8,50,76.6942,0
8,59,154.345,7.99787
8,65,192.926,8.4292
8,67,128.25,0
8,68,212.151,0
8,70,172.905,0
8,72,194.648,0
8,76,116.709,0
8,79,151.397,0
8,81,195.359,0
8,92,137.539,0
8,95,226.268,0
9,4,81.3019,0
9,7,88.6848,0
9,11,92.0978,0
9,34,130.146,0
9,37,172.003,0
9,38,133.282,0
9,39,139.714,0
9,43,126.574,0
9,50,211.085,0
9,52,124.579,0
9,54,200.062,0
9,65,189.528,0
9,68,77.2334,0
9,72,108.208,0
9,80,107.87,0
9,83,186.227,9.5974
9,94,37.6563,0
9,96,48.6004,0
10,2,143.441,1.70555
10,13,275.38,21.1786
10,17,109,0
10,19,284.55,21.3921
10,24,219.873,3.55449
10,26,210.04,0
10,27,255.33,12.023
10,28,122.784,0
10,29,237.135,11.8964
10,31,267.365,18.9046
10,35,258.094,15.3119
10,40,231.485,15.1263
10,42,56.6039,0
10,44,194.331,6.22252
10,47,125.399,0
10,48,225.211,0
10,51,245.163,8.60377
10,53,136.015,0
10,57,203.003,11.4292
10,60,226.089,14.1291
10,63,226.371,7.85286
10,74,106.301,0
10,78,93.3006,0
10,85,108.301,0
10,86,197.294,0
10,88,166.859,0
10,97,164.842,0
11,4,69.0507,0
11,7,53.4883,0
11,9,92.0978,0
11,12,175.482,0
11,34,218.083,0
11,38,221.111,0
11,39,59.2115,0
11,43,218.552,0
11,52,187.888,10.6662
11,54,108.908,0
11,68,120.354,0
11,72,139.129,0
11,73,220.239,0
11,75,217.3,11.0083
11,77,161.623,0
11,80,192.837,0
11,83,328.828,24.5184
11,87,225.938,0
11,91,194.743,0
11,93,183.48,0
11,94,79.6994,0
11,96,140.014,0
12,4,172.029,0
12,7,160.328,0
12,11,175.482,0
12,39,116.276,0
12,54,105.759,0
12,62,206.286,0
12,68,220.193,0
12,69,128.316,0
12,70,216.002,0
12,72,210.801,0
12,73,69.4046,0
12,75,113.006,7.58022
12,77,44.9444,0
12,87,72.3464,0
12,91,29.6816,0
12,93,63.5059,0
13,2,144.835,12.4246
13,10,275.38,21.1786
13,17,199.237,13.7584
13,20,99.4106,2.77139
13,22,123.248,5.55739
13,24,100.173,8.59342
13,27,141.44,3.08807
13,29,254.951,21.0141
13,42,226.227,19.1729
13,44,82.3254,4.41029
13,46,184.392,2.44826
13,47,270.129,22.3886
13,48,99.6681,8.35356
13,55,123.549,3.82414
13,56,134.192,2.4774
13,57,242.82,20.552
13,61,178.027,2.42811
13,78,204.107,10.3337
13,82,214.214,2.64766
13,85,251.606,19.2842
13,89,115.497,2.78793
13,97,218.879,15.5681
13,98,219.825,3.36458
13,99,222.032,2.71746
14,3,210.646,13.0453
14,19,96.6644,0
14,24,369.605,26.6295
14,29,222.44,11.9922
14,31,131.014,2.31643
14,35,247.935,0
14,36,379.914,24.6457
14,40,141.319,4.06314
14,41,88,0
14,47,246.297,15.2838
14,53,345.269,26.5941
14,58,107.87,0
14,63,332.537,21.4243
14,64,75.2529,5.73824
14,78,285.143,22.6096
14,85,263.436,18.9978
14,88,268.645,8.63185
14,97,226.961,10.9106
15,5,75.6637,0
15,6,179.446,0
15,8,163.878,0
15,16,166.301,0
15,26,213.46,0
15,30,229.079,0
15,33,216.095,0
15,34,242.073,8.04192
15,37,237.22,12.1356
15,38,238.92,8.02999
15,45,184.198,8.85084
15,49,159.703,13.2616
15,50,169.704,4.24775
15,59,100.656,0.503177
15,65,201.489,12.0845
15,67,169.729,0
15,79,12.53,0
15,86,222.299,0
15,90,257.51,21.8348
15,92,193.352,0
16,5,129.865,0
16,15,166.301,0
16,26,47.1699,0
16,28,233.975,19.9145
16,36,213.638,0
16,49,183.73,12.9059
16,53,257.264,21.5456
16,59,332.545,23.7601
16,63,222.407,0
16,66,185.841,0
16,74,203.488,10.7648
16,79,177.045,0
16,86,56.7539,0
16,90,140.166,8.72244
17,2,34.6314,1.45541
17,10,109,0
17,13,199.237,13.7584
17,20,157.827,9.44617
17,22,283.118,20.0373
17,24,158.399,6.4069
17,25,230.293,18.1078
17,27,157.494,11.7233
17,28,227.853,0
17,29,254.656,20.9847
17,42,52.4309,0
17,44,85.903,5.60719
17,47,160.655,0
17,48,163.792,5.12676
17,51,258.591,17.1879
17,56,209.936,11.0518
17,57,144.858,12.4164
17,60,206.476,16.907
17,74,211.54,0
17,78,122.483,0
17,85,147.221,0
17,89,236.385,8.65387
17,97,169.257,0
17,98,241.665,17.5196
18,1,52.3259,0
18,4,188.884,0
18,6,135.495,2.23416
18,7,204.475,0
18,8,123.24,0
18,21,185.397,0
18,30,155.551,0.49852
18,32,85,0
18,33,73.2462,0
18,34,204.707,0
18,38,204.629,0
18,45,121.852,0
18,50,142.864,0
18,59,258.202,12.5515
18,62,150.999,6.82859
18,67,234.793,4.14401
18,68,154.777,0
18,69,188.43,11.7008
18,70,49.679,0
18,72,125.3,0
18,76,122.332,0
18,81,177.508,0
18,92,233.8,4.48117
18,93,200.325,0
18,95,163.11,0
18,96,221.578,0
19,3,290.874,4.61488
19,10,284.55,21.3921
19,14,96.6644,0
19,22,323.021,27.04
19,24,285.208,22.5903
19,28,282.026,22.0835
19,29,130.341,10.3596
19,31,127.478,1.92759
19,35,255.562,0
19,36,357.468,27.9798
19,40,80.708,3.9233
19,41,40,0
19,47,159.06,12.5879
19,48,272.049,23.3283
19,53,266.23,22.3673
19,58,26.9072,0
19,63,340.531,18.2427
19,64,156.525,0
19,74,284.509,23.1982
19,78,195.862,16.8022
19,85,176.518,14.8847
19,88,226.046,11.7907
19,97,130.077,9.0892
20,2,124.731,8.31538
20,13,99.4106,2.77139
20,17,157.827,9.44617
20,22,211.683,17.7495
20,24,206.985,15.9061
20,25,170.317,0
20,27,54.4518,0
20,42,213.888,11.4081
20,44,65.146,0
20,46,102.883,0
20,48,198.596,14.5706
20,55,134,0
20,56,49.3964,0
20,57,145.25,7.59991
20,60,255.371,20.439
20,61,105.095,0
20,82,173.761,0
20,89,108.904,0
20,98,122.801,0
20,99,185.852,0
21,0,113.323,0
21,1,137.877,0
21,6,193.373,0
21,8,224.589,0
21,18,185.397,0
21,30,140.161,0
21,32,129.973,0
21,33,189.275,0
21,62,167.108,0
21,67,222.657,0
21,70,202.07,5.80232
21,76,109.037,0
21,81,39.8121,0
21,92,203.394,0
21,95,43.7379,0
22,2,291.182,13.5581
22,13,123.248,5.55739
22,17,283.118,20.0373
22,19,323.021,27.04
22,20,211.683,17.7495
22,24,52.8804,3.77076
22,27,270.255,22.4862
22,29,190.703,16.3208
22,41,325.155,26.6722
22,42,265.114,20.6021
22,44,214.559,17.2594
22,46,270.676,17.3791
22,47,213.56,5.95368
22,48,41.4286,3.55102
22,55,186.325,14.0453
22,56,213.979,12.5252
22,58,308.869,25.7391
22,61,259.826,17.1748
22,78,228.302,15.2815
22,82,276.408,19.022
22,85,217.396,6.96107
22,89,173.005,14.5903
22,97,197.609,14.0241
23,25,96.2549,0
23,27,210.466,0
23,51,89.2843,4.30371
23,57,223.264,18.8718
23,60,156.358,7.03575
23,71,114.56,0
23,83,278.726,23.908
23,84,155.244,8.07096
23,98,174.256,0
24,2,210.071,17.592
24,10,219.873,3.55449
24,13,100.173,8.59342
24,14,369.605,26.6295
24,17,158.399,6.4069
24,19,285.208,22.5903
24,20,206.985,15.9061
24,22,52.8804,3.77076
24,27,235.096,14.2938
24,29,146.182,12.4355
24,40,278.996,23.926
24,41,280.706,22.8498
24,42,173.945,0.499808
24,44,186.456,15.8662
24,47,160.69,1.21677
24,48,14.1421,0
24,55,224.248,19.1307
24,56,220.222,9.3829
24,57,379.605,25.8276
24,58,262.039,21.7504
24,78,169.099,9.39313
24,85,160.639,0.669234
24,89,193.395,12.9875
24,97,149.166,10.7408
25,2,239.79,20.4697
25,17,230.293,18.1078
25,20,170.317,0
25,23,96.2549,0
25,27,115.918,0
25,42,236.097,13.5558
25,44,208.328,13.9971
25,46,208.463,0
25,51,150.576,12.889
25,56,186.869,0
25,57,86.4945,4.30479
25,60,89.92,7.63955
25,61,224.902,0
25,71,207.511,0
25,84,279.792,22.7617
25,98,83.7616,0
26,5,173.851,0
26,10,210.04,0
26,15,213.46,0
26,16,47.1699,0
26,28,182.811,15.4537
26,36,173.557,0
26,49,209.211,8.95495
26,53,210.131,17.9263
26,63,178.354,0
26,66,151.347,0
26,74,190.357,16.3001
26,79,224.143,0
26,86,12.8062,0
26,88,261,17.5392
26,90,138.683,0
27,2,142.03,12.0644
27,10,255.33,12.023
27,13,141.44,3.08807
27,17,157.494,11.7233
27,20,54.4518,0
27,22,270.255,22.4862
27,23,210.466,0
27,24,235.096,14.2938
27,25,115.918,0
27,42,201.415,11.6566
27,44,76.922,0
27,46,123.24,0
27,48,243.799,17.0747
27,51,286.274,24.344
27,55,188.13,0
27,56,81.8841,0
27,57,81.4253,0.57318
27,60,191.946,15.703
27,61,133.304,0
27,82,214.084,0
27,89,162.151,0
27,98,80.1561,0
27,99,227.297,0
28,3,290.324,24.8723
28,10,122.784,0
28,16,233.975,19.9145
28,17,227.853,0
28,19,282.026,22.0835
28,26,182.811,15.4537
28,31,237.71,19.8374
28,35,186.594,14.6194
28,36,136.829,5.96268
28,40,208.03,13.0928
28,42,177.088,0
28,47,146.932,0
28,53,28.8444,0
28,63,122.469,8.52577
28,64,323.903,27.4011
28,66,142.464,2.87701
28,74,16.4924,0
28,78,147.272,0
28,85,145.681,3.27064
28,86,178.05,14.0214
28,88,101.833,0
28,90,220.857,0
28,97,197.952,0
29,2,297.884,25.3878
29,10,237.135,11.8964
29,13,254.951,21.0141
29,14,222.44,11.9922
29,17,254.656,20.9847
29,19,130.341,10.3596
29,22,190.703,16.3208
29,24,146.182,12.4355
29,31,235.24,15.7681
29,35,340.124,20.1984
29,40,154.376,13.1293
29,41,135.626,9.75585
29,42,240.258,17.3596
29,44,278.066,23.107
29,47,104.002,1.01879
29,48,143.148,11.5619
29,58,114.042,9.19254
29,64,285.699,14.6775
29,78,139.18,8.64251
29,85,128.63,6.57889
29,88,225.571,17.1439
29,97,54.8335,1.90028
30,0,192.824,0
30,1,144.087,0
30,6,67.0075,0
30,8,106.888,0
30,15,229.079,0
30,18,155.551,0.49852
30,21,140.161,0
30,32,171.143,0
30,33,102.46,0
30,45,145.041,0
30,50,183.153,0
30,67,90.4268,0
30,70,192.865,0
30,76,45.2769,0
30,79,218.33,0
30,81,103.005,0
30,92,78.4092,0
30,95,159.154,0
31,3,170.946,6.34944
31,10,267.365,18.9046
31,14,131.014,2.31643
31,19,127.478,1.92759
31,28,237.71,19.8374
31,29,235.24,15.7681
31,35,124.403,0
31,36,241.103,20.4078
31,40,72.2127,2.54596
31,41,159.485,1.71935
31,47,165.814,13.2384
31,53,208.098,17.7406
31,58,154.394,1.94347
31,63,205.852,16.3214
31,64,87.8879,2.42338
31,66,280.734,23.7648
31,74,238.939,19.9689
31,78,200.496,17.0767
31,85,172.553,14.8017
31,88,135.396,6.93999
31,97,185.844,13.7582
32,1,38.3275,0
32,6,180.278,0
32,8,189.042,0
32,18,85,0
32,21,129.973,0
32,30,171.143,0
32,33,137.244,0
32,45,214.338,7.03558
32,50,225.222,0
32,62,65.1153,0
32,68,231.125,5.00271
32,69,125.686,0
32,70,69.9463,2.55456
32,72,199.902,4.96832
32,76,126.57,0
32,81,140.129,0
32,91,256.186,12.4535
32,93,235.98,18.1209
32,95,94.3398,0
33,1,99.0202,0
33,6,59.4643,0
33,8,52.3546,0
33,15,216.095,0
33,18,73.2462,0
33,21,189.275,0
33,30,102.46,0
33,32,137.244,0
33,34,194.165,0
33,38,192.961,0
33,45,66.6108,0
33,50,100.901,0
33,59,234.181,19.2058
33,62,198.565,0
33,65,201.04,0
33,67,157.648,0
33,68,190.822,0
33,70,122.381,0
33,72,167.586,0
33,76,90.5097,0
33,79,203.593,0
33,81,166.469,0
33,92,159.706,0
33,95,183.565,0
34,4,176.477,0
34,6,223.007,0
34,7,193.414,0
34,8,182.781,0
34,9,130.146,0
34,11,218.083,0
34,15,242.073,8.04192
34,18,204.707,0
34,33,194.165,0
34,37,59.8415,0
34,38,3.16228,0
34,43,41.8688,0
34,45,143.391,0
34,49,160.949,3.58673
34,50,106.944,0
34,52,204.025,0
34,59,142.744,7.55695
34,65,60.4401,0
34,68,123.065,0
34,72,137.641,0
34,79,233.824,7.95163
34,80,108.674,0
34,83,236.77,5.05951
34,90,200.96,0
34,94,161.914,0
34,96,82.8734,0
35,3,131.469,0
35,10,258.094,15.3119
35,14,247.935,0
35,19,255.562,0
35,28,186.594,14.6194
35,29,340.124,20.1984
35,31,124.403,0
35,36,127.645,9.47647
35,40,182.872,1.18707
35,41,281.3,2.91537
35,47,204.781,17.1823
35,53,158.831,13.4096
35,58,282.454,0
35,63,94.6927,7.35107
35,64,168.297,0
35,66,170.614,10.3521
35,74,184.259,12.6345
35,78,224.245,18.3066
35,85,212.02,18.1309
35,88,89.845,6.24319
35,97,280.156,16.8434
36,3,196.128,16.344
36,14,379.914,24.6457
36,16,213.638,0
36,19,357.468,27.9798
36,26,173.557,0
36,28,136.829,5.96268
36,31,241.103,20.4078
36,35,127.645,9.47647
36,40,273.509,23.301
36,47,230.449,10.3311
36,53,120.139,6.77705
36,63,37.7359,0
36,64,309.856,19.8215
36,66,43.0813,0
36,74,151.497,5.97717
36,78,269.787,16.8286
36,85,239.363,12.8712
36,86,172.285,0
36,88,129.623,7.4236
37,8,231.33,8.02736
37,9,172.003,0
37,15,237.22,12.1356
37,34,59.8415,0
37,38,58.4209,0
37,43,45.8039,0
37,45,176.641,0
37,49,120.182,1.5256
37,50,138.405,0
37,52,212.361,0
37,59,137.907,9.38296
37,65,42.5441,0
37,68,180.693,0
37,72,197.185,0
37,79,236.138,13.5431
37,80,107.466,0
37,83,233.676,4.78964
37,84,203.222,0.639011
37,90,145.801,0
37,94,196.919,0
37,96,123.746,0
38,4,179.137,0
38,6,221.111,0
38,7,196.156,0
38,8,180.834,0
38,9,133.282,0
38,11,221.111,0
38,15,238.92,8.02999
38,18,204.629,0
38,33,192.961,0
38,34,3.16228,0
38,37,58.4209,0
38,43,43.1393,0
38,45,141.481,0
38,49,158,3.60081
38,50,104.809,0
38,52,206.814,0
38,59,139.581,7.5223
38,65,57.4891,0
38,68,125.399,0
38,72,139.474,0
38,79,230.686,7.93877
38,80,110.923,0
38,83,239.236,5.04779
38,90,198.648,0
38,94,165.076,0
38,96,86.0349,0
39,4,78.6003,0
39,7,60.208,0
39,9,139.714,0
39,11,59.2115,0
39,12,116.276,0
39,52,261.089,16.1726
39,54,69.4622,0
39,68,137.568,0
39,69,184.719,0
39,70,216.723,0
39,72,144.101,0
39,73,164.174,0
39,75,168.574,10.3153
39,77,105.622,0
39,87,169.641,0
39,91,136.062,0
39,93,129.248,0
39,94,136.33,0
39,96,183.505,0
40,3,254.113,4.65705
40,10,231.485,15.1263
40,14,141.319,4.06314
40,19,80.708,3.9233
40,24,278.996,23.926
40,28,208.03,13.0928
40,29,154.376,13.1293
40,31,72.2127,2.54596
40,35,182.872,1.18707
40,36,273.509,23.301
40,41,120.51,4.24876
40,42,237.003,12.1595
40,47,101.211,8.63175
40,48,315.27,26.0379
40,53,186.679,13.2455
40,58,103.652,4.24032
40,63,257.508,16.4863
40,64,149.489,2.5358
40,66,327.644,28.0862
40,74,201.217,11.7922
40,78,141.42,10.6581
40,85,117.64,9.60287
40,88,133.68,10.0992
40,97,114.63,9.55249
41,3,307.676,5.40186
41,14,88,0
41,19,40,0
41,22,325.155,26.6722
41,24,280.706,22.8498
41,29,135.626,9.75585
41,31,159.485,1.71935
41,35,281.3,2.91537
41,40,120.51,4.24876
41,47,193.775,14.0293
41,48,289.035,24.1273
41,53,307.171,26.3493
41,58,26.9072,0
41,63,374.042,19.3545
41,64,156.32,5.15341
41,78,225.273,19.1614
41,85,210.397,16.9407
41,88,271.259,10.275
41,97,149.593,10.1694
42,2,86.8278,1.6642
42,10,56.6039,0
42,13,226.227,19.1729
42,17,52.4309,0
42,20,213.888,11.4081
42,22,265.114,20.6021
42,24,173.945,0.499808
42,25,236.097,13.5558
42,27,201.415,11.6566
42,28,177.088,0
42,29,240.258,17.3596
42,40,237.003,12.1595
42,44,138.087,6.08951
42,47,135.429,0
42,48,184.141,0
42,51,247.306,14.485
42,53,186.762,0
42,57,157.903,10.6219
42,60,205.147,15.274
42,74,160.649,0
42,78,96.2133,0
42,85,119.269,0
42,88,203.18,0
42,97,159.402,0
43,4,189.18,0
43,7,203.789,0
43,8,223.213,0
43,9,126.574,0
43,11,218.552,0
43,34,41.8688,0
43,37,45.8039,0
43,38,43.1393,0
43,45,184.011,0
43,49,164.245,1.5882
43,50,146.731,0
43,52,174.026,0
43,59,168,8.64865
43,65,74.2428,0
43,68,143.611,0
43,71,252.415,13.1487
43,72,164.438,0
43,80,72.0347,0
43,83,201.409,4.86176
43,84,196.501,0.629758
43,90,190.032,0
43,94,151.172,0
43,96,78.7464,0
44,2,58.4658,4.98288
44,10,194.331,6.22252
44,13,82.3254,4.41029
44,17,85.903,5.60719
44,20,65.146,0
44,22,214.559,17.2594
44,24,186.456,15.8662
44,25,208.328,13.9971
44,27,76.922,0
44,29,278.066,23.107
44,42,138.087,6.08951
44,46,168.003,0
44,47,240.068,12.8608
44,48,182.681,15.6686
44,55,166.012,0
44,56,114.49,0
44,57,160.625,13.341
44,60,326.697,11.9315
44,61,169.779,0
44,78,193.7,7.70682
44,85,216.219,7.36745
44,89,148.862,0
44,97,259.409,20.4866
44,98,156.78,0
45,1,170.064,4.29744
45,6,79.6304,0
45,8,39.4462,0
45,15,184.198,8.85084
45,18,121.852,0
45,30,145.041,0
45,32,214.338,7.03558
45,33,66.6108,0
45,34,143.391,0
45,37,176.641,0
45,38,141.481,0
45,43,184.011,0
45,49,242.036,20.743
45,50,38.2884,0
45,59,149.024,12.3904
45,65,138.232,0
45,67,164.402,0
45,68,180.189,0
45,70,170,0
45,72,166.337,0
45,76,149.094,0
45,79,172.037,8.82407
45,81,227.66,0
45,92,175.57,0
45,96,203.747,0
46,2,244.326,15.823
46,13,184.392,2.44826
46,20,102.883,0
46,22,270.676,17.3791
46,25,208.463,0
46,27,123.24,0
46,44,168.003,0
46,55,145.041,0
46,56,53.9351,0
46,57,202.554,0.661883
46,61,19.6469,0
46,82,104.938,0
46,89,116.726,0
46,98,128.456,0
46,99,119.08,0
47,2,191.846,2.96044
47,3,327.529,20.5939
47,10,125.399,0
47,13,270.129,22.3886
47,14,246.297,15.2838
47,17,160.655,0
47,19,159.06,12.5879
47,22,213.56,5.95368
47,24,160.69,1.21677
47,28,146.932,0
47,29,104.002,1.01879
47,31,165.814,13.2384
47,35,204.781,17.1823
47,36,230.449,10.3311
47,40,101.211,8.63175
47,41,193.775,14.0293
47,42,135.429,0
47,44,240.068,12.8608
47,48,178.44,3.00655
47,53,133.405,0
47,58,167.44,13.0235
47,63,192.658,10.0161
47,64,260.851,14.6485
47,74,137.568,0
47,78,39.4462,0
47,85,17.2047,0
47,88,104.384,3.50635
47,97,51.2445,0
48,2,255.767,14.0163
48,10,225.211,0
48,13,99.6681,8.35356
48,17,163.792,5.12676
48,19,272.049,23.3283
48,20,198.596,14.5706
48,22,41.4286,3.55102
48,24,14.1421,0
48,27,243.799,17.0747
48,29,143.148,11.5619
48,40,315.27,26.0379
48,41,289.035,24.1273
48,42,184.141,0
48,44,182.681,15.6686
48,47,178.44,3.00655
48,55,222.029,17.3899
48,56,240.342,17.8349
48,58,258.187,22.1356
48,78,188.575,11.4027
48,85,176.125,1.33364
48,89,198.791,16.5375
48,97,167.096,12.3863
49,5,215.471,18.4775
49,6,258.786,13.454
49,8,224.845,12.4792
49,15,159.703,13.2616
49,16,183.73,12.9059
49,26,209.211,8.95495
49,34,160.949,3.58673
49,37,120.182,1.5256
49,38,158,3.60081
49,43,164.245,1.5882
49,45,242.036,20.743
49,50,200.69,17.0602
49,59,93.0125,7.60758
49,65,100.446,3.4226
49,79,139.537,11.4876
49,80,225.416,1.01067
49,86,196.711,2.11308
49,90,88.7721,1.01921
50,1,188,0
50,4,221.777,0
50,6,117.154,0
50,8,76.6942,0
50,9,211.085,0
50,15,169.704,4.24775
50,18,142.864,0
50,30,183.153,0
50,32,225.222,0
50,33,100.901,0
50,34,106.944,0
50,37,138.405,0
50,38,104.809,0
50,43,146.731,0
50,45,38.2884,0
50,49,200.69,17.0602
50,59,116.725,9.75562
50,65,100.648,0
50,67,214.312,8.50315
50,68,163.273,0
50,70,187.259,0
50,72,155.724,0
50,76,186.775,0
50,79,159.232,4.67801
50,80,215.595,0
50,90,227.02,0
50,92,229.491,9.2714
50,96,173.531,0
51,2,285.54,23.4777
51,10,245.163,8.60377
51,17,258.591,17.1879
51,23,89.2843,4.30371
51,25,150.576,12.889
51,27,286.274,24.344
51,42,247.306,14.485
51,57,239.159,13.0379
51,60,101.108,8.03932
51,71,211.874,17.5481
51,80,250.214,10.8099
51,83,333.887,26.5639
51,84,174.434,1.95781
51,98,234.632,16.5901
52,4,195.474,0
52,7,194.24,0
52,9,124.579,0
52,11,187.888,10.6662
52,34,204.025,0
52,37,212.361,0
52,38,206.814,0
52,39,261.089,16.1726
52,43,174.026,0
52,68,201.527,0
52,71,217.451,11.6492
52,80,104.938,0
52,83,83.3561,0.991125
52,84,167.799,3.54476
52,94,97.1288,0
52,96,138.196,0
53,3,268.288,22.4114
53,10,136.015,0
53,14,345.269,26.5941
53,16,257.264,21.5456
53,19,266.23,22.3673
53,26,210.131,17.9263
53,28,28.8444,0
53,31,208.098,17.7406
53,35,158.831,13.4096
53,36,120.139,6.77705
53,40,186.679,13.2455
53,41,307.171,26.3493
53,42,186.762,0
53,47,133.405,0
53,58,285.577,24.2673
53,63,96.3296,7.40262
53,64,294.776,23.8753
53,66,134.375,4.33594
53,74,37.7359,0
53,78,141.227,0
53,85,132.285,1.9229
53,86,211.143,16.8312
53,88,74.5252,0
53,97,188.809,2.77134
54,4,147.828,0
54,7,129.035,0
54,9,200.062,0
54,11,108.908,0
54,12,105.759,0
54,39,69.4622,0
54,68,206.93,0
54,69,215.676,0
54,72,213.026,0
54,73,122.589,0
54,75,110.406,9.03622
54,77,70.0071,0
54,87,128.658,0
54,91,134.38,0
54,93,149.967,0
54,94,187.459,0
55,2,227.737,9.47562
55,13,123.549,3.82414
55,20,134,0
55,22,186.325,14.0453
55,24,224.248,19.1307
55,27,188.13,0
55,44,166.012,0
55,46,145.041,0
55,48,222.029,17.3899
55,56,124.788,0
55,61,128.082,0
55,82,113.018,0
55,89,29.5296,0
55,99,115.624,0
56,2,179.95,11.1146
56,13,134.192,2.4774
56,17,209.936,11.0518
56,20,49.3964,0
56,22,213.979,12.5252
56,24,220.222,9.3829
56,25,186.869,0
56,27,81.8841,0
56,44,114.49,0
56,46,53.9351,0
56,48,240.342,17.8349
56,55,124.788,0
56,57,165.563,1.68792
56,60,272.625,18.274
56,61,56.0803,0
56,82,132.231,0
56,89,95.5196,0
56,98,119.331,0
56,99,145.413,0
57,2,180.854,0
57,10,203.003,11.4292
57,13,242.82,20.552
57,17,144.858,12.4164
57,20,145.25,7.59991
57,23,223.264,18.8718
57,24,379.605,25.8276
57,25,86.4945,4.30479
57,27,81.4253,0.57318
57,42,157.903,10.6219
57,44,160.625,13.341
57,46,202.554,0.661883
57,51,239.159,13.0379
57,56,165.563,1.68792
57,60,138.053,2.75106
57,61,214.052,0.622202
57,78,249.398,11.9451
57,84,429.651,9.57471
57,98,113.935,1.49689
58,3,315.542,4.70815
58,14,107.87,0
58,19,26.9072,0
58,22,308.869,25.7391
58,24,262.039,21.7504
58,29,114.042,9.19254
58,31,154.394,1.94347
58,35,282.454,0
58,40,103.652,4.24032
58,41,26.9072,0
58,47,167.44,13.0235
58,48,258.187,22.1356
58,53,285.577,24.2673
58,63,369.686,17.8047
58,64,177.534,0.513069
58,74,310.048,26.3301
58,78,198.005,16.9804
58,85,184.029,15.4242
58,88,238.401,14.9422
58,97,123.715,9.18863
59,5,199.772,12.9505
59,6,172.25,1.06294
59,8,154.345,7.99787
59,15,100.656,0.503177
59,16,332.545,23.7601
59,18,258.202,12.5515
59,33,234.181,19.2058
59,34,142.744,7.55695
59,37,137.907,9.38296
59,38,139.581,7.5223
59,43,168,8.64865
59,45,149.024,12.3904
59,49,93.0125,7.60758
59,50,116.725,9.75562
59,65,95.3118,7.54495
59,67,212.603,0
59,68,247.038,8.70967
59,72,248.679,8.94468
59,79,93.2688,0.495995
59,80,239.726,9.51734
59,90,167.276,9.09246
59,96,225.604,8.11953
60,2,262.227,16.2246
60,10,226.089,14.1291
60,17,206.476,16.907
60,20,255.371,20.439
60,23,156.358,7.03575
60,25,89.92,7.63955
60,27,191.946,15.703
60,42,205.147,15.274
60,44,326.697,11.9315
60,51,101.108,8.03932
60,56,272.625,18.274
60,57,138.053,2.75106
60,71,303.323,24.676
60,84,283.187,10.2203
60,98,181.638,13.9643
61,2,235.06,11.4265
61,13,178.027,2.42811
61,20,105.095,0
61,22,259.826,17.1748
61,25,224.902,0
61,27,133.304,0
61,44,169.779,0
61,46,19.6469,0
61,55,128.082,0
61,56,56.0803,0
61,57,214.052,0.622202
61,82,87.0976,0
61,89,100.603,0
61,98,146.373,0
61,99,101.203,0
62,1,100.703,0
62,12,206.286,0
62,18,150.999,6.82859
62,21,167.108,0
62,32,65.1153,0
62,33,198.565,0
62,69,78.2624,0
62,70,105.006,4.85666
62,72,220.594,6.08254
62,76,190,0
62,81,188.733,0
62,91,180.136,0
62,93,145.344,0
62,95,124.016,0
63,3,168.007,14.4112
63,10,226.371,7.85286
63,14,332.537,21.4243
63,16,222.407,0
63,19,340.531,18.2427
63,26,178.354,0
63,28,122.469,8.52577
63,31,205.852,16.3214
63,35,94.6927,7.35107
63,36,37.7359,0
63,40,257.508,16.4863
63,41,374.042,19.3545
63,47,192.658,10.0161
63,53,96.3296,7.40262
63,58,369.686,17.8047
63,64,264.03,17.6798
63,66,76.8375,0
63,74,132.931,8.10912
63,78,228.997,15.015
63,85,199.348,11.5609
63,86,174.385,0
63,88,92.8212,6.90368
63,97,228.38,8.34083
64,3,138.307,6.147
64,14,75.2529,5.73824
64,19,156.525,0
64,28,323.903,27.4011
64,29,285.699,14.6775
64,31,87.8879,2.42338
64,35,168.297,0
64,36,309.856,19.8215
64,40,149.489,2.5358
64,41,156.32,5.15341
64,47,260.851,14.6485
64,53,294.776,23.8753
64,58,177.534,0.513069
64,63,264.03,17.6798
64,66,356.602,27.7202
64,74,322.693,27.5139
64,78,300.69,23.0487
64,85,273.569,18.9361
64,88,221.18,6.55927
64,97,270.248,11.1545
65,6,233.239,8.87874
65,8,192.926,8.4292
65,9,189.528,0
65,15,201.489,12.0845
65,33,201.04,0
65,34,60.4401,0
65,37,42.5441,0
65,38,57.4891,0
65,43,74.2428,0
65,45,138.232,0
65,49,100.446,3.4226
65,50,100.648,0
65,59,95.3118,7.54495
65,68,180.422,0
65,72,190.515,0
65,79,191.003,10.6177
65,80,144.42,0
65,90,146.779,0
65,94,219.42,0
65,96,141.354,0
66,3,226.016,18.7778
66,16,185.841,0
66,26,151.347,0
66,28,142.464,2.87701
66,31,280.734,23.7648
66,35,170.614,10.3521
66,36,43.0813,0
66,40,327.644,28.0862
66,53,134.375,4.33594
66,63,76.8375,0
66,64,356.602,27.7202
66,74,158.767,2.89558
66,86,153.056,0
66,88,167.365,7.43845
67,1,228.32,0
67,5,211.152,0
67,6,98.656,0
67,8,128.25,0
67,15,169.729,0
67,18,234.793,4.14401
67,21,222.657,0
67,30,90.4268,0
67,33,157.648,0
67,45,164.402,0
67,50,214.312,8.50315
67,59,212.603,0
67,76,135.37,0
67,79,161.966,0
67,81,183.098,0
67,92,23.7697,0
68,1,201.42,0
68,4,59.1692,0
68,7,78.2943,0
68,8,212.151,0
68,9,77.2334,0
68,11,120.354,0
68,12,220.193,0
68,18,154.777,0
68,32,231.125,5.00271
68,33,190.822,0
68,34,123.065,0
68,37,180.693,0
68,38,125.399,0
68,39,137.568,0
68,43,143.611,0
68,45,180.189,0
68,50,163.273,0
68,52,201.527,0
68,54,206.93,0
68,59,247.038,8.70967
68,65,180.422,0
68,69,203.194,0
68,70,156.486,0
68,72,31.241,0
68,80,161.533,0
68,91,224.147,0
68,93,189.932,0
68,94,111.306,0
68,96,82.2253,0
69,1,205.875,17.5824
69,4,186.85,0
69,7,188.43,0
69,12,128.316,0
69,18,188.43,11.7008
69,32,125.686,0
69,39,184.719,0
69,54,215.676,0
69,62,78.2624,0
69,68,203.194,0
69,70,139.31,10.681
69,72,178.011,0
69,73,186.762,0
69,75,240.243,8.27866
69,77,171.828,0
69,87,186.904,0
69,91,103.238,0
69,93,67.1863,0
69,95,201.636,0
70,1,55.7315,0
70,4,175.114,0
70,6,188.285,4.65091
70,7,187.387,0
70,8,172.905,0
70,12,216.002,0
70,18,49.679,0
70,21,202.07,5.80232
70,30,192.865,0
70,32,69.9463,2.55456
70,33,122.381,0
70,39,216.723,0
70,45,170,0
70,50,187.259,0
70,62,105.006,4.85666
70,68,156.486,0
70,69,139.31,10.681
70,72,125.252,0
70,76,154.302,0
70,81,201.518,4.44698
70,91,199.023,0
70,93,154.434,0
70,95,168.958,5.26544
71,23,114.56,0
71,25,207.511,0
71,43,252.415,13.1487
71,51,211.874,17.5481
71,52,217.451,11.6492
71,60,303.323,24.676
71,80,192.025,13.6097
71,83,162.188,1.90582
71,84,71.9868,2.04068
71,94,246.103,12.9132
71,96,264.949,15.3763
72,1,170.699,0
72,4,71.2531,0
72,6,223.081,0
72,7,89.9444,0
72,8,194.648,0
72,9,108.208,0
72,11,139.129,0
72,12,210.801,0
72,18,125.3,0
72,32,199.902,4.96832
72,33,167.586,0
72,34,137.641,0
72,37,197.185,0
72,38,139.474,0
72,39,144.101,0
72,43,164.438,0
72,45,166.337,0
72,50,155.724,0
72,54,213.026,0
72,59,248.679,8.94468
72,62,220.594,6.08254
72,65,190.515,0
72,68,31.241,0
72,69,178.011,0
72,70,125.252,0
72,77,227.229,0
72,80,190.066,0
72,91,210.775,0
72,93,172.887,0
72,94,141.241,0
72,96,111.072,0
73,7,217.849,0
73,11,220.239,0
73,12,69.4046,0
73,39,164.174,0
73,54,122.589,0
73,69,186.762,0
73,75,72.8218,5.77951
73,77,58.6941,0
73,87,6.08276,0
73,91,84.7703,0
73,93,128.693,0
74,3,320.066,26.934
74,10,106.301,0
74,16,203.488,10.7648
74,17,211.54,0
74,19,284.509,23.1982
74,26,190.357,16.3001
74,28,16.4924,0
74,31,238.939,19.9689
74,35,184.259,12.6345
74,36,151.497,5.97717
74,40,201.217,11.7922
74,42,160.649,0
74,47,137.568,0
74,53,37.7359,0
74,58,310.048,26.3301
74,63,132.931,8.10912
74,64,322.693,27.5139
74,66,158.767,2.89558
74,78,134.525,0
74,85,135.695,3.60096
74,86,156.396,12.3921
74,88,104.202,0
74,90,219.641,0
74,97,188.809,0
75,4,244.558,10.8692
75,7,227.82,10.9137
75,11,217.3,11.0083
75,12,113.006,7.58022
75,39,168.574,10.3153
75,54,110.406,9.03622
75,69,240.243,8.27866
75,73,72.8218,5.77951
75,77,74.9357,6.40476
75,87,82.4621,6.87184
75,91,137.381,7.35968
75,93,176.175,8.35861
76,0,186.271,0
76,1,102.201,0
76,6,84.3801,0
76,8,116.709,0
76,18,122.332,0
76,21,109.037,0
76,30,45.2769,0
76,32,126.57,0
76,33,90.5097,0
76,45,149.094,0
76,50,186.775,0
76,62,190,0
76,67,135.37,0
76,70,154.302,0
76,81,78.7909,0
76,92,123.556,0
76,95,119.331,0
77,4,176.119,0
77,7,160.751,0
77,11,161.623,0
77,12,44.9444,0
77,39,105.622,0
77,54,70.0071,0
77,69,171.828,0
77,72,227.229,0
77,73,58.6941,0
77,75,74.9357,6.40476
77,87,64.3273,0
77,91,74.2496,0
77,93,105.304,0
78,2,155.013,2.8973
78,3,358.609,28.3995
78,10,93.3006,0
78,13,204.107,10.3337
78,14,285.143,22.6096
78,17,122.483,0
78,19,195.862,16.8022
78,22,228.302,15.2815
78,24,169.099,9.39313
78,28,147.272,0
78,29,139.18,8.64251
78,31,200.496,17.0767
78,35,224.245,18.3066
78,36,269.787,16.8286
78,40,141.42,10.6581
78,41,225.273,19.1614
78,42,96.2133,0
78,44,193.7,7.70682
78,47,39.4462,0
78,48,188.575,11.4027
78,53,141.227,0
78,57,249.398,11.9451
78,58,198.005,16.9804
78,63,228.997,15.015
78,64,300.69,23.0487
78,74,134.525,0
78,85,24.7386,0
78,88,124.31,0
78,97,71.5681,0
79,5,87.7268,0
79,6,167.529,0
79,8,151.397,0
79,15,12.53,0
79,16,177.045,0
79,26,224.143,0
79,30,218.33,0
79,33,203.593,0
79,34,233.824,7.95163
79,37,236.138,13.5431
79,38,230.686,7.93877
79,45,172.037,8.82407
79,49,139.537,11.4876
79,50,159.232,4.67801
79,59,93.2688,0.495995
79,65,191.003,10.6177
79,67,161.966,0
79,90,267.304,22.4284
79,92,185.408,0
80,4,187.451,0
80,7,196.461,0
80,9,107.87,0
80,11,192.837,0
80,34,108.674,0
80,37,107.466,0
80,38,110.923,0
80,43,72.0347,0
80,49,225.416,1.01067
80,50,215.595,0
80,51,250.214,10.8099
80,52,104.938,0
80,59,239.726,9.51734
80,65,144.42,0
80,68,161.533,0
80,71,192.025,13.6097
80,72,190.066,0
80,83,129.368,4.6911
80,84,149.033,1.56181
80,94,114.237,0
80,96,79.3095,0
81,0,113.811,0
81,1,136.927,0
81,6,161.047,0
81,8,195.359,0
81,18,177.508,0
81,21,39.8121,0
81,30,103.005,0
81,32,140.129,0
81,33,166.469,0
81,45,227.66,0
81,62,188.733,0
81,67,183.098,0
81,70,201.518,4.44698
81,76,78.7909,0
81,92,163.615,0
81,95,74.4043,0
82,13,214.214,2.64766
82,20,173.761,0
82,22,276.408,19.022
82,27,214.084,0
82,46,104.938,0
82,55,113.018,0
82,56,132.231,0
82,61,87.0976,0
82,89,101.868,0
82,99,14.1421,0
83,9,186.227,9.5974
83,11,328.828,24.5184
83,23,278.726,23.908
83,34,236.77,5.05951
83,37,233.676,4.78964
83,38,239.236,5.04779
83,43,201.409,4.86176
83,51,333.887,26.5639
83,52,83.3561,0.991125
83,71,162.188,1.90582
83,80,129.368,4.6911
83,84,151.605,9.54156
83,94,172.255,12.6194
83,96,183.037,5.84411
84,23,155.244,8.07096
84,25,279.792,22.7617
84,37,203.222,0.639011
84,43,196.501,0.629758
84,51,174.434,1.95781
84,52,167.799,3.54476
84,57,429.651,9.57471
84,60,283.187,10.2203
84,71,71.9868,2.04068
84,80,149.033,1.56181
84,83,151.605,9.54156
84,96,228.001,1.55395
85,2,179.584,2.92112
85,3,336.806,23.7183
85,10,108.301,0
85,13,251.606,19.2842
85,14,263.436,18.9978
85,17,147.221,0
85,19,176.518,14.8847
85,22,217.396,6.96107
85,24,160.639,0.669234
85,28,145.681,3.27064
85,29,128.63,6.57889
85,31,172.553,14.8017
85,35,212.02,18.1309
85,36,239.363,12.8712
85,40,117.64,9.60287
85,41,210.397,16.9407
85,42,119.269,0
85,44,216.219,7.36745
85,47,17.2047,0
85,48,176.125,1.33364
85,53,132.285,1.9229
85,58,184.029,15.4242
85,63,199.348,11.5609
85,64,273.569,18.9361
85,74,135.695,3.60096
85,78,24.7386,0
85,88,101.868,0
85,97,63.1981,0
86,5,185.224,0
86,10,197.294,0
86,15,222.299,0
86,16,56.7539,0
86,26,12.8062,0
86,28,178.05,14.0214
86,36,172.285,0
86,49,196.711,2.11308
86,53,211.143,16.8312
86,63,174.385,0
86,66,153.056,0
86,74,156.396,12.3921
86,88,288.329,24.5975
86,90,143.452,3.30419
87,7,222.874,0
87,11,225.938,0
87,12,72.3464,0
87,39,169.641,0
87,54,128.658,0
87,69,186.904,0
87,73,6.08276,0
87,75,82.4621,6.87184
87,77,64.3273,0
87,91,85.7963,0
87,93,130.188,0
88,3,222.933,7.47909
88,10,166.859,0
88,14,268.645,8.63185
88,19,226.046,11.7907
88,26,261,17.5392
88,28,101.833,0
88,29,225.571,17.1439
88,31,135.396,6.93999
88,35,89.845,6.24319
88,36,129.623,7.4236
88,40,133.68,10.0992
88,41,271.259,10.275
88,42,203.18,0
88,47,104.384,3.50635
88,53,74.5252,0
88,58,238.401,14.9422
88,63,92.8212,6.90368
88,64,221.18,6.55927
88,66,167.365,7.43845
88,74,104.202,0
88,78,124.31,0
88,85,101.868,0
88,86,288.329,24.5975
88,97,135.591,0
89,2,212.298,9.52658
89,13,115.497,2.78793
89,17,236.385,8.65387
89,20,108.904,0
89,22,173.005,14.5903
89,24,193.395,12.9875
89,27,162.151,0
89,44,148.862,0
89,46,116.726,0
89,48,198.791,16.5375
89,55,29.5296,0
89,56,95.5196,0
89,61,100.603,0
89,82,101.868,0
89,98,214.56,0
89,99,107.912,0
90,5,207.86,7.8735
90,15,257.51,21.8348
90,16,140.166,8.72244
90,26,138.683,0
90,28,220.857,0
90,34,200.96,0
90,37,145.801,0
90,38,198.648,0
90,43,190.032,0
90,49,88.7721,1.01921
90,50,227.02,0
90,59,167.276,9.09246
90,65,146.779,0
90,74,219.641,0
90,79,267.304,22.4284
90,86,143.452,3.30419
91,4,181.497,0
91,7,172.418,0
91,11,194.743,0
91,12,29.6816,0
91,32,256.186,12.4535
91,39,136.062,0
91,54,134.38,0
91,62,180.136,0
91,68,224.147,0
91,69,103.238,0
91,70,199.023,0
91,72,210.775,0
91,73,84.7703,0
91,75,137.381,7.35968
91,77,74.2496,0
91,87,85.7963,0
91,93,44.9444,0
92,0,219.92,0
92,1,221.163,0
92,6,103.121,0
92,8,137.539,0
92,15,193.352,0
92,18,233.8,4.48117
92,21,203.394,0
92,30,78.4092,0
92,33,159.706,0
92,45,175.57,0
92,50,229.491,9.2714
92,67,23.7697,0
92,76,123.556,0
92,79,185.408,0
92,81,163.615,0
93,1,216.787,6.295
93,4,155.206,0
93,7,150.266,0
93,11,183.48,0
93,12,63.5059,0
93,18,200.325,0
93,32,235.98,18.1209
93,39,129.248,0
93,54,149.967,0
93,62,145.344,0
93,68,189.932,0
93,69,67.1863,0
93,70,154.434,0
93,72,172.887,0
93,73,128.693,0
93,75,176.175,8.35861
93,77,105.304,0
93,87,130.188,0
93,91,44.9444,0
94,4,98.387,0
94,7,98.4937,0
94,9,37.6563,0
94,11,79.6994,0
94,34,161.914,0
94,37,196.919,0
94,38,165.076,0
94,39,136.33,0
94,43,151.172,0
94,52,97.1288,0
94,54,187.459,0
94,65,219.42,0
94,68,111.306,0
94,71,246.103,12.9132
94,72,141.241,0
94,80,114.237,0
94,83,172.255,12.6194
94,96,79.1202,0
95,0,153.73,0
95,1,111.665,0
95,6,200.998,0
95,8,226.268,0
95,18,163.11,0
95,21,43.7379,0
95,30,159.154,0
95,32,94.3398,0
95,33,183.565,0
95,62,124.016,0
95,69,201.636,0
95,70,168.958,5.26544
95,76,119.331,0
95,81,74.4043,0
96,4,114.56,0
96,7,127.236,0
96,9,48.6004,0
96,11,140.014,0
96,18,221.578,0
96,34,82.8734,0
96,37,123.746,0
96,38,86.0349,0
96,39,183.505,0
96,43,78.7464,0
96,45,203.747,0
96,50,173.531,0
96,52,138.196,0
96,59,225.604,8.11953
96,65,141.354,0
96,68,82.2253,0
96,71,264.949,15.3763
96,72,111.072,0
96,80,79.3095,0
96,83,183.037,5.84411
96,84,228.001,1.55395
96,94,79.1202,0
97,2,211.464,10.3253
97,3,370.674,18.0189
97,10,164.842,0
97,13,218.879,15.5681
97,14,226.961,10.9106
97,17,169.257,0
97,19,130.077,9.0892
97,22,197.609,14.0241
97,24,149.166,10.7408
97,28,197.952,0
97,29,54.8335,1.90028
97,31,185.844,13.7582
97,35,280.156,16.8434
97,40,114.63,9.55249
97,41,149.593,10.1694
97,42,159.402,0
97,44,259.409,20.4866
97,47,51.2445,0
97,48,167.096,12.3863
97,53,188.809,2.77134
97,58,123.715,9.18863
97,63,228.38,8.34083
97,64,270.248,11.1545
97,74,188.809,0
97,78,71.5681,0
97,85,63.1981,0
97,88,135.591,0
98,2,211.873,15.7055
98,13,219.825,3.36458
98,17,241.665,17.5196
98,20,122.801,0
98,23,174.256,0
98,25,83.7616,0
98,27,80.1561,0
98,44,156.78,0
98,46,128.456,0
98,51,234.632,16.5901
98,56,119.331,0
98,57,113.935,1.49689
98,60,181.638,13.9643
98,61,146.373,0
98,89,214.56,0
99,13,222.032,2.71746
99,20,185.852,0
99,27,227.297,0
99,46,119.08,0
99,55,115.624,0
99,56,145.413,0
99,61,101.203,0
99,82,14.1421,0
99,89,107.912,0
