0,1,59.4054,0
0,37,108.683,0
0,85,87.6413,0
1,0,59.4054,0
1,2,166.027,0
1,17,194.557,16.6355
1,37,59.0339,0
1,38,178.373,0
1,53,176.343,0
1,54,263.359,20.7395
1,56,232.824,19.2092
1,60,246.401,21.1316
1,62,154.149,0
1,85,54.1295,0
1,86,132.74,0
2,1,166.027,0
2,6,231.515,19.5831
2,10,181.227,13.5333
2,34,169.499,0
2,37,108.904,0
2,49,221.874,18.351
2,50,49.163,0
2,53,12.8062,0
2,56,233.707,18.8303
2,57,157.115,0
2,61,55.5788,0
2,62,37.1618,0
2,65,238.899,20.3717
2,78,67.1863,0
2,86,38.0132,0
2,90,163.673,10.8482
2,92,63.7887,0
3,6,238.805,0
3,7,252.603,20.7688
3,8,186.922,2.14609
3,9,204.472,17.1207
3,10,235.314,8.00229
3,34,117.38,0.690271
3,40,285.611,1.01993
3,49,299.687,0
3,50,238.393,20.3654
3,55,53.1413,0
3,63,238.021,3.76971
3,64,69.6563,0
3,65,328.402,0
3,75,235.271,1.54053
3,76,244.124,8.21669
3,78,215.963,18.5041
3,80,202.728,7.54717
3,90,238.009,7.4237
3,91,124.145,0
3,92,230.915,19.7985
3,95,46.6905,0
4,15,126.554,1.57978
4,19,225.874,15.4384
4,23,120.139,2.34749
4,25,203.835,2.36742
4,26,151.621,11.0283
4,36,43.9659,0
4,42,26.0192,0
4,45,152.001,8.6046
4,47,116.868,9.12854
4,51,184.828,6.22815
4,59,184.997,9.23863
4,66,32.1768,2.06397
4,68,225.42,14.4595
4,73,94.7259,0
4,74,108.052,4.42032
4,77,142.312,7.62386
4,82,137.4,5.87628
4,84,162.5,10.9491
4,88,105,0
4,89,186.815,4.99928
4,94,155.002,2.77973
4,96,66.0984,0
4,97,151.786,1.57964
5,8,301.615,9.58694
5,11,180.003,0
5,12,161.385,0
5,13,120.768,0
5,19,104.547,0
5,20,173.727,0
5,21,109.041,0
5,22,10.2956,0
5,25,314.701,13.5615
5,27,87.616,7.20623
5,28,177.722,0
5,29,37.0135,0
5,32,140.004,0
5,40,195.174,9.12215
5,43,160.462,0
5,44,70.3491,0
5,51,153.17,0
5,52,139.607,0
5,63,209.38,9.2366
5,67,112.401,0
5,68,106.283,0
5,70,152.161,0
5,75,244.653,9.33312
5,76,181.108,12.0738
5,94,163.377,0
6,2,231.515,19.5831
6,3,238.805,0
6,8,107.703,0
6,10,50.9902,0
6,25,298.744,0
6,27,325.466,0
6,34,247.155,1.61834
6,40,180.056,0
6,49,61.0574,0
6,50,213.084,18.1165
6,53,219.527,18.7855
6,55,229.268,0
6,57,243.622,2.94333
6,59,283.478,15.1863
6,61,192.02,16.0503
6,63,246.13,0
6,64,291.178,7.00625
6,65,89.6437,0
6,75,143.22,0
6,76,262.069,0
6,78,187.032,14.7769
6,90,67.9412,0
6,91,330.356,0.618626
6,92,224.346,18.8205
6,95,283.6,0.630197
7,3,252.603,20.7688
7,9,57.7235,0
7,32,148.277,0
7,33,125.284,0
7,41,121.696,0
7,46,95.0158,0
7,55,233.044,19.3778
7,58,144.959,0
7,63,185.99,5.00675
7,64,180.161,11.3885
7,69,69.2892,0
7,72,99.1615,0
7,76,180.564,2.38793
7,80,60.6712,0
7,81,78.4474,0
7,87,83.9524,0
7,93,65.192,0
7,95,223.673,19.1103
7,98,109.554,0
8,3,186.922,2.14609
8,5,301.615,9.58694
8,6,107.703,0
8,10,154.945,0
8,22,301.035,11.274
8,25,336.595,0
8,27,235.78,0
8,29,310.411,17.1481
8,34,234.029,8.42624
8,40,108.904,0
8,49,156.051,0
8,55,160.112,0
8,57,342.642,2.43944
8,63,140.982,0
8,64,256.518,1.69444
8,65,176.238,0
8,75,57.2713,0
8,76,158.114,0
8,78,265.018,17.9657
8,80,278.589,12.8817
8,90,169.068,0
8,91,308.662,0
8,95,233.196,1.68909
9,3,204.472,17.1207
9,7,57.7235,0
9,33,81.2158,0
9,41,106.48,0
9,46,148.862,0
9,55,225.414,18.8281
9,64,152.005,9.7503
9,69,39.0512,0
9,72,107.689,0
9,80,79.6304,0
9,81,94.921,0
9,87,121.211,0
9,91,163.198,5.65567
9,93,49.0102,0
9,95,166.558,12.2201
9,98,105.119,0
10,2,181.227,13.5333
10,3,235.314,8.00229
10,6,50.9902,0
10,8,154.945,0
10,25,316.291,0
10,34,214.823,10.3054
10,40,230.729,0
10,49,67.4685,0
10,50,163.541,13.6579
10,53,168.116,12.991
10,55,254.692,0
10,57,218.828,3.12055
10,59,262.367,14.9753
10,61,141.965,12.0993
10,63,295.195,0
10,64,303.206,6.83457
10,65,95.5196,0
10,75,194.01,0
10,76,311.589,0
10,78,139.292,11.9288
10,90,17.8885,0
10,91,330.938,0
10,92,181.459,15.5662
10,95,279.808,7.98806
11,5,180.003,0
11,12,92.5743,0
11,13,88.6002,0
11,16,41.7612,0
11,21,123.6,0
11,24,98.0612,0
11,27,179.088,2.05615
11,28,129.244,0
11,29,143.014,0
11,30,66.7308,0
11,32,85.0412,0
11,35,128.16,0
11,39,176.309,0
11,44,110.164,0
11,46,141.908,0
11,48,63.7887,0
11,52,42.72,0
11,58,132.412,0
11,70,64.6375,0
11,83,139.313,0
12,5,161.385,0
12,11,92.5743,0
12,13,42.4264,0
12,16,68.2495,0
12,20,103.392,0
12,21,58.6941,0
12,22,166.832,0
12,24,24.6982,0
12,28,37.6563,0
12,29,130.25,0
12,30,66.0984,0
12,31,126.57,0
12,32,147.763,0
12,35,86.7698,0
12,39,90.2718,0
12,43,143.009,3.97428
12,44,112.614,0
12,48,59.808,0
12,52,95,0
12,70,30.2655,0
12,79,154.768,0
12,83,131.4,0
12,99,172.467,0
13,5,120.768,0
13,11,88.6002,0
13,12,42.4264,0
13,16,84.0119,0
13,20,113.886,0
13,21,35,0
13,22,127.016,0
13,24,66.7083,0
13,27,150.496,3.17541
13,28,70.8378,0
13,29,88.2326,0
13,30,93.5361,0
13,31,168.107,0
13,32,117.958,0
13,35,127.863,0
13,39,125.575,0
13,43,145.991,5.69906
13,44,70.7248,0
13,48,86.4696,0
13,52,71.5891,0
13,67,162.225,0
13,70,34,0
13,83,168.244,0
14,19,123.685,0
14,20,154.029,0
14,22,173.994,0
14,36,176.082,0
14,43,112.071,0
14,51,32.1403,0
14,66,200.071,11.6649
14,67,70.7248,0
14,68,127.012,0
14,73,167.967,0
14,88,90.1388,0
14,94,41.1825,0
15,4,126.554,1.57978
15,17,254.218,21.1424
15,18,131.746,0
15,23,178.015,10.4584
15,25,220.722,15.7924
15,26,39.5215,3.01362
15,36,153.278,8.0367
15,38,141.421,0
15,42,99.2975,0
15,45,146.154,0
15,47,135.329,0
15,54,182.908,14.7733
15,56,215.992,18.4275
15,59,205.713,17.6452
15,60,128.32,0
15,66,165.743,10.3823
15,71,152.087,12.1086
15,73,207.341,14.6325
15,74,35.4401,0
15,77,82.6389,6.46467
15,82,115.434,0
15,84,158.474,0
15,89,58.6003,0
15,96,57.7062,0
15,97,25.2982,0
16,11,41.7612,0
16,12,68.2495,0
16,13,84.0119,0
16,20,171.126,0
16,21,116.09,0
16,24,64.4981,0
16,28,100,0
16,29,159.59,0
16,30,25.0799,0
16,31,151.559,0
16,32,124.258,0
16,35,86.4002,0
16,39,140.73,0
16,44,130.384,0
16,46,178.757,0
16,48,22.2036,0
16,52,74.2496,0
16,58,161.137,0
16,70,50.6952,0
16,79,150.083,0
16,83,101.98,0
16,99,173.081,0
17,1,194.557,16.6355
17,15,254.218,21.1424
17,18,136.922,11.2198
17,26,277.571,4.70846
17,37,210.441,17.9162
17,38,124.266,8.73938
17,54,71.6101,0
17,56,51.1077,0
17,57,163.03,12.0438
17,59,170.533,13.805
17,60,89.4427,3.65902
17,61,222.632,19.0673
17,71,102.176,0
17,74,274.701,18.0692
17,77,194.601,16.2591
17,85,144.493,12.276
17,86,255.098,21.7818
17,89,168.264,14.1285
17,97,210.162,16.9384
18,15,131.746,0
18,17,136.922,11.2198
18,26,133.929,5.47892
18,38,16.1555,0
18,54,126.168,10.6445
18,56,145.883,12.4523
18,59,222.149,18.7564
18,60,47.7598,0
18,71,75.6174,2.34054
18,74,173.641,11.0535
18,77,143.079,8.78246
18,85,142.506,0
18,89,73.2462,0
18,97,112.699,0
19,4,225.874,15.4384
19,5,104.547,0
19,14,123.685,0
19,22,94.3398,0
19,23,176.596,10.8793
19,25,174.404,11.0582
19,27,235.607,17.3364
19,29,139.284,0
19,36,158.483,0
19,40,256.931,13.925
19,42,253.583,19.9873
19,43,172.586,0
19,44,173.22,0
19,47,225.889,13.313
19,51,92.3959,0
19,66,193.704,13.3648
19,67,82.4621,0
19,68,4.24264,0
19,75,306.315,14.3908
19,88,120.603,0
19,94,87.2812,0
20,5,173.727,0
20,12,103.392,0
20,13,113.886,0
20,14,154.029,0
20,16,171.126,0
20,21,86.7006,0
20,22,173.081,0
20,24,110.436,0
20,28,73.7835,0
20,29,161.409,0
20,30,163.808,0
20,31,138.514,0
20,35,150.615,0
20,39,77.1038,0
20,43,42.0119,0
20,44,166,0
20,48,158.836,0
20,51,153.76,0
20,67,135.696,3.65596
20,70,129.53,0
20,94,177.102,0
21,5,109.041,0
21,11,123.6,0
21,12,58.6941,0
21,13,35,0
21,16,116.09,0
21,20,86.7006,0
21,22,112.801,0
21,24,82.0061,0
21,27,153.249,3.72991
21,28,68.6804,0
21,29,84.3801,0
21,30,121.499,0
21,31,170.485,0
21,32,144.544,0
21,35,143.618,0
21,39,118.431,0
21,43,110.776,4.7416
21,44,80.7527,0
21,48,114.63,0
21,51,171.735,0
21,52,103.73,0
21,67,129.522,0
21,70,65.4599,0
22,5,10.2956,0
22,8,301.035,11.274
22,12,166.832,0
22,13,127.016,0
22,14,173.994,0
22,19,94.3398,0
22,20,173.081,0
22,21,112.801,0
22,25,304.034,11.8946
22,27,100.46,8.09425
22,29,46.1736,0
22,32,150.296,0
22,40,195.298,9.79755
22,43,157.41,0
22,44,79.9062,0
22,51,144.253,0
22,52,149.091,0
22,63,217.88,10.2955
22,67,104.403,0
22,68,96.1353,0
22,70,159.101,0
22,75,244.834,10.5186
22,76,202.407,10.4503
22,94,153.838,0
23,4,120.139,2.34749
23,15,178.015,10.4584
23,19,176.596,10.8793
23,25,83.7616,0
23,26,176.873,13.7266
23,36,164.7,12.8338
23,40,358.357,0
23,42,135.499,8.83565
23,47,50.3574,3.45703
23,49,330.926,0
23,51,238.773,20.4622
23,57,256.633,10.8307
23,59,164.868,12.8778
23,65,301.974,0
23,66,102.157,0
23,67,248.867,21.2592
23,68,173.335,9.7573
23,73,216.589,18.5803
23,74,141.318,8.98663
23,77,179.487,15.2751
23,88,195.101,16.6786
23,94,219.943,18.8335
23,96,152.826,13.0718
23,97,200.115,10.0114
24,11,98.0612,0
24,12,24.6982,0
24,13,66.7083,0
24,16,64.4981,0
24,20,110.436,0
24,21,82.0061,0
24,28,36.8782,0
24,29,154.806,0
24,30,53.4135,0
24,31,105.119,0
24,32,164,0
24,35,62.1691,0
24,39,78.2624,0
24,43,151.804,2.66521
24,44,136.029,0
24,48,48.7955,0
24,52,110.023,0
24,70,46.2385,0
24,79,130.096,0
24,83,108.665,0
24,99,148.071,0
25,4,203.835,2.36742
25,5,314.701,13.5615
25,6,298.744,0
25,8,336.595,0
25,10,316.291,0
25,15,220.722,15.7924
25,19,174.404,11.0582
25,22,304.034,11.8946
25,23,83.7616,0
25,26,224.437,19.2375
25,36,247.878,15.669
25,40,282.708,0
25,42,214.441,10.6221
25,47,84.095,2.29372
25,49,249.191,0
25,57,218.792,6.43862
25,59,182.255,14.2304
25,65,220.88,0
25,66,185.181,0
25,68,170.121,10.0164
25,74,185.261,14.6236
25,75,308.804,0
25,77,213.241,18.2043
25,88,262.005,20.7027
25,90,329.424,0
25,94,256.097,21.5462
25,96,181.999,14.6318
26,4,151.621,11.0283
26,15,39.5215,3.01362
26,17,277.571,4.70846
26,18,133.929,5.47892
26,23,176.873,13.7266
26,25,224.437,19.2375
26,36,167.364,9.84839
26,38,140.222,5.40048
26,42,120.792,7.50382
26,45,183.253,5.58667
26,47,142.021,9.8305
26,54,188.029,12.6126
26,56,216.006,14.1632
26,57,203.396,16.7433
26,59,162.015,13.8972
26,60,129.846,8.75818
26,66,185.52,15.6357
26,71,172.01,6.06444
26,74,39.8892,2.94202
26,77,42.8019,0
26,82,154.137,5.49786
26,89,63.3745,3.62261
26,96,78.6507,5.56116
26,97,52.0327,3.19669
27,5,87.616,7.20623
27,6,325.466,0
27,8,235.78,0
27,11,179.088,2.05615
27,13,150.496,3.17541
27,19,235.607,17.3364
27,21,153.249,3.72991
27,22,100.46,8.09425
27,29,71.1705,4.08634
27,32,114.381,1.93371
27,40,147.635,0
27,44,81.0549,3.02532
27,49,346.699,0
27,52,136.419,2.04735
27,55,287.135,11.5488
27,63,114.773,2.71831
27,65,349.886,0
27,67,204.792,13.9466
27,68,240.299,16.8687
27,70,174.762,3.13411
27,75,184.196,0
27,76,85.0628,6.0333
27,80,170.672,2.2277
28,5,177.722,0
28,11,129.244,0
28,12,37.6563,0
28,13,70.8378,0
28,16,100,0
28,20,73.7835,0
28,21,68.6804,0
28,24,36.8782,0
28,29,151.489,0
28,30,90.2718,0
28,31,101.833,0
28,35,84.0536,0
28,39,54.8179,0
28,43,114.276,1.55579
28,44,140.428,0
28,48,85.6329,0
28,52,132.185,0
28,67,177.722,0
28,70,67.897,0
28,79,143.962,0
28,83,136.528,0
28,99,157.471,0
29,5,37.0135,0
29,8,310.411,17.1481
29,11,143.014,0
29,12,130.25,0
29,13,88.2326,0
29,16,159.59,0
29,19,139.284,0
29,20,161.409,0
29,21,84.3801,0
29,22,46.1736,0
29,24,154.806,0
29,27,71.1705,4.08634
29,28,151.489,0
29,30,175.915,0
29,32,109.202,0
29,40,217.029,14.3668
29,43,157.258,0
29,44,33.9559,0
29,48,169.009,0
29,51,174.828,0
29,52,102.956,0
29,63,138.335,7.49998
29,67,130.874,0
29,68,141.4,0
29,70,117.631,0
29,75,257.196,15.9484
29,76,115.934,1.97663
30,11,66.7308,0
30,12,66.0984,0
30,13,93.5361,0
30,16,25.0799,0
30,20,163.808,0
30,21,121.499,0
30,24,53.4135,0
30,28,90.2718,0
30,29,175.915,0
30,31,128.035,0
30,32,149.04,0
30,35,61.6117,0
30,39,123.434,0
30,44,148.946,0
30,48,7.07107,0
30,52,97.949,0
30,58,178.986,0
30,70,59.8415,0
30,79,125.196,0
30,83,79.8812,0
30,99,148.061,0
31,12,126.57,0
31,13,168.107,0
31,16,151.559,0
31,20,138.514,0
31,21,170.485,0
31,24,105.119,0
31,28,101.833,0
31,30,128.035,0
31,35,68.884,0
31,39,61.6847,0
31,43,179.869,0
31,48,129.387,0
31,70,151.288,0
31,79,65.4599,0
31,83,104.202,0
31,99,66.0681,0
32,5,140.004,0
32,7,148.277,0
32,11,85.0412,0
32,12,147.763,0
32,13,117.958,0
32,16,124.258,0
32,21,144.544,0
32,22,150.296,0
32,24,164,0
32,27,114.381,1.93371
32,29,109.202,0
32,30,149.04,0
32,40,231.495,19.3193
32,44,79.2465,0
32,46,118.229,0
32,48,144.627,0
32,52,54.1202,0
32,58,140.73,0
32,63,138.541,4.98819
32,70,118.533,0
32,76,123.184,1.56371
32,80,139.058,0
32,87,169.994,0
33,7,125.284,0
33,9,81.2158,0
33,41,64.6375,0
33,69,56.2939,0
33,72,100.125,0
33,80,160.801,0
33,81,104.547,0
33,87,145.465,0
33,93,65.0077,0
33,98,80.6598,0
34,2,169.499,0
34,3,117.38,0.690271
34,6,247.155,1.61834
34,8,234.029,8.42624
34,10,214.823,10.3054
34,49,298.878,2.2804
34,50,130.288,4.20406
34,53,159.079,0
34,55,167.148,0.618995
34,61,166.388,0
34,63,345.787,1.04776
34,64,130.442,0.505525
34,65,327.566,2.85154
34,75,293.098,7.57026
34,78,104.077,0
34,80,311.54,8.97145
34,90,195.329,12.9177
34,91,97.3943,0.535
34,92,110.603,0
34,95,125.228,0.535083
35,11,128.16,0
35,12,86.7698,0
35,13,127.863,0
35,16,86.4002,0
35,20,150.615,0
35,21,143.618,0
35,24,62.1691,0
35,28,84.0536,0
35,30,61.6117,0
35,31,68.884,0
35,39,86.0233,0
35,48,64.5136,0
35,52,155.416,0
35,70,101.139,0
35,79,69.3542,0
35,83,54.1202,0
35,99,89.8109,0
36,4,43.9659,0
36,14,176.082,0
36,15,153.278,8.0367
36,19,158.483,0
36,23,164.7,12.8338
36,25,247.878,15.669
36,26,167.364,9.84839
36,42,44.9222,0
36,45,132.08,11.3288
36,47,158.913,13.3248
36,51,169.098,0
36,66,64.2979,4.04672
36,68,161.026,2.08819
36,73,51.2445,0
36,74,127.993,3.92737
36,77,171.707,8.84909
36,82,100.882,2.91433
36,84,130.996,11.1896
36,88,86.8332,0
36,94,145.784,0
36,96,92.4959,5.3873
36,97,173.411,6.86554
37,0,108.683,0
37,1,59.0339,0
37,2,108.904,0
37,17,210.441,17.9162
37,50,157.318,0
37,53,120.033,0
37,54,262.112,21.2956
37,56,230.077,19.3613
37,61,134.97,0
37,62,95.1262,0
37,78,175.756,0
37,85,100.802,0
37,86,74.0608,0
37,92,170.003,0
38,1,178.373,0
38,15,141.421,0
38,17,124.266,8.73938
38,18,16.1555,0
38,26,140.222,5.40048
38,54,121.244,10.3439
38,56,145.758,10.2655
38,59,217.352,18.5141
38,60,39.0128,0
38,71,69.3026,2.31479
38,74,182.491,11.9118
38,77,149.066,9.5012
38,85,127.142,0
38,89,83.7735,0
38,97,124.064,0
39,11,176.309,0
39,12,90.2718,0
39,13,125.575,0
39,16,140.73,0
39,20,77.1038,0
39,21,118.431,0
39,24,78.2624,0
39,28,54.8179,0
39,30,123.434,0
39,31,61.6847,0
39,35,86.0233,0
39,43,118.828,0
39,48,121.334,0
39,70,120.037,0
39,79,121.037,0
39,83,138.235,0
39,99,126.752,0
40,3,285.611,1.01993
40,5,195.174,9.12215
40,6,180.056,0
40,8,108.904,0
40,10,230.729,0
40,19,256.931,13.925
40,22,195.298,9.79755
40,23,358.357,0
40,25,282.708,0
40,27,147.635,0
40,29,217.029,14.3668
40,32,231.495,19.3193
40,44,229.739,18.3087
40,49,199.289,0
40,55,245.862,0
40,63,111.319,0
40,64,352.346,0
40,65,204.313,0
40,68,256.334,13.1478
40,75,52.0384,0
40,76,117.388,0
40,80,236.971,20.089
40,90,247.976,0
40,95,328.459,0.524684
41,7,121.696,0
41,9,106.48,0
41,33,64.6375,0
41,46,157.334,0
41,69,67.4463,0
41,72,46.0977,0
41,80,175.114,0
41,81,61.6117,0
41,87,101.242,0
41,93,60.8276,0
41,98,22.0907,0
42,4,26.0192,0
42,15,99.2975,0
42,19,253.583,19.9873
42,23,135.499,8.83565
42,25,214.441,10.6221
42,26,120.792,7.50382
42,36,44.9222,0
42,45,121.258,2.28057
42,47,84.0595,0
42,59,161.012,0
42,66,58.0143,4.62336
42,68,252.975,19.3766
42,73,94.3398,0
42,74,81.9622,1.97215
42,77,150.661,12.9138
42,82,113.485,4.25355
42,84,143.372,8.78605
42,88,123.069,0
42,89,154.201,0
42,94,172.63,0
42,96,41.5933,0
42,97,124.338,0
43,5,160.462,0
43,12,143.009,3.97428
43,13,145.991,5.69906
43,14,112.071,0
43,19,172.586,0
43,20,42.0119,0
43,21,110.776,4.7416
43,22,157.41,0
43,24,151.804,2.66521
43,28,114.276,1.55579
43,29,157.258,0
43,31,179.869,0
43,39,118.828,0
43,44,170.262,0
43,51,112.539,0
43,67,91.4002,0
43,68,176.828,0
43,70,165.92,4.47026
43,94,135.823,0
44,5,70.3491,0
44,11,110.164,0
44,12,112.614,0
44,13,70.7248,0
44,16,130.384,0
44,19,173.22,0
44,20,166,0
44,21,80.7527,0
44,22,79.9062,0
44,24,136.029,0
44,27,81.0549,3.02532
44,28,140.428,0
44,29,33.9559,0
44,30,148.946,0
44,32,79.2465,0
44,40,229.739,18.3087
44,43,170.262,0
44,48,142.299,0
44,52,69.2604,0
44,63,139.757,6.16715
44,67,159.138,0
44,68,175.354,0
44,70,93.8616,0
44,75,257.707,20.5566
44,76,119.928,1.67836
45,4,152.001,8.6046
45,15,146.154,0
45,26,183.253,5.58667
45,36,132.08,11.3288
45,42,121.258,2.28057
45,66,183.137,13.7353
45,73,71.1126,0
45,74,154.263,0
45,82,32.6497,0
45,84,13.6015,0
45,88,152.555,0
45,96,119.854,0
45,97,159.703,0
46,7,95.0158,0
46,9,148.862,0
46,11,141.908,0
46,16,178.757,0
46,32,118.229,0
46,41,157.334,0
46,52,147.34,0
46,58,50.8035,0
46,69,142.172,0
46,72,113.053,0
46,80,137.306,0
46,81,95.8853,0
46,87,57.5847,0
46,93,129.838,0
46,98,136.125,0
47,4,116.868,9.12854
47,15,135.329,0
47,19,225.889,13.313
47,23,50.3574,3.45703
47,25,84.095,2.29372
47,26,142.021,9.8305
47,36,158.913,13.3248
47,42,84.0595,0
47,49,304.914,1.73859
47,54,203.035,14.5142
47,56,219.377,16.2738
47,57,158.858,13.534
47,59,99.7447,0
47,65,275.027,1.72554
47,66,120,7.14286
47,68,221.371,12.3572
47,71,232.059,19.8941
47,73,215.215,16.77
47,74,100.13,0
47,77,135.201,10.6298
47,88,236.896,20.1409
47,89,226.921,18.9911
47,96,97.0979,0
47,97,157.918,0
48,11,63.7887,0
48,12,59.808,0
48,13,86.4696,0
48,16,22.2036,0
48,20,158.836,0
48,21,114.63,0
48,24,48.7955,0
48,28,85.6329,0
48,29,169.009,0
48,30,7.07107,0
48,31,129.387,0
48,32,144.627,0
48,35,64.5136,0
48,39,121.334,0
48,44,142.299,0
48,52,92.8009,0
48,70,52.7731,0
48,79,129.8,0
48,83,86.2844,0
48,99,152.315,0
49,2,221.874,18.351
49,3,299.687,0
49,6,61.0574,0
49,8,156.051,0
49,10,67.4685,0
49,23,330.926,0
49,25,249.191,0
49,27,346.699,0
49,34,298.878,2.2804
49,40,199.289,0
49,47,304.914,1.73859
49,50,213.591,18.3224
49,53,210.114,17.7116
49,55,289.862,0
49,57,186.28,2.84534
49,59,224.525,13.9225
49,61,180.354,14.841
49,63,284.738,0
49,65,30,0
49,75,175.864,0
49,76,298.65,0
49,78,193.47,15.8849
49,90,82.2192,0
49,92,238.45,19.9123
49,95,336.836,4.16031
50,2,49.163,0
50,3,238.393,20.3654
50,6,213.084,18.1165
50,10,163.541,13.6579
50,34,130.288,4.20406
50,37,157.318,0
50,49,213.591,18.3224
50,53,40.8044,0
50,57,170.135,0
50,61,71.8471,0
50,62,70.6824,0
50,65,229.29,19.6622
50,78,26.4008,0
50,86,84.0119,0
50,90,145.882,11.5779
50,91,196.032,12.59
50,92,17.0294,0
51,4,184.828,6.22815
51,5,153.17,0
51,14,32.1403,0
51,19,92.3959,0
51,20,153.76,0
51,21,171.735,0
51,22,144.253,0
51,23,238.773,20.4622
51,29,174.828,0
51,36,169.098,0
51,43,112.539,0
51,66,186.166,12.2456
51,67,45,0
51,68,95.901,0
51,73,170.575,0
51,88,89.1403,0
51,94,23.3452,0
52,5,139.607,0
52,11,42.72,0
52,12,95,0
52,13,71.5891,0
52,16,74.2496,0
52,21,103.73,0
52,22,149.091,0
52,24,110.023,0
52,27,136.419,2.04735
52,28,132.185,0
52,29,102.956,0
52,30,97.949,0
52,32,54.1202,0
52,35,155.416,0
52,44,69.2604,0
52,46,147.34,0
52,48,92.8009,0
52,58,152.269,0
52,63,178.846,5.31869
52,70,65.123,0
52,76,162.347,1.82898
52,83,176.185,0
53,1,176.343,0
53,2,12.8062,0
53,6,219.527,18.7855
53,10,168.116,12.991
53,34,159.079,0
53,37,120.033,0
53,49,210.114,17.7116
53,50,40.8044,0
53,57,149.857,0
53,59,185.415,2.51518
53,61,47.0425,0
53,62,48.8774,0
53,65,226.235,19.3847
53,78,55.7315,0
53,86,50.6063,0
53,90,150.652,10.4649
53,92,56.8595,0
54,1,263.359,20.7395
54,15,182.908,14.7733
54,17,71.6101,0
54,18,126.168,10.6445
54,26,188.029,12.6126
54,37,262.112,21.2956
54,38,121.244,10.3439
54,47,203.035,14.5142
54,56,32.0624,0
54,57,133,9.84112
54,59,110.535,9.4398
54,60,78.3732,4.58121
54,61,188.338,12.1819
54,71,56.8507,0
54,74,185.153,15.8808
54,77,129.553,10.7961
54,85,215.725,16.0937
54,89,150.331,12.8831
54,96,215.092,16.3512
54,97,169.62,12.3415
55,3,53.1413,0
55,6,229.268,0
55,7,233.044,19.3778
55,8,160.112,0
55,9,225.414,18.8281
55,10,254.692,0
55,27,287.135,11.5488
55,34,167.148,0.618995
55,40,245.862,0
55,49,289.862,0
55,63,177.46,7.02854
55,64,107.201,0
55,65,316.708,0
55,75,199.529,0
55,76,192.243,7.8316
55,78,249.352,20.9064
55,80,172.359,7.66039
55,90,258.409,0.502726
55,91,174.413,0
55,95,85.1587,0
56,1,232.824,19.2092
56,2,233.707,18.8303
56,15,215.992,18.4275
56,17,51.1077,0
56,18,145.883,12.4523
56,26,216.006,14.1632
56,37,230.077,19.3613
56,38,145.758,10.2655
56,47,219.377,16.2738
56,54,32.0624,0
56,57,115.291,3.74
56,59,119.665,10.257
56,60,96.6382,4.37874
56,61,194.386,15.9733
56,71,84.9706,0
56,74,212.779,18.1829
56,77,157.214,13.4611
56,85,191.797,14.9996
56,86,239.772,20.3174
56,89,180.431,14.9888
56,97,213.032,18.2371
57,2,157.115,0
57,6,243.622,2.94333
57,8,342.642,2.43944
57,10,218.828,3.12055
57,17,163.03,12.0438
57,23,256.633,10.8307
57,25,218.792,6.43862
57,26,203.396,16.7433
57,47,158.858,13.534
57,49,186.28,2.84534
57,50,170.135,0
57,53,149.857,0
57,54,133,9.84112
57,56,115.291,3.74
57,59,39.8246,0
57,60,206.022,17.5035
57,61,102.956,0
57,65,167.102,2.35608
57,71,168.551,13.9877
57,74,191.321,13.5554
57,75,353.666,2.43475
57,77,157.897,10.1283
57,78,156.975,0
57,86,188.393,5.65807
57,90,218.833,3.24371
58,7,144.959,0
58,11,132.412,0
58,16,161.137,0
58,30,178.986,0
58,32,140.73,0
58,46,50.8035,0
58,52,152.269,0
58,72,139.435,0
58,81,128.098,0
58,87,86.5852,0
58,93,171.094,0
58,98,163.441,0
59,4,184.997,9.23863
59,6,283.478,15.1863
59,10,262.367,14.9753
59,15,205.713,17.6452
59,17,170.533,13.805
59,18,222.149,18.7564
59,23,164.868,12.8778
59,25,182.255,14.2304
59,26,162.015,13.8972
59,38,217.352,18.5141
59,42,161.012,0
59,47,99.7447,0
59,49,224.525,13.9225
59,53,185.415,2.51518
59,54,110.535,9.4398
59,56,119.665,10.257
59,57,39.8246,0
59,60,171.603,14.6903
59,61,150.651,7.01711
59,65,203.591,12.8134
59,66,209.168,16.0371
59,71,147.075,11.5644
59,74,162.067,13.7403
59,77,118.655,9.17301
59,89,178.728,13.5514
59,90,263.316,15.0574
59,96,147.258,0
59,97,200.236,15.7841
60,1,246.401,21.1316
60,15,128.32,0
60,17,89.4427,3.65902
60,18,47.7598,0
60,26,129.846,8.75818
60,38,39.0128,0
60,54,78.3732,4.58121
60,56,96.6382,4.37874
60,57,206.022,17.5035
60,59,171.603,14.6903
60,71,32.1923,2.36769
60,74,167.613,13.1671
60,77,166.04,11.0694
60,85,179.869,15.3582
60,89,78.2304,0
60,96,210.189,14.9137
60,97,117.107,0
61,2,55.5788,0
61,6,192.02,16.0503
61,10,141.965,12.0993
61,17,222.632,19.0673
61,34,166.388,0
61,37,134.97,0
61,49,180.354,14.841
61,50,71.8471,0
61,53,47.0425,0
61,54,188.338,12.1819
61,56,194.386,15.9733
61,57,102.956,0
61,59,150.651,7.01711
61,62,91.9239,0
61,65,185.475,15.2876
61,78,68.5055,0
61,86,83.3547,0
61,90,127.694,10.6412
61,92,88.4081,0
62,1,154.149,0
62,2,37.1618,0
62,37,95.1262,0
62,50,70.6824,0
62,53,48.8774,0
62,61,91.9239,0
62,78,94.8736,0
62,86,25.4951,0
62,90,200.334,11.7487
62,92,79.3095,0
63,3,238.021,3.76971
63,5,209.38,9.2366
63,6,246.13,0
63,7,185.99,5.00675
63,8,140.982,0
63,10,295.195,0
63,22,217.88,10.2955
63,27,114.773,2.71831
63,29,138.335,7.49998
63,32,138.541,4.98819
63,34,345.787,1.04776
63,40,111.319,0
63,44,139.757,6.16715
63,49,284.738,0
63,52,178.846,5.31869
63,55,177.46,7.02854
63,64,280.227,7.91916
63,65,297.577,0
63,75,109.49,0
63,76,18.868,0
63,80,133.47,5.0557
63,90,309.845,0
63,95,260,7.83453
64,3,69.6563,0
64,6,291.178,7.00625
64,7,180.161,11.3885
64,8,256.518,1.69444
64,9,152.005,9.7503
64,10,303.206,6.83457
64,34,130.442,0.505525
64,40,352.346,0
64,55,107.201,0
64,63,280.227,7.91916
64,69,189.343,9.92459
64,75,301.367,1.59698
64,76,293.006,9.09573
64,78,242.518,20.7467
64,80,186.473,8.54709
64,90,311.923,2.71536
64,91,79.6492,0
64,92,240.254,20.3754
64,93,201,10.3729
64,95,23.3238,0
65,2,238.899,20.3717
65,3,328.402,0
65,6,89.6437,0
65,8,176.238,0
65,10,95.5196,0
65,23,301.974,0
65,25,220.88,0
65,27,349.886,0
65,34,327.566,2.85154
65,40,204.313,0
65,47,275.027,1.72554
65,49,30,0
65,50,229.29,19.6622
65,53,226.235,19.3847
65,55,316.708,0
65,57,167.102,2.35608
65,59,203.591,12.8134
65,61,185.475,15.2876
65,63,297.577,0
65,68,313.892,16.8933
65,75,188.096,0
65,76,310.258,0
65,78,210.249,17.1824
65,90,108.683,0
65,92,252.42,21.2259
66,4,32.1768,2.06397
66,14,200.071,11.6649
66,15,165.743,10.3823
66,19,193.704,13.3648
66,23,102.157,0
66,25,185.181,0
66,26,185.52,15.6357
66,36,64.2979,4.04672
66,42,58.0143,4.62336
66,45,183.137,13.7353
66,47,120,7.14286
66,51,186.166,12.2456
66,59,209.168,16.0371
66,67,212.061,13.9395
66,68,193.244,12.3956
66,73,113.756,5.21899
66,74,151.003,12.5835
66,77,189.531,16.1992
66,82,159.933,8.00743
66,84,200.016,16.8073
66,88,115.698,7.66052
66,94,163.568,11.452
66,96,99.3095,6.27395
66,97,191.035,10.7292
67,5,112.401,0
67,13,162.225,0
67,14,70.7248,0
67,19,82.4621,0
67,20,135.696,3.65596
67,21,129.522,0
67,22,104.403,0
67,23,248.867,21.2592
67,27,204.792,13.9466
67,28,177.722,0
67,29,130.874,0
67,43,91.4002,0
67,44,159.138,0
67,51,45,0
67,66,212.061,13.9395
67,68,86.6833,0
67,88,129.031,0
67,94,63.3246,0
68,4,225.42,14.4595
68,5,106.283,0
68,14,127.012,0
68,19,4.24264,0
68,22,96.1353,0
68,23,173.335,9.7573
68,25,170.121,10.0164
68,27,240.299,16.8687
68,29,141.4,0
68,36,161.026,2.08819
68,40,256.334,13.1478
68,42,252.975,19.3766
68,43,176.828,0
68,44,175.354,0
68,47,221.371,12.3572
68,51,95.901,0
68,65,313.892,16.8933
68,66,193.244,12.3956
68,67,86.6833,0
68,75,304.256,13.8105
68,88,121.248,0
68,94,90.0888,0
69,7,69.2892,0
69,9,39.0512,0
69,33,56.2939,0
69,41,67.4463,0
69,46,142.172,0
69,64,189.343,9.92459
69,72,73.5391,0
69,80,111.946,0
69,81,66.0681,0
69,87,101.257,0
69,93,14.8661,0
69,95,205.374,13.111
69,98,67.1193,0
70,5,152.161,0
70,11,64.6375,0
70,12,30.2655,0
70,13,34,0
70,16,50.6952,0
70,20,129.53,0
70,21,65.4599,0
70,22,159.101,0
70,24,46.2385,0
70,27,174.762,3.13411
70,28,67.897,0
70,29,117.631,0
70,30,59.8415,0
70,31,151.288,0
70,32,118.533,0
70,35,101.139,0
70,39,120.037,0
70,43,165.92,4.47026
70,44,93.8616,0
70,48,52.7731,0
70,52,65.123,0
70,79,170.485,0
70,83,136.565,0
71,15,152.087,12.1086
71,17,102.176,0
71,18,75.6174,2.34054
71,26,172.01,6.06444
71,38,69.3026,2.31479
71,47,232.059,19.8941
71,54,56.8507,0
71,56,84.9706,0
71,57,168.551,13.9877
71,59,147.075,11.5644
71,60,32.1923,2.36769
71,74,216.259,5.65384
71,77,142.341,7.45735
71,85,228.009,17.7669
71,89,92.7489,6.13203
71,96,256.685,17.518
71,97,137.213,9.81745
72,7,99.1615,0
72,9,107.689,0
72,33,100.125,0
72,41,46.0977,0
72,46,113.053,0
72,58,139.435,0
72,69,73.5391,0
72,80,158.808,0
72,81,22.0227,0
72,87,55.9017,0
72,93,59.7746,0
72,98,24.0208,0
73,4,94.7259,0
73,14,167.967,0
73,15,207.341,14.6325
73,23,216.589,18.5803
73,36,51.2445,0
73,42,94.3398,0
73,45,71.1126,0
73,47,215.215,16.77
73,51,170.575,0
73,66,113.756,5.21899
73,74,186.114,10.1569
73,82,98.9326,4.19586
73,84,77.0965,4.99292
73,88,81.4985,0
73,94,148.098,0
73,96,146.387,9.85885
74,4,108.052,4.42032
74,15,35.4401,0
74,17,274.701,18.0692
74,18,173.641,11.0535
74,23,141.318,8.98663
74,25,185.261,14.6236
74,26,39.8892,2.94202
74,36,127.993,3.92737
74,38,182.491,11.9118
74,42,81.9622,1.97215
74,45,154.263,0
74,47,100.13,0
74,54,185.153,15.8808
74,56,212.779,18.1829
74,57,191.321,13.5554
74,59,162.067,13.7403
74,60,167.613,13.1671
74,66,151.003,12.5835
74,71,216.259,5.65384
74,73,186.114,10.1569
74,77,55.5915,4.05789
74,82,127.283,0
74,84,165.003,0
74,89,94.1801,6.3313
74,96,40.7185,0
74,97,58.0345,0
75,3,235.271,1.54053
75,5,244.653,9.33312
75,6,143.22,0
75,8,57.2713,0
75,10,194.01,0
75,19,306.315,14.3908
75,22,244.834,10.5186
75,25,308.804,0
75,27,184.196,0
75,29,257.196,15.9484
75,34,293.098,7.57026
75,40,52.0384,0
75,44,257.707,20.5566
75,49,175.864,0
75,55,199.529,0
75,57,353.666,2.43475
75,63,109.49,0
75,64,301.367,1.59698
75,65,188.096,0
75,68,304.256,13.8105
75,76,122.801,0
75,80,232.515,19.8768
75,90,210.238,0
75,91,359.477,0
75,95,278.29,1.58678
76,3,244.124,8.21669
76,5,181.108,12.0738
76,6,262.069,0
76,7,180.564,2.38793
76,8,158.114,0
76,10,311.589,0
76,22,202.407,10.4503
76,27,85.0628,6.0333
76,29,115.934,1.97663
76,32,123.184,1.56371
76,40,117.388,0
76,44,119.928,1.67836
76,49,298.65,0
76,52,162.347,1.82898
76,55,192.243,7.8316
76,63,18.868,0
76,64,293.006,9.09573
76,65,310.258,0
76,75,122.801,0
76,80,131.353,3.17069
76,90,326.533,0
76,95,274.158,8.64445
77,4,142.312,7.62386
77,15,82.6389,6.46467
77,17,194.601,16.2591
77,18,143.079,8.78246
77,23,179.487,15.2751
77,25,213.241,18.2043
77,26,42.8019,0
77,36,171.707,8.84909
77,38,149.066,9.5012
77,42,150.661,12.9138
77,47,135.201,10.6298
77,54,129.553,10.7961
77,56,157.214,13.4611
77,57,157.897,10.1283
77,59,118.655,9.17301
77,60,166.04,11.0694
77,66,189.531,16.1992
77,71,142.341,7.45735
77,74,55.5915,4.05789
77,82,188.33,11.6167
77,89,86.0944,7.22668
77,96,95.2685,7.52003
77,97,89.4566,7.6638
78,2,67.1863,0
78,3,215.963,18.5041
78,6,187.032,14.7769
78,8,265.018,17.9657
78,10,139.292,11.9288
78,34,104.077,0
78,37,175.756,0
78,49,193.47,15.8849
78,50,26.4008,0
78,53,55.7315,0
78,55,249.352,20.9064
78,57,156.975,0
78,61,68.5055,0
78,62,94.8736,0
78,64,242.518,20.7467
78,65,210.249,17.1824
78,86,104.676,0
78,90,121.845,10.4038
78,91,173.204,9.49669
78,92,41.1798,3.24856
78,95,238.983,20.3074
79,12,154.768,0
79,16,150.083,0
79,24,130.096,0
79,28,143.962,0
79,30,125.196,0
79,31,65.4599,0
79,35,69.3542,0
79,39,121.037,0
79,48,129.8,0
79,70,170.485,0
79,83,62.0081,0
79,99,24.3311,0
80,3,202.728,7.54717
80,7,60.6712,0
80,8,278.589,12.8817
80,9,79.6304,0
80,27,170.672,2.2277
80,32,139.058,0
80,33,160.801,0
80,34,311.54,8.97145
80,40,236.971,20.089
80,41,175.114,0
80,46,137.306,0
80,55,172.359,7.66039
80,63,133.47,5.0557
80,64,186.473,8.54709
80,69,111.946,0
80,72,158.808,0
80,75,232.515,19.8768
80,76,131.353,3.17069
80,81,138.741,0
80,87,142.285,0
80,91,240.848,14.7653
80,93,114.547,0
80,95,186.549,8.04619
80,98,166.436,0
81,7,78.4474,0
81,9,94.921,0
81,33,104.547,0
81,41,61.6117,0
81,46,95.8853,0
81,58,128.098,0
81,69,66.0681,0
81,72,22.0227,0
81,80,138.741,0
81,87,41.5933,0
81,93,51.225,0
81,98,41.2311,0
82,4,137.4,5.87628
82,15,115.434,0
82,26,154.137,5.49786
82,36,100.882,2.91433
82,42,113.485,4.25355
82,45,32.6497,0
82,66,159.933,8.00743
82,73,98.9326,4.19586
82,74,127.283,0
82,77,188.33,11.6167
82,84,46.1411,0
82,88,192.879,10.6774
82,89,168.134,0
82,96,97.0824,0
82,97,127.613,0
83,11,139.313,0
83,12,131.4,0
83,13,168.244,0
83,16,101.98,0
83,24,108.665,0
83,28,136.528,0
83,30,79.8812,0
83,31,104.202,0
83,35,54.1202,0
83,39,138.235,0
83,48,86.2844,0
83,52,176.185,0
83,70,136.565,0
83,79,62.0081,0
83,99,86.0523,0
84,4,162.5,10.9491
84,15,158.474,0
84,36,130.996,11.1896
84,42,143.372,8.78605
84,45,13.6015,0
84,66,200.016,16.8073
84,73,77.0965,4.99292
84,74,165.003,0
84,82,46.1411,0
84,88,156.124,4.71696
84,96,131.279,0.994061
84,97,172.679,0
85,0,87.6413,0
85,1,54.1295,0
85,17,144.493,12.276
85,18,142.506,0
85,37,100.802,0
85,38,127.142,0
85,54,215.725,16.0937
85,56,191.797,14.9996
85,60,179.869,15.3582
85,71,228.009,17.7669
85,86,167.314,0
86,1,132.74,0
86,2,38.0132,0
86,17,255.098,21.7818
86,37,74.0608,0
86,50,84.0119,0
86,53,50.6063,0
86,56,239.772,20.3174
86,57,188.393,5.65807
86,61,83.3547,0
86,62,25.4951,0
86,78,104.676,0
86,85,167.314,0
86,90,200.028,11.5258
86,92,96.0208,0
87,7,83.9524,0
87,9,121.211,0
87,32,169.994,0
87,33,145.465,0
87,41,101.242,0
87,46,57.5847,0
87,58,86.5852,0
87,69,101.257,0
87,72,55.9017,0
87,80,142.285,0
87,81,41.5933,0
87,93,86.8217,0
87,98,79.511,0
88,4,105,0
88,14,90.1388,0
88,19,120.603,0
88,23,195.101,16.6786
88,25,262.005,20.7027
88,36,86.8332,0
88,42,123.069,0
88,45,152.555,0
88,47,236.896,20.1409
88,51,89.1403,0
88,66,115.698,7.66052
88,67,129.031,0
88,68,121.248,0
88,73,81.4985,0
88,82,192.879,10.6774
88,84,156.124,4.71696
88,94,66.6108,0
88,96,163.377,0
89,4,186.815,4.99928
89,15,58.6003,0
89,17,168.264,14.1285
89,18,73.2462,0
89,26,63.3745,3.62261
89,38,83.7735,0
89,42,154.201,0
89,47,226.921,18.9911
89,54,150.331,12.8831
89,56,180.431,14.9888
89,59,178.728,13.5514
89,60,78.2304,0
89,71,92.7489,6.13203
89,74,94.1801,6.3313
89,77,86.0944,7.22668
89,82,168.134,0
89,96,113.455,0
89,97,40.5216,0
90,2,163.673,10.8482
90,3,238.009,7.4237
90,6,67.9412,0
90,8,169.068,0
90,10,17.8885,0
90,25,329.424,0
90,34,195.329,12.9177
90,40,247.976,0
90,49,82.2192,0
90,50,145.882,11.5779
90,53,150.652,10.4649
90,55,258.409,0.502726
90,57,218.833,3.24371
90,59,263.316,15.0574
90,61,127.694,10.6412
90,62,200.334,11.7487
90,63,309.845,0
90,64,311.923,2.71536
90,65,108.683,0
90,75,210.238,0
90,76,326.533,0
90,78,121.845,10.4038
90,86,200.028,11.5258
90,91,325.871,0
90,92,163.198,13.8373
90,95,286.918,5.10893
91,3,124.145,0
91,6,330.356,0.618626
91,8,308.662,0
91,9,163.198,5.65567
91,10,330.938,0
91,34,97.3943,0.535
91,50,196.032,12.59
91,55,174.413,0
91,64,79.6492,0
91,75,359.477,0
91,78,173.204,9.49669
91,80,240.848,14.7653
91,90,325.871,0
91,92,168.233,7.1678
91,95,93.6803,0
92,2,63.7887,0
92,3,230.915,19.7985
92,6,224.346,18.8205
92,10,181.459,15.5662
92,34,110.603,0
92,37,170.003,0
92,49,238.45,19.9123
92,50,17.0294,0
92,53,56.8595,0
92,61,88.4081,0
92,62,79.3095,0
92,64,240.254,20.3754
92,65,252.42,21.2259
92,78,41.1798,3.24856
92,86,96.0208,0
92,90,163.198,13.8373
92,91,168.233,7.1678
92,95,237.373,20.1917
93,7,65.192,0
93,9,49.0102,0
93,33,65.0077,0
93,41,60.8276,0
93,46,129.838,0
93,58,171.094,0
93,64,201,10.3729
93,69,14.8661,0
93,72,59.7746,0
93,80,114.547,0
93,81,51.225,0
93,87,86.8217,0
93,98,56.3205,0
94,4,155.002,2.77973
94,5,163.377,0
94,14,41.1825,0
94,19,87.2812,0
94,20,177.102,0
94,22,153.838,0
94,23,219.943,18.8335
94,25,256.097,21.5462
94,36,145.784,0
94,42,172.63,0
94,43,135.823,0
94,51,23.3452,0
94,66,163.568,11.452
94,67,63.3246,0
94,68,90.0888,0
94,73,148.098,0
94,88,66.6108,0
95,3,46.6905,0
95,6,283.6,0.630197
95,7,223.673,19.1103
95,8,233.196,1.68909
95,9,166.558,12.2201
95,10,279.808,7.98806
95,34,125.228,0.535083
95,40,328.459,0.524684
95,49,336.836,4.16031
95,55,85.1587,0
95,63,260,7.83453
95,64,23.3238,0
95,69,205.374,13.111
95,75,278.29,1.58678
95,76,274.158,8.64445
95,78,238.983,20.3074
95,80,186.549,8.04619
95,90,286.918,5.10893
95,91,93.6803,0
95,92,237.373,20.1917
96,4,66.0984,0
96,15,57.7062,0
96,23,152.826,13.0718
96,25,181.999,14.6318
96,26,78.6507,5.56116
96,36,92.4959,5.3873
96,42,41.5933,0
96,45,119.854,0
96,47,97.0979,0
96,54,215.092,16.3512
96,59,147.258,0
96,60,210.189,14.9137
96,66,99.3095,6.27395
96,71,256.685,17.518
96,73,146.387,9.85885
96,74,40.7185,0
96,77,95.2685,7.52003
96,82,97.0824,0
96,84,131.279,0.994061
96,88,163.377,0
96,89,113.455,0
96,97,82.7647,0
97,4,151.786,1.57964
97,15,25.2982,0
97,17,210.162,16.9384
97,18,112.699,0
97,23,200.115,10.0114
97,26,52.0327,3.19669
97,36,173.411,6.86554
97,38,124.064,0
97,42,124.338,0
97,45,159.703,0
97,47,157.918,0
97,54,169.62,12.3415
97,56,213.032,18.2371
97,59,200.236,15.7841
97,60,117.107,0
97,66,191.035,10.7292
97,71,137.213,9.81745
97,74,58.0345,0
97,77,89.4566,7.6638
97,82,127.613,0
97,84,172.679,0
97,89,40.5216,0
97,96,82.7647,0
98,7,109.554,0
98,9,105.119,0
98,33,80.6598,0
98,41,22.0907,0
98,46,136.125,0
98,58,163.441,0
98,69,67.1193,0
98,72,24.0208,0
98,80,166.436,0
98,81,41.2311,0
98,87,79.511,0
98,93,56.3205,0
99,12,172.467,0
99,16,173.081,0
99,24,148.071,0
99,28,157.471,0
99,30,148.061,0
99,31,66.0681,0
99,35,89.8109,0
99,39,126.752,0
99,48,152.315,0
99,79,24.3311,0
99,83,86.0523,0
