0,7,227.372,0
0,25,157.293,0
0,46,172.003,0
0,55,299.982,16.5539
0,82,130.384,0
0,95,252.947,11.909
1,2,262.679,19.1038
1,6,128.987,9.4036
1,12,160.807,11.654
1,15,268.168,0
1,16,379.322,32.5335
1,17,463.965,31.6147
1,19,142.261,6.32272
1,21,130.142,0
1,24,129.244,0
1,31,184.694,0
1,47,270.573,0
1,50,191.128,0
1,52,217.484,16.6125
1,59,175.11,14.0721
1,62,189.283,0
1,63,181.049,6.13475
1,66,198.229,11.5117
1,67,171.075,13.2058
1,72,230.764,0
1,73,325.743,16.437
1,74,107.361,8.97997
1,77,179.339,15.2943
1,80,295.857,6.93714
1,84,194.752,5.45125
1,88,238.028,16.2354
1,91,282.023,18.8015
1,93,87.1149,0
1,97,349.997,28.1946
2,1,262.679,19.1038
2,6,148.116,4.92295
2,7,279.217,0
2,12,311.371,12.3011
2,55,272.086,7.21314
2,59,86.1607,3.7828
2,62,270.715,13.2022
2,66,80.0812,0
2,67,188.113,1.96793
2,74,161.47,8.69646
2,77,178.687,15.0525
2,84,181.106,2.89885
2,93,270.656,22.0135
3,11,436.568,0
3,26,288.078,4.72677
3,29,322.403,18.701
3,33,256.944,0
3,36,306.666,19.1848
3,38,384.171,29.0232
3,39,381.944,19.6813
3,41,464.053,18.3555
3,42,85.9069,0
3,56,217.544,9.90087
3,57,410.689,34.0016
3,71,203.578,0
3,79,269.455,1.64921
3,81,390.077,33.4225
3,89,533.606,17.6488
4,5,290.702,20.7877
4,13,255.259,14.7727
4,22,406.9,31.7065
4,28,258.502,16.0473
4,34,165.952,1.92744
4,45,346.486,22.6662
4,48,65.6214,4.4392
4,53,404.268,34.6626
4,54,325.721,2.42962
4,61,372.599,31.4821
4,68,120.684,8.5036
4,76,168.858,12.2844
4,85,523.917,13.896
4,87,182.176,0
4,90,227.392,10.2211
5,4,290.702,20.7877
5,10,267.076,17.7403
5,13,97.509,0
5,22,292.356,15.7504
5,28,106.342,8.66134
5,34,426.982,36.0335
5,37,276.705,9.83585
5,44,259.165,22.1229
5,45,112.041,9.24662
5,48,321.676,25.8601
5,49,320.05,26.707
5,53,228.907,11.4044
5,58,247.23,16.9241
5,60,288.022,18.6295
5,61,219.67,11.0644
5,64,318.325,22.117
5,65,296.715,21.3977
5,68,170.016,12.2801
5,69,291.976,20.596
5,70,253.183,18.6311
5,75,178.392,14.7278
5,76,129.393,10.0449
5,78,213.838,18.0318
5,86,359.605,30.4472
5,87,212.568,15.508
5,90,245.954,20.7544
5,92,298.606,20.2079
5,98,145.919,8.23135
6,1,128.987,9.4036
6,2,148.116,4.92295
6,12,187.555,0
6,19,249.34,16.7225
6,21,195.876,0.689633
6,24,190.032,0
6,31,200.998,0
6,50,260.216,0.695723
6,52,232.181,0
6,59,61.0737,0
6,62,243.238,16.0342
6,63,280.568,14.5539
6,66,115.953,0
6,67,159.012,9.29489
6,74,51.4444,0.597496
6,77,76.7182,5.42452
6,84,160.064,11.9465
6,88,352.037,27.9394
6,93,82.7345,0
7,0,227.372,0
7,2,279.217,0
7,9,536.352,7.54118
7,25,179.513,0
7,46,159.113,0
7,51,430.069,8.27811
7,55,91.8857,4.246
7,66,265.339,0
7,80,544.483,6.88933
7,82,211.287,0
7,95,184.293,12.6819
8,10,186.923,5.95111
8,14,129.595,3.77984
8,15,241.592,5.94576
8,18,71.5542,3.83326
8,20,337.146,27.3782
8,23,173.802,5.80522
8,30,154.292,3.788
8,35,140.148,11.9696
8,37,176.209,7.43066
8,47,219.046,3.93532
8,58,205.006,6.075
8,64,187.476,4.0362
8,65,209.57,4.13518
8,72,258.538,3.98449
8,94,199.977,16.5602
8,96,309.266,18.7499
9,7,536.352,7.54118
9,16,429.22,15.2934
9,17,323.114,14.2861
9,25,251.226,14.3224
9,27,206.918,2.44868
9,36,202.505,7.27405
9,38,223.874,1.62943
9,46,257.119,20.0012
9,51,106.668,0.507847
9,55,467.388,0
9,57,211.369,2.05048
9,62,349.71,23.233
9,67,479.004,23.5198
9,73,228.732,15.1682
9,79,306.751,16.0805
9,80,218.376,7.4263
9,81,136.286,1.59522
9,82,268.324,6.8851
9,83,79.1664,0.976077
9,95,351.71,0
10,5,267.076,17.7403
10,8,186.923,5.95111
10,13,283.701,16.5022
10,14,170.658,0
10,18,180.236,0
10,23,249.906,0
10,28,280.413,5.0328
10,30,167.631,0
10,35,226.991,0
10,37,48.2597,0
10,44,369.313,31.5436
10,45,177.992,0
10,47,226.035,0
10,50,289.903,1.3935
10,58,18.3848,0
10,60,180.854,0
10,64,119.754,0
10,65,120.603,0
10,69,249.61,0
10,72,259.017,0
10,75,239.456,19.0831
10,78,285.546,24.1533
10,94,275.089,0
10,98,118.903,0
11,3,436.568,0
11,26,391.077,31.7885
11,29,186.765,15.1014
11,33,176.087,11.1614
11,39,186.287,14.8979
11,41,306.073,25.7238
11,42,522.444,0
11,43,442.773,22.3852
11,56,246.173,20.5577
11,71,265.217,0
11,79,497.972,26.1236
11,89,372.293,31.8431
12,1,160.807,11.654
12,2,311.371,12.3011
12,6,187.555,0
12,16,217.78,16.4731
12,17,273.773,14.4937
12,19,151.847,8.17819
12,21,200.878,0
12,24,207.425,0
12,44,325.663,19.0936
12,50,239.077,0.991879
12,52,44.643,0
12,59,218.186,0
12,62,143.108,10.8296
12,63,211.708,17.4539
12,66,228.346,7.21492
12,67,141.851,10.6885
12,72,302.002,7.55249
12,73,265.318,21.8777
12,74,150.748,0
12,77,275.788,11.9281
12,80,259.588,22.0396
12,88,158.999,12.9611
12,91,202.598,16.7823
12,93,251.059,14.2199
12,97,202.015,15.5309
13,4,255.259,14.7727
13,5,97.509,0
13,10,283.701,16.5022
13,22,323.949,15.7908
13,28,171.463,14.6849
13,34,387.762,32.9565
13,37,280.532,5.17906
13,44,362.177,29.319
13,45,88.716,6.82047
13,48,233.585,5.83428
13,49,254.597,20.5197
13,53,297.815,21.001
13,58,264.151,15.7233
13,60,261.725,15.0579
13,61,265.308,14.5059
13,65,342.998,24.2987
13,68,124.68,0
13,69,233.142,11.1255
13,70,177.494,7.56239
13,75,282.592,17.2615
13,76,99.5304,0.512931
13,78,313.529,25.8328
13,86,268.107,19.6636
13,87,187.038,6.69373
13,90,152.315,8.02416
13,92,220.162,8.70847
13,98,142.662,4.49424
14,8,129.595,3.77984
14,10,170.658,0
14,15,135.07,0
14,18,64.6297,0
14,19,278.412,0
14,20,230.673,0
14,21,229.706,0
14,23,79.404,0
14,24,230.413,0
14,30,27.8568,0
14,31,252.606,0
14,32,275.078,0
14,35,82.7587,0
14,37,189.771,0
14,47,89.8443,0
14,50,192.074,7.41304
14,58,181.797,0
14,63,287.079,13.6268
14,64,92.1141,0
14,65,115.676,0
14,72,129.653,0
14,75,288.201,12.0521
14,78,297.576,17.6484
14,94,113.217,0
14,96,195.144,0
14,98,282.087,0.498375
15,1,268.168,0
15,8,241.592,5.94576
15,14,135.07,0
15,18,167.92,0
15,19,238.208,2.13494
15,20,148.519,0
15,21,162.981,3.88292
15,23,67.8012,0
15,24,164.983,7.21599
15,30,134.893,0
15,31,121.828,0
15,32,193.08,0
15,35,137.306,0
15,47,97.0155,0
15,50,153.504,6.72581
15,63,243.251,5.65471
15,64,198.426,0
15,65,215.037,0
15,72,99.8098,0
15,84,286.449,0
15,93,227.554,0
15,94,99.8499,0
15,96,74.3303,0
16,1,379.322,32.5335
16,9,429.22,15.2934
16,12,217.78,16.4731
16,17,107.703,0
16,19,364.744,29.9994
16,22,464.628,16.2107
16,36,452.12,34.6744
16,40,499.227,13.693
16,44,424.005,36.0411
16,51,505.631,15.1084
16,52,185.274,5.40383
16,53,369.69,31.6947
16,61,415.792,35.1788
16,62,249.538,17.5873
16,63,391.859,30.8317
16,67,326.447,24.303
16,73,164.997,11.7381
16,74,416.349,34.0154
16,80,229.961,19.4356
16,83,394.504,16.6903
16,88,256.22,21.1246
16,91,284.672,19.3651
16,97,207.72,13.0061
17,1,463.965,31.6147
17,9,323.114,14.2861
17,12,273.773,14.4937
17,16,107.703,0
17,19,460.619,30.7079
17,36,386.174,31.4168
17,51,411.033,9.73499
17,52,256.988,1.01164
17,62,192.639,16.1358
17,66,385.386,32.0568
17,67,277.586,23.6658
17,73,56.3505,3.41637
17,74,383.225,32.8744
17,79,450.604,34.3189
17,80,126.285,7.92155
17,81,433.587,36.0471
17,83,313.433,12.0576
17,88,342.623,26.2032
17,91,373.309,24.4773
17,97,317.266,14.1794
18,8,71.5542,3.83326
18,10,180.236,0
18,14,64.6297,0
18,15,167.92,0
18,20,219.21,0
18,21,287.503,0
18,23,100.419,0
18,24,286.833,0
18,30,91.9837,0
18,31,289.746,0
18,32,259.008,0
18,35,48.1664,0
18,37,182.538,0
18,47,150.96,0
18,50,254.65,7.93916
18,58,195.727,0
18,64,142.611,0
18,65,166.481,0
18,72,189.718,0
18,94,101.651,0
18,96,209.619,0
19,1,142.261,6.32272
19,6,249.34,16.7225
19,12,151.847,8.17819
19,14,278.412,0
19,15,238.208,2.13494
19,16,364.744,29.9994
19,17,460.619,30.7079
19,21,87.7208,0.664232
19,23,290.077,7.6582
19,24,98.2802,0.691828
19,30,253.86,0
19,31,214.08,0.611617
19,44,272.958,21.91
19,47,201.011,4.73848
19,50,105.304,0
19,52,202.995,17.3378
19,53,334.536,26.373
19,59,321.445,22.8321
19,62,266.731,10.7623
19,63,47.0147,2.90385
19,64,251.436,0
19,65,272.014,12.3101
19,66,307.771,8.65525
19,67,225.501,3.39273
19,72,170.605,7.19433
19,74,251.821,18.8866
19,75,359.13,29.4375
19,77,281.361,13.3856
19,78,296.56,23.5788
19,84,310.118,9.31389
19,88,133.488,11.3768
19,91,183.146,15.7079
19,93,182.099,0
19,96,291.283,1.79748
19,97,239.477,19.1034
20,8,337.146,27.3782
20,14,230.673,0
20,15,148.519,0
20,18,219.21,0
20,21,306.524,7.56494
20,23,155.901,0
20,24,297.56,7.44801
20,30,246.288,0
20,31,195.735,0
20,32,46.0652,0
20,35,171.058,0
20,47,237.76,0
20,50,300.869,7.0059
20,72,247.976,0
20,94,120.067,0
20,96,88.6397,0
21,1,130.142,0
21,6,195.876,0.689633
21,12,200.878,0
21,14,229.706,0
21,15,162.981,3.88292
21,18,287.503,0
21,19,87.7208,0.664232
21,20,306.524,7.56494
21,23,205.119,0
21,24,11.7047,0
21,30,210.202,0
21,31,143.246,6.06136
21,35,274.536,0
21,44,285.162,8.85496
21,47,140.46,0
21,50,64.6607,0
21,52,257.98,13.9142
21,59,260.895,2.67345
21,63,101.553,0
21,64,244.659,6.01472
21,65,267.957,14.7971
21,67,304.047,19.2306
21,72,100.623,0
21,74,241.044,13.3109
21,77,239.564,9.84168
21,78,330.496,23.7109
21,84,262.323,10.6574
21,88,225.797,16.5774
21,91,298.161,25.5658
21,93,136.894,0
21,94,250.88,0
21,96,218.748,7.52577
21,97,328.779,22.6481
22,4,406.9,31.7065
22,5,292.356,15.7504
22,13,323.949,15.7908
22,16,464.628,16.2107
22,28,185.763,5.22598
22,34,346.102,28.0895
22,40,194.223,16.4152
22,41,449.356,31.9733
22,44,182.566,6.70772
22,52,411.887,34.7955
22,53,98.4434,5.85973
22,54,341.43,28.3645
22,61,80.2571,5.00375
22,68,249.438,8.97198
22,75,244.873,5.89208
22,76,229.361,6.82093
22,78,272.798,20.9291
22,85,328.102,24.3728
22,87,244.108,20.5311
22,88,342.873,28.4857
22,89,365.728,28.6564
22,91,299.352,23.3696
22,97,241.707,20.0093
23,8,173.802,5.80522
23,10,249.906,0
23,14,79.404,0
23,15,67.8012,0
23,18,100.419,0
23,19,290.077,7.6582
23,20,155.901,0
23,21,205.119,0
23,24,203.812,0.994012
23,30,90.802,0
23,31,189.497,0
23,32,201.547,0
23,35,71.4703,0
23,37,266.271,0
23,47,94.3027,0
23,50,185.051,7.04435
23,58,261.199,0
23,63,276.962,6.98201
23,64,162.265,0
23,65,183.412,0
23,72,121.116,0
23,94,53,0
23,96,116.482,0
24,1,129.244,0
24,6,190.032,0
24,12,207.425,0
24,14,230.413,0
24,15,164.983,7.21599
24,18,286.833,0
24,19,98.2802,0.691828
24,20,297.56,7.44801
24,21,11.7047,0
24,23,203.812,0.994012
24,30,211.986,0
24,31,128.34,4.66861
24,35,271.958,0
24,44,297.519,9.32297
24,47,142.021,0
24,50,71.3442,0
24,52,265.504,13.7891
24,59,251.098,0
24,63,113.217,0
24,64,275.057,15.9343
24,65,249.376,4.77971
24,67,305.448,19.1295
24,72,102.626,0
24,74,241.691,14.1277
24,77,230.39,9.0835
24,78,340.839,23.9367
24,84,252.833,10.6761
24,88,233.408,15.9173
24,91,306.414,26.0572
24,93,128.891,0
24,94,258.213,5.71203
24,96,209.403,7.3464
24,97,336.298,21.856
25,0,157.293,0
25,7,179.513,0
25,9,251.226,14.3224
25,27,186.968,0
25,38,261.557,1.51439
25,46,26.0768,0
25,51,256.347,21.4147
25,55,260.253,22.2544
25,57,226.808,0
25,81,214.462,0
25,82,44.5533,0
25,83,276.284,0
25,95,129.618,9.97406
26,3,288.078,4.72677
26,11,391.077,31.7885
26,29,201.14,16.7617
26,33,311.108,0
26,36,205.934,17.3597
26,38,373.31,30.518
26,39,255.175,18.9943
26,40,411.401,13.3315
26,41,286.566,0
26,42,313.847,0
26,56,182.472,0
26,71,391.816,10.531
26,79,87.2402,2.16825
26,81,352.37,27.6619
26,83,314.075,26.7871
26,85,479.654,0
26,89,324.099,0
27,9,206.918,2.44868
27,25,186.968,0
27,36,228.389,8.51556
27,38,75.0068,0.493288
27,42,372.11,31.6774
27,46,219.758,9.72513
27,51,226.766,11.5831
27,57,45.1146,1.39641
27,81,127.376,10.7352
27,82,186.269,0
27,83,232.559,12.1393
27,95,273.591,12.6028
28,4,258.502,16.0473
28,5,106.342,8.66134
28,10,280.413,5.0328
28,13,171.463,14.6849
28,22,185.763,5.22598
28,34,375.902,31.0392
28,44,131.735,0
28,45,193.824,14.8768
28,48,276.167,12.5046
28,53,124.403,0
28,58,255.617,1.70348
28,61,113.088,0
28,64,322.749,19.8602
28,65,293.862,17.7613
28,68,131.244,0
28,70,348.955,25.9578
28,75,114.868,4.19519
28,76,93.086,0
28,78,144.183,7.45688
28,87,149.257,6.63366
28,88,297.692,5.91094
28,90,237.428,0
28,91,289.452,15.9077
28,97,296.841,12.5952
28,98,242.973,17.7182
29,3,322.403,18.701
29,11,186.765,15.1014
29,26,201.14,16.7617
29,33,146,8.11905
29,36,448.169,29.9573
29,39,53.0078,2.93848
29,40,387.456,21.6283
29,41,128.907,11.0573
29,42,397.589,17.576
29,43,324.894,22.922
29,56,117.699,7.05734
29,71,317.439,10.6873
29,79,288.576,19.8496
29,85,281.193,23.6247
29,89,214.928,15.7759
30,8,154.292,3.788
30,10,167.631,0
30,14,27.8568,0
30,15,134.893,0
30,18,91.9837,0
30,19,253.86,0
30,20,246.288,0
30,21,210.202,0
30,23,90.802,0
30,24,211.986,0
30,31,246.272,0
30,35,109.018,0
30,37,193.352,0
30,44,310.055,16.9412
30,47,69.9714,0
30,50,168.802,7.05556
30,58,176.324,0
30,63,257.039,11.917
30,64,71.7844,0
30,65,93.9415,0
30,72,109.59,0
30,75,266.816,12.3908
30,78,275.88,18.329
30,94,132.883,0
30,96,201.487,0
30,98,293.719,10.1318
31,1,184.694,0
31,6,200.998,0
31,14,252.606,0
31,15,121.828,0
31,18,289.746,0
31,19,214.08,0.611617
31,20,195.735,0
31,21,143.246,6.06136
31,23,189.497,0
31,24,128.34,4.66861
31,30,246.272,0
31,32,225.198,0
31,35,257.109,0
31,47,187.387,0
31,50,174.143,3.83121
31,59,275.54,9.87757
31,63,245.73,6.80426
31,72,162.788,0
31,74,255.178,6.59796
31,77,183.576,0
31,84,164.757,0
31,93,118.343,0
31,94,211.981,0
31,96,113.442,0
32,14,275.078,0
32,15,193.08,0
32,18,259.008,0
32,20,46.0652,0
32,23,201.547,0
32,31,225.198,0
32,35,211.009,0
32,47,283.669,0
32,94,162.929,0
32,96,127.801,0
33,3,256.944,0
33,11,176.087,11.1614
33,26,311.108,0
33,29,146,8.11905
33,36,445.328,28.5523
33,39,213.026,0
33,41,276.879,20.9739
33,42,338.999,0
33,43,441.678,30.3101
33,56,130,0
33,71,174.929,0
33,79,330.662,12.2648
33,85,428.141,33.5092
33,89,360.305,23.4531
34,4,165.952,1.92744
34,5,426.982,36.0335
34,13,387.762,32.9565
34,22,346.102,28.0895
34,28,375.902,31.0392
34,40,370.109,28.4601
34,43,395.388,14.7885
34,48,224.089,14.4164
34,53,361.062,29.6506
34,54,168.962,0
34,61,329.831,27.976
34,68,263.138,18.1166
34,76,297.569,22.8714
34,85,391.883,0
34,87,227.167,3.73551
34,89,525.149,9.65559
34,90,385.002,32.1651
35,8,140.148,11.9696
35,10,226.991,0
35,14,82.7587,0
35,15,137.306,0
35,18,48.1664,0
35,20,171.058,0
35,21,274.536,0
35,23,71.4703,0
35,24,271.958,0
35,30,109.018,0
35,31,257.109,0
35,32,211.009,0
35,37,230.703,0
35,47,149.255,0
35,50,248.01,7.04377
35,58,241.853,0
35,64,173.511,0
35,65,197.434,0
35,72,183.698,0
35,94,55.0364,0
35,96,167.2,0
36,3,306.666,19.1848
36,9,202.505,7.27405
36,16,452.12,34.6744
36,17,386.174,31.4168
36,26,205.934,17.3597
36,27,228.389,8.51556
36,29,448.169,29.9573
36,33,445.328,28.5523
36,38,172.707,5.41188
36,41,482.441,27.3949
36,42,222.436,18.9527
36,51,252.414,8.89922
36,56,367.593,20.3646
36,57,189.89,5.50316
36,71,499.822,22.6643
36,73,345.98,29.6473
36,79,130.002,11.0745
36,80,396.216,33.4897
36,81,170.233,12.6189
36,83,123.468,4.24264
36,89,508.213,26.528
37,5,276.705,9.83585
37,8,176.209,7.43066
37,10,48.2597,0
37,13,280.532,5.17906
37,14,189.771,0
37,18,182.538,0
37,23,266.271,0
37,30,193.352,0
37,35,230.703,0
37,45,200.25,0
37,47,257.87,0
37,58,61.5224,0
37,60,158.142,0
37,64,158.6,0
37,65,163.768,0
37,69,235.228,0
37,75,266.202,14.6969
37,78,343.165,28.5118
37,94,282.986,0
37,98,137.437,0
38,3,384.171,29.0232
38,9,223.874,1.62943
38,25,261.557,1.51439
38,26,373.31,30.518
38,27,75.0068,0.493288
38,36,172.707,5.41188
38,42,301.481,24.69
38,46,303.598,15.806
38,51,240.913,2.48139
38,57,32.0624,0
38,79,289.951,20.0164
38,81,87.6584,0
38,82,260.156,0
38,83,195.655,0
39,3,381.944,19.6813
39,11,186.287,14.8979
39,26,255.175,18.9943
39,29,53.0078,2.93848
39,33,213.026,0
39,40,370.763,21.1109
39,41,119.956,10.2603
39,42,464.691,15.9329
39,43,271.272,19.9673
39,54,458.339,32.2045
39,56,170.705,10.0041
39,71,387.324,0
39,79,326.629,23.7312
39,85,263.172,21.0048
39,89,198.439,14.9233
40,16,499.227,13.693
40,22,194.223,16.4152
40,26,411.401,13.3315
40,29,387.456,21.6283
40,34,370.109,28.4601
40,39,370.763,21.1109
40,41,256.555,3.59998
40,43,387.026,18.6623
40,53,291.088,23.0811
40,54,403.644,10.4055
40,56,454.362,21.9408
40,61,262.882,19.6242
40,79,482.211,14.4963
40,85,154.096,7.85589
40,87,323.245,23.8063
40,89,173.039,3.52825
40,97,419.55,21.132
41,3,464.053,18.3555
41,11,306.073,25.7238
41,22,449.356,31.9733
41,26,286.566,0
41,29,128.907,11.0573
41,33,276.879,20.9739
41,36,482.441,27.3949
41,39,119.956,10.2603
41,40,256.555,3.59998
41,42,500.971,22.7254
41,43,286.687,17.19
41,54,477.607,4.25064
41,56,234.692,13.3956
41,71,451.86,24.8813
41,79,371.826,3.10709
41,85,211.896,0
41,89,83.5703,0
42,3,85.9069,0
42,11,522.444,0
42,26,313.847,0
42,27,372.11,31.6774
42,29,397.589,17.576
42,33,338.999,0
42,36,222.436,18.9527
42,38,301.481,24.69
42,39,464.691,15.9329
42,41,500.971,22.7254
42,56,282.655,9.53707
42,57,329.223,28.1879
42,71,284.703,0
42,79,261.345,0.997379
42,81,301.144,22.9754
42,83,327.044,23.6609
43,11,442.773,22.3852
43,29,324.894,22.922
43,33,441.678,30.3101
43,34,395.388,14.7885
43,39,271.272,19.9673
43,40,387.026,18.6623
43,41,286.687,17.19
43,54,222.407,14.3445
43,56,442.655,29.9317
43,85,240.62,8.45254
43,89,338.769,2.9186
44,5,259.165,22.1229
44,10,369.313,31.5436
44,12,325.663,19.0936
44,13,362.177,29.319
44,16,424.005,36.0411
44,19,272.958,21.91
44,21,285.162,8.85496
44,22,182.566,6.70772
44,24,297.519,9.32297
44,28,131.735,0
44,30,310.055,16.9412
44,45,299.695,22.7508
44,47,273.239,8.6334
44,50,258.041,14.2274
44,52,301.922,18.8399
44,53,83.8689,0
44,58,369.011,31.4675
44,61,110.114,0
44,63,229.371,18.87
44,64,261.09,18.513
44,65,235.083,17.0704
44,68,259.409,0
44,72,301.844,21.1332
44,75,125.035,10.4196
44,76,223.43,0
44,78,89.0548,7.02186
44,87,260.074,6.6514
44,88,168.591,4.68062
44,91,164.434,12.621
44,97,205.532,14.6065
44,98,310.675,22.6015
45,4,346.486,22.6662
45,5,112.041,9.24662
45,10,177.992,0
45,13,88.716,6.82047
45,28,193.824,14.8768
45,37,200.25,0
45,44,299.695,22.7508
45,48,306.781,7.89439
45,49,226.512,14.34
45,53,324.884,22.0525
45,58,160.639,0
45,60,168.003,0
45,61,299.616,15.1877
45,64,256.002,3.40163
45,65,239.568,3.40246
45,68,223.29,12.378
45,69,203.409,12.9063
45,70,171.707,6.34687
45,75,176.266,10.5528
45,76,217.963,18.0333
45,78,232.98,15.1505
45,86,301.066,23.9745
45,87,307.04,24.4723
45,90,192.008,7.30692
45,92,261.374,19.4088
45,98,62.9682,0
46,0,172.003,0
46,7,159.113,0
46,9,257.119,20.0012
46,25,26.0768,0
46,27,219.758,9.72513
46,38,303.598,15.806
46,51,228.79,19.1758
46,55,245.915,19.0651
46,57,263.426,12.1496
46,80,462.819,28.6462
46,81,248.003,13.9676
46,82,70.1783,0
46,83,273.444,3.77652
46,95,103.569,8.75204
47,1,270.573,0
47,8,219.046,3.93532
47,10,226.035,0
47,14,89.8443,0
47,15,97.0155,0
47,18,150.96,0
47,19,201.011,4.73848
47,20,237.76,0
47,21,140.46,0
47,23,94.3027,0
47,24,142.021,0
47,30,69.9714,0
47,31,187.387,0
47,32,283.669,0
47,35,149.255,0
47,37,257.87,0
47,44,273.239,8.6334
47,50,103.694,6.86572
47,58,231.21,0
47,63,176.038,1.49941
47,64,110.386,0
47,65,122.642,0
47,72,39.9249,0
47,75,288.75,16.9019
47,78,269.078,17.0366
47,88,288.493,13.4182
47,91,318.413,19.2536
47,93,262.334,0.701386
47,94,147.275,0
47,96,171.292,0
48,4,65.6214,4.4392
48,5,321.676,25.8601
48,13,233.585,5.83428
48,28,276.167,12.5046
48,34,224.089,14.4164
48,45,306.781,7.89439
48,54,319.764,25.4232
48,68,172.347,14.6054
48,70,300.876,10.6414
48,76,220.554,18.9142
48,86,278.019,10.0554
48,87,192.724,16.4821
48,90,172.409,0
48,92,290.175,9.32362
49,5,320.05,26.707
49,13,254.597,20.5197
49,45,226.512,14.34
49,60,173.151,1.573
49,68,326.108,21.5976
49,69,91.8507,1.11869
49,70,69.9462,0.613165
49,76,321.75,20.8985
49,86,95.7406,7.83591
49,90,156.404,11.2638
49,92,62.7804,5.11334
49,98,235.096,9.46639
49,99,134.922,10.0014
50,1,191.128,0
50,6,260.216,0.695723
50,10,289.903,1.3935
50,12,239.077,0.991879
50,14,192.074,7.41304
50,15,153.504,6.72581
50,18,254.65,7.93916
50,19,105.304,0
50,20,300.869,7.0059
50,21,64.6607,0
50,23,185.051,7.04435
50,24,71.3442,0
50,30,168.802,7.05556
50,31,174.143,3.83121
50,35,248.01,7.04377
50,44,258.041,14.2274
50,47,103.694,6.86572
50,52,307.338,21.661
50,58,308.985,9.82671
50,63,96.1509,1.09141
50,64,167.705,0
50,65,203.246,13.7867
50,72,64.3323,5.2311
50,74,300.663,13.0809
50,75,282.086,13.6305
50,77,301.675,9.30407
50,78,251.171,14.3461
50,88,233.961,18.4565
50,91,304.212,25.4531
50,93,200.192,0
50,94,235.516,6.89767
50,96,215.412,5.56748
50,97,363.662,30.6927
51,7,430.069,8.27811
51,9,106.668,0.507847
51,16,505.631,15.1084
51,17,411.033,9.73499
51,25,256.347,21.4147
51,27,226.766,11.5831
51,36,252.414,8.89922
51,38,240.913,2.48139
51,46,228.79,19.1758
51,55,367.614,0
51,57,246.44,13.1001
51,62,364.062,23.3003
51,67,463.808,26.4181
51,73,308.423,12.7301
51,80,263.188,0
51,81,154.813,2.03395
51,82,276.667,22.6042
51,83,166.404,13.2259
51,95,244.008,0
52,1,217.484,16.6125
52,6,232.181,0
52,12,44.643,0
52,16,185.274,5.40383
52,17,256.988,1.01164
52,19,202.995,17.3378
52,21,257.98,13.9142
52,22,411.887,34.7955
52,24,265.504,13.7891
52,44,301.922,18.8399
52,50,307.338,21.661
52,53,327.343,24.9814
52,59,279.902,8.40639
52,61,373.837,30.3349
52,62,192.439,16.2378
52,63,227.104,19.3604
52,66,276.441,11.0157
52,67,174.489,10.7612
52,73,273.135,16.14
52,74,194.879,0
52,80,303.059,22.3847
52,88,102.577,0
52,91,138.593,5.72041
52,93,312.869,21.3639
52,97,177.968,14.912
53,4,404.268,34.6626
53,5,228.907,11.4044
53,13,297.815,21.001
53,16,369.69,31.6947
53,19,334.536,26.373
53,22,98.4434,5.85973
53,28,124.403,0
53,34,361.062,29.6506
53,40,291.088,23.0811
53,44,83.8689,0
53,45,324.884,22.0525
53,52,327.343,24.9814
53,61,32.3883,0
53,63,273.495,17.4479
53,65,338.791,24.9948
53,68,224.698,0
53,75,166.153,5.98561
53,76,196.736,0
53,78,174.501,14.3789
53,85,413.389,35.3941
53,87,212.286,8.27998
53,88,230.131,17.6034
53,91,165.576,8.78119
53,97,170.878,10.113
54,4,325.721,2.42962
54,22,341.43,28.3645
54,34,168.962,0
54,39,458.339,32.2045
54,40,403.644,10.4055
54,41,477.607,4.25064
54,43,222.407,14.3445
54,48,319.764,25.4232
54,68,426.86,22.622
54,76,469.14,26.2229
54,85,296.108,0
54,87,392.455,1.1542
54,89,448.486,0
55,0,299.982,16.5539
55,2,272.086,7.21314
55,7,91.8857,4.246
55,9,467.388,0
55,25,260.253,22.2544
55,46,245.915,19.0651
55,51,367.614,0
55,62,398.234,31.458
55,66,244.223,6.60512
55,67,345.9,28.163
55,73,522.938,22.7884
55,80,446.157,5.25499
55,82,287.337,23.4823
55,95,178.191,0
56,3,217.544,9.90087
56,11,246.173,20.5577
56,26,182.472,0
56,29,117.699,7.05734
56,33,130,0
56,36,367.593,20.3646
56,39,170.705,10.0041
56,40,454.362,21.9408
56,41,234.692,13.3956
56,42,282.655,9.53707
56,43,442.655,29.9317
56,71,260.987,2.53675
56,79,236.594,2.41208
56,85,439.332,17.77
56,89,314.763,12.4138
57,3,410.689,34.0016
57,9,211.369,2.05048
57,25,226.808,0
57,27,45.1146,1.39641
57,36,189.89,5.50316
57,38,32.0624,0
57,42,329.223,28.1879
57,46,263.426,12.1496
57,51,246.44,13.1001
57,79,310.411,19.7126
57,81,76.4199,0
57,82,228.107,0
57,83,193.662,0
57,95,320.254,18.2255
58,5,247.23,16.9241
58,8,205.006,6.075
58,10,18.3848,0
58,13,264.151,15.7233
58,14,181.797,0
58,18,195.727,0
58,23,261.199,0
58,28,255.617,1.70348
58,30,176.324,0
58,35,241.853,0
58,37,61.5224,0
58,44,369.011,31.4675
58,45,160.639,0
58,47,231.21,0
58,50,308.985,9.82671
58,60,176.709,0
58,64,122.332,0
58,65,119.52,0
58,69,241.456,0
58,70,282.299,0
58,72,262.458,0
58,75,213.041,16.0225
58,78,277,23.7563
58,94,288.694,0
58,98,102.84,0
59,1,175.11,14.0721
59,2,86.1607,3.7828
59,6,61.0737,0
59,12,218.186,0
59,19,321.445,22.8321
59,21,260.895,2.67345
59,24,251.098,0
59,31,275.54,9.87757
59,52,279.902,8.40639
59,62,254.558,19.7368
59,66,67.2681,0
59,67,139.66,2.19457
59,74,68.2642,0
59,77,80.4114,0
59,80,338.555,23.3398
59,84,143.265,0
59,93,139.423,0.532087
60,5,288.022,18.6295
60,10,180.854,0
60,13,261.725,15.0579
60,37,158.142,0
60,45,168.003,0
60,49,173.151,1.573
60,58,176.709,0
60,69,82.5651,0
60,70,162.828,0
60,75,309.97,9.09917
60,86,264.131,9.89475
60,90,260.2,2.03178
60,92,232.95,10.1861
60,98,132.853,0
60,99,231.05,0
61,4,372.599,31.4821
61,5,219.67,11.0644
61,13,265.308,14.5059
61,16,415.792,35.1788
61,22,80.2571,5.00375
61,28,113.088,0
61,34,329.831,27.976
61,40,262.882,19.6242
61,44,110.114,0
61,45,299.616,15.1877
61,52,373.837,30.3349
61,53,32.3883,0
61,63,305.805,17.9216
61,68,198.338,0
61,75,164.77,0
61,76,173.511,0
61,78,198.307,16.1415
61,85,408.487,32.9269
61,87,182.247,8.21771
61,88,254.753,16.65
61,91,193.972,8.15183
61,97,199.273,12.0191
62,1,189.283,0
62,2,270.715,13.2022
62,6,243.238,16.0342
62,9,349.71,23.233
62,12,143.108,10.8296
62,16,249.538,17.5873
62,17,192.639,16.1358
62,19,266.731,10.7623
62,51,364.062,23.3003
62,52,192.439,16.2378
62,55,398.234,31.458
62,59,254.558,19.7368
62,63,347.561,26.9947
62,66,191.695,12.583
62,67,89.5718,7.46432
62,73,112.614,0
62,74,191.253,14.2863
62,77,293.569,13.4686
62,80,107.894,6.56555
62,83,335.191,28.4236
62,88,281.838,19.987
62,91,323.133,24.7664
62,93,290.362,10.6591
62,95,493.414,20.6139
62,97,375.087,29.7169
63,1,181.049,6.13475
63,6,280.568,14.5539
63,12,211.708,17.4539
63,14,287.079,13.6268
63,15,243.251,5.65471
63,16,391.859,30.8317
63,19,47.0147,2.90385
63,21,101.553,0
63,23,276.962,6.98201
63,24,113.217,0
63,30,257.039,11.917
63,31,245.73,6.80426
63,44,229.371,18.87
63,47,176.038,1.49941
63,50,96.1509,1.09141
63,52,227.104,19.3604
63,53,273.495,17.4479
63,61,305.805,17.9216
63,62,347.561,26.9947
63,64,263.632,17.7228
63,65,237.419,11.9872
63,67,317.153,23.5692
63,72,156.969,7.0574
63,74,298.635,21.8451
63,75,323.242,27.6275
63,77,317.159,12.9378
63,78,239.851,18.2224
63,88,132.086,11.0969
63,91,199.586,10.2747
63,93,222.535,2.92369
63,97,238.101,20.0664
64,5,318.325,22.117
64,8,187.476,4.0362
64,10,119.754,0
64,14,92.1141,0
64,15,198.426,0
64,18,142.611,0
64,19,251.436,0
64,21,244.659,6.01472
64,23,162.265,0
64,24,275.057,15.9343
64,28,322.749,19.8602
64,30,71.7844,0
64,35,173.511,0
64,37,158.6,0
64,44,261.09,18.513
64,45,256.002,3.40163
64,47,110.386,0
64,50,167.705,0
64,58,122.332,0
64,63,263.632,17.7228
64,65,24.0416,0
64,72,140.132,0
64,75,185.595,7.32249
64,78,198.445,12.8665
64,88,378.588,31.5209
64,91,331.297,19.9472
64,94,204.012,0
64,96,269.151,0
64,98,233.85,11.575
65,5,296.715,21.3977
65,8,209.57,4.13518
65,10,120.603,0
65,13,342.998,24.2987
65,14,115.676,0
65,15,215.037,0
65,18,166.481,0
65,19,272.014,12.3101
65,21,267.957,14.7971
65,23,183.412,0
65,24,249.376,4.77971
65,28,293.862,17.7613
65,30,93.9415,0
65,35,197.434,0
65,37,163.768,0
65,44,235.083,17.0704
65,45,239.568,3.40246
65,47,122.642,0
65,50,203.246,13.7867
65,53,338.791,24.9948
65,58,119.52,0
65,63,237.419,11.9872
65,64,24.0416,0
65,72,147.462,0
65,75,172.589,10.9752
65,78,174.116,12.2242
65,88,360.622,30.161
65,91,337.06,26.029
65,94,226.744,0
65,96,287.179,0
65,98,195.133,0
66,1,198.229,11.5117
66,2,80.0812,0
66,6,115.953,0
66,7,265.339,0
66,12,228.346,7.21492
66,17,385.386,32.0568
66,19,307.771,8.65525
66,52,276.441,11.0157
66,55,244.223,6.60512
66,59,67.2681,0
66,62,191.695,12.583
66,67,110.02,1.92487
66,73,268.412,0
66,74,90.6035,0
66,77,147.679,0
66,80,291.679,23.2196
66,84,209.404,0
66,93,198.479,0
67,1,171.075,13.2058
67,2,188.113,1.96793
67,6,159.012,9.29489
67,9,479.004,23.5198
67,12,141.851,10.6885
67,16,326.447,24.303
67,17,277.586,23.6658
67,19,225.501,3.39273
67,21,304.047,19.2306
67,24,305.448,19.1295
67,51,463.808,26.4181
67,52,174.489,10.7612
67,55,345.9,28.163
67,59,139.66,2.19457
67,62,89.5718,7.46432
67,63,317.153,23.5692
67,66,110.02,1.92487
67,73,201.789,9.75563
67,74,106.404,7.63567
67,77,206.935,5.17506
67,80,232.573,19.381
67,84,275.506,5.79685
67,88,272.591,16.1703
67,91,344.374,27.6321
67,93,257.001,19.4129
67,97,359.9,30.2328
68,4,120.684,8.5036
68,5,170.016,12.2801
68,13,124.68,0
68,22,249.438,8.97198
68,28,131.244,0
68,34,263.138,18.1166
68,44,259.409,0
68,45,223.29,12.378
68,48,172.347,14.6054
68,49,326.108,21.5976
68,53,224.698,0
68,54,426.86,22.622
68,61,198.338,0
68,70,251.463,4.8197
68,75,249.571,8.56778
68,76,39.8497,0
68,78,274.868,7.98985
68,86,291.807,14.5001
68,87,74.0678,5.46286
68,90,156.17,0
68,92,259.413,0.52511
68,98,316.554,23.1111
69,5,291.976,20.596
69,10,249.61,0
69,13,233.142,11.1255
69,37,235.228,0
69,45,203.409,12.9063
69,49,91.8507,1.11869
69,58,241.456,0
69,60,82.5651,0
69,70,91.214,0
69,86,186.527,10.2386
69,90,194.743,0
69,92,154.981,9.94123
69,98,166.604,0
69,99,153.769,0
70,5,253.183,18.6311
70,13,177.494,7.56239
70,28,348.955,25.9578
70,45,171.707,6.34687
70,48,300.876,10.6414
70,49,69.9462,0.613165
70,58,282.299,0
70,60,162.828,0
70,68,251.463,4.8197
70,69,91.214,0
70,76,240.967,2.04086
70,86,103.341,6.84232
70,90,130.229,9.47233
70,92,74.2944,6.13144
70,98,222.459,14.7349
70,99,204.282,17.5235
71,3,203.578,0
71,11,265.217,0
71,26,391.816,10.531
71,29,317.439,10.6873
71,33,174.929,0
71,36,499.822,22.6643
71,39,387.324,0
71,41,451.86,24.8813
71,42,284.703,0
71,56,260.987,2.53675
71,79,428.421,0.655066
72,1,230.764,0
72,8,258.538,3.98449
72,10,259.017,0
72,12,302.002,7.55249
72,14,129.653,0
72,15,99.8098,0
72,18,189.718,0
72,19,170.605,7.19433
72,20,247.976,0
72,21,100.623,0
72,23,121.116,0
72,24,102.626,0
72,30,109.59,0
72,31,162.788,0
72,35,183.698,0
72,44,301.844,21.1332
72,47,39.9249,0
72,50,64.3323,5.2311
72,58,262.458,0
72,63,156.969,7.0574
72,64,140.132,0
72,65,147.462,0
72,75,299.666,17.9744
72,78,266.368,15.5703
72,88,286.768,21.6498
72,91,350.519,30.064
72,93,257.876,14.1577
72,94,173.078,0
72,96,171.432,0
73,1,325.743,16.437
73,9,228.732,15.1682
73,12,265.318,21.8777
73,16,164.997,11.7381
73,17,56.3505,3.41637
73,36,345.98,29.6473
73,51,308.423,12.7301
73,52,273.135,16.14
73,55,522.938,22.7884
73,62,112.614,0
73,66,268.412,0
73,67,201.789,9.75563
73,74,288.376,10.8758
73,79,455.174,35.2269
73,80,70.0487,3.61496
73,81,339.038,28.0781
73,83,258.202,12.3214
73,88,391.618,31.5738
73,91,406.381,33.0141
73,95,462.835,27.5497
73,97,385.912,21.8153
74,1,107.361,8.97997
74,2,161.47,8.69646
74,6,51.4444,0.597496
74,12,150.748,0
74,16,416.349,34.0154
74,17,383.225,32.8744
74,19,251.821,18.8866
74,21,241.044,13.3109
74,24,241.691,14.1277
74,31,255.178,6.59796
74,50,300.663,13.0809
74,52,194.879,0
74,59,68.2642,0
74,62,191.253,14.2863
74,63,298.635,21.8451
74,66,90.6035,0
74,67,106.404,7.63567
74,73,288.376,10.8758
74,77,110.535,0
74,80,341.934,29.3325
74,84,198.614,9.30691
74,88,251.754,0
74,91,294.878,3.0063
74,93,135.427,5.06147
75,5,178.392,14.7278
75,10,239.456,19.0831
75,13,282.592,17.2615
75,14,288.201,12.0521
75,19,359.13,29.4375
75,22,244.873,5.89208
75,28,114.868,4.19519
75,30,266.816,12.3908
75,37,266.202,14.6969
75,44,125.035,10.4196
75,45,176.266,10.5528
75,47,288.75,16.9019
75,50,282.086,13.6305
75,53,166.153,5.98561
75,58,213.041,16.0225
75,60,309.97,9.09917
75,61,164.77,0
75,63,323.242,27.6275
75,64,185.595,7.32249
75,65,172.589,10.9752
75,68,249.571,8.56778
75,72,299.666,17.9744
75,76,208.689,7.9745
75,78,56.7614,4.42296
75,87,265.275,11.3024
75,88,301.222,21.983
75,91,291.619,24.1243
75,97,331.632,25.6332
75,98,185.526,11.3907
76,4,168.858,12.2844
76,5,129.393,10.0449
76,13,99.5304,0.512931
76,22,229.361,6.82093
76,28,93.086,0
76,34,297.569,22.8714
76,44,223.43,0
76,45,217.963,18.0333
76,48,220.554,18.9142
76,49,321.75,20.8985
76,53,196.736,0
76,54,469.14,26.2229
76,61,173.511,0
76,68,39.8497,0
76,70,240.967,2.04086
76,75,208.689,7.9745
76,78,235.8,7.86383
76,86,296.103,12.928
76,87,87.7429,5.59531
76,90,165.858,0
76,92,274.459,5.89451
76,98,282.108,21.4104
77,1,179.339,15.2943
77,2,178.687,15.0525
77,6,76.7182,5.42452
77,12,275.788,11.9281
77,19,281.361,13.3856
77,21,239.564,9.84168
77,24,230.39,9.0835
77,31,183.576,0
77,50,301.675,9.30407
77,59,80.4114,0
77,62,293.569,13.4686
77,63,317.159,12.9378
77,66,147.679,0
77,67,206.935,5.17506
77,74,110.535,0
77,84,67.4759,0
77,93,89.5759,3.43552
78,5,213.838,18.0318
78,10,285.546,24.1533
78,13,313.529,25.8328
78,14,297.576,17.6484
78,19,296.56,23.5788
78,21,330.496,23.7109
78,22,272.798,20.9291
78,24,340.839,23.9367
78,28,144.183,7.45688
78,30,275.88,18.329
78,37,343.165,28.5118
78,44,89.0548,7.02186
78,45,232.98,15.1505
78,47,269.078,17.0366
78,50,251.171,14.3461
78,53,174.501,14.3789
78,58,277,23.7563
78,61,198.307,16.1415
78,63,239.851,18.2224
78,64,198.445,12.8665
78,65,174.116,12.2242
78,68,274.868,7.98985
78,72,266.368,15.5703
78,75,56.7614,4.42296
78,76,235.8,7.86383
78,87,290.489,14.3802
78,88,241.332,16.5674
78,91,235.434,19.553
78,97,287.146,22.9471
78,98,207.908,3.87907
79,3,269.455,1.64921
79,9,306.751,16.0805
79,11,497.972,26.1236
79,17,450.604,34.3189
79,26,87.2402,2.16825
79,29,288.576,19.8496
79,33,330.662,12.2648
79,36,130.002,11.0745
79,38,289.951,20.0164
79,39,326.629,23.7312
79,40,482.211,14.4963
79,41,371.826,3.10709
79,42,261.345,0.997379
79,56,236.594,2.41208
79,57,310.411,19.7126
79,71,428.421,0.655066
79,73,455.174,35.2269
79,81,281.287,19.7642
79,83,224.935,13.4812
79,85,550.483,7.88455
79,89,394.827,7.773
80,1,295.857,6.93714
80,7,544.483,6.88933
80,9,218.376,7.4263
80,12,259.588,22.0396
80,16,229.961,19.4356
80,17,126.285,7.92155
80,36,396.216,33.4897
80,46,462.819,28.6462
80,51,263.188,0
80,52,303.059,22.3847
80,55,446.157,5.25499
80,59,338.555,23.3398
80,62,107.894,6.56555
80,66,291.679,23.2196
80,67,232.573,19.381
80,73,70.0487,3.61496
80,74,341.934,29.3325
80,81,314.12,23.875
80,83,239.849,19.7458
80,88,423.798,36.0196
80,95,418.408,5.71359
80,97,424.518,33.6719
81,3,390.077,33.4225
81,9,136.286,1.59522
81,17,433.587,36.0471
81,25,214.462,0
81,26,352.37,27.6619
81,27,127.376,10.7352
81,36,170.233,12.6189
81,38,87.6584,0
81,42,301.144,22.9754
81,46,248.003,13.9676
81,51,154.813,2.03395
81,57,76.4199,0
81,73,339.038,28.0781
81,79,281.287,19.7642
81,80,314.12,23.875
81,82,230.567,0
81,83,119.436,0
81,95,326.902,27.9475
82,0,130.384,0
82,7,211.287,0
82,9,268.324,6.8851
82,25,44.5533,0
82,27,186.269,0
82,38,260.156,0
82,46,70.1783,0
82,51,276.667,22.6042
82,55,287.337,23.4823
82,57,228.107,0
82,81,230.567,0
82,95,171.036,10.3618
83,9,79.1664,0.976077
83,16,394.504,16.6903
83,17,313.433,12.0576
83,25,276.284,0
83,26,314.075,26.7871
83,27,232.559,12.1393
83,36,123.468,4.24264
83,38,195.655,0
83,42,327.044,23.6609
83,46,273.444,3.77652
83,51,166.404,13.2259
83,57,193.662,0
83,62,335.191,28.4236
83,73,258.202,12.3214
83,79,224.935,13.4812
83,80,239.849,19.7458
83,81,119.436,0
83,95,364.69,31.0512
84,1,194.752,5.45125
84,2,181.106,2.89885
84,6,160.064,11.9465
84,15,286.449,0
84,19,310.118,9.31389
84,21,262.323,10.6574
84,24,252.833,10.6761
84,31,164.757,0
84,59,143.265,0
84,66,209.404,0
84,67,275.506,5.79685
84,74,198.614,9.30691
84,77,67.4759,0
84,93,129.022,8.45978
84,96,261.859,0
85,4,523.917,13.896
85,22,328.102,24.3728
85,26,479.654,0
85,29,281.193,23.6247
85,33,428.141,33.5092
85,34,391.883,0
85,39,263.172,21.0048
85,40,154.096,7.85589
85,41,211.896,0
85,43,240.62,8.45254
85,53,413.389,35.3941
85,54,296.108,0
85,56,439.332,17.77
85,61,408.487,32.9269
85,79,550.483,7.88455
85,87,431.62,29.6786
85,89,155.602,0
86,5,359.605,30.4472
86,13,268.107,19.6636
86,45,301.066,23.9745
86,48,278.019,10.0554
86,49,95.7406,7.83591
86,60,264.131,9.89475
86,68,291.807,14.5001
86,69,186.527,10.2386
86,70,103.341,6.84232
86,76,296.103,12.928
86,90,133.935,10.9087
86,92,32.311,0
86,98,317.974,19.8245
86,99,149.266,11.6447
87,4,182.176,0
87,5,212.568,15.508
87,13,187.038,6.69373
87,22,244.108,20.5311
87,28,149.257,6.63366
87,34,227.167,3.73551
87,40,323.245,23.8063
87,44,260.074,6.6514
87,45,307.04,24.4723
87,48,192.724,16.4821
87,53,212.286,8.27998
87,54,392.455,1.1542
87,61,182.247,8.21771
87,68,74.0678,5.46286
87,75,265.275,11.3024
87,76,87.7429,5.59531
87,78,290.489,14.3802
87,85,431.62,29.6786
87,90,235.466,9.24391
88,1,238.028,16.2354
88,6,352.037,27.9394
88,12,158.999,12.9611
88,16,256.22,21.1246
88,17,342.623,26.2032
88,19,133.488,11.3768
88,21,225.797,16.5774
88,22,342.873,28.4857
88,24,233.408,15.9173
88,28,297.692,5.91094
88,44,168.591,4.68062
88,47,288.493,13.4182
88,50,233.961,18.4565
88,52,102.577,0
88,53,230.131,17.6034
88,61,254.753,16.65
88,62,281.838,19.987
88,63,132.086,11.0969
88,64,378.588,31.5209
88,65,360.622,30.161
88,67,272.591,16.1703
88,72,286.768,21.6498
88,73,391.618,31.5738
88,74,251.754,0
88,75,301.222,21.983
88,78,241.332,16.5674
88,80,423.798,36.0196
88,91,44,2.52632
88,93,269.007,0
88,97,104.226,6.2662
89,3,533.606,17.6488
89,11,372.293,31.8431
89,22,365.728,28.6564
89,26,324.099,0
89,29,214.928,15.7759
89,33,360.305,23.4531
89,34,525.149,9.65559
89,36,508.213,26.528
89,39,198.439,14.9233
89,40,173.039,3.52825
89,41,83.5703,0
89,43,338.769,2.9186
89,54,448.486,0
89,56,314.763,12.4138
89,79,394.827,7.773
89,85,155.602,0
90,4,227.392,10.2211
90,5,245.954,20.7544
90,13,152.315,8.02416
90,28,237.428,0
90,34,385.002,32.1651
90,45,192.008,7.30692
90,48,172.409,0
90,49,156.404,11.2638
90,60,260.2,2.03178
90,68,156.17,0
90,69,194.743,0
90,70,130.229,9.47233
90,76,165.858,0
90,86,133.935,10.9087
90,87,235.466,9.24391
90,92,104.393,0
90,98,229.264,0
90,99,278.951,22.481
91,1,282.023,18.8015
91,12,202.598,16.7823
91,16,284.672,19.3651
91,17,373.309,24.4773
91,19,183.146,15.7079
91,21,298.161,25.5658
91,22,299.352,23.3696
91,24,306.414,26.0572
91,28,289.452,15.9077
91,44,164.434,12.621
91,47,318.413,19.2536
91,50,304.212,25.4531
91,52,138.593,5.72041
91,53,165.576,8.78119
91,61,193.972,8.15183
91,62,323.133,24.7664
91,63,199.586,10.2747
91,64,331.297,19.9472
91,65,337.06,26.029
91,67,344.374,27.6321
91,72,350.519,30.064
91,73,406.381,33.0141
91,74,294.878,3.0063
91,75,291.619,24.1243
91,78,235.434,19.553
91,88,44,2.52632
91,97,99.5157,8.3363
92,5,298.606,20.2079
92,13,220.162,8.70847
92,45,261.374,19.4088
92,48,290.175,9.32362
92,49,62.7804,5.11334
92,60,232.95,10.1861
92,68,259.413,0.52511
92,69,154.981,9.94123
92,70,74.2944,6.13144
92,76,274.459,5.89451
92,86,32.311,0
92,90,104.393,0
92,98,299.558,22.0093
92,99,129.353,7.55316
93,1,87.1149,0
93,2,270.656,22.0135
93,6,82.7345,0
93,12,251.059,14.2199
93,15,227.554,0
93,19,182.099,0
93,21,136.894,0
93,24,128.891,0
93,31,118.343,0
93,47,262.334,0.701386
93,50,200.192,0
93,52,312.869,21.3639
93,59,139.423,0.532087
93,62,290.362,10.6591
93,63,222.535,2.92369
93,66,198.479,0
93,67,257.001,19.4129
93,72,257.876,14.1577
93,74,135.427,5.06147
93,77,89.5759,3.43552
93,84,129.022,8.45978
93,88,269.007,0
93,96,231.78,0
94,8,199.977,16.5602
94,10,275.089,0
94,14,113.217,0
94,15,99.8499,0
94,18,101.651,0
94,20,120.067,0
94,21,250.88,0
94,23,53,0
94,24,258.213,5.71203
94,30,132.883,0
94,31,211.981,0
94,32,162.929,0
94,35,55.0364,0
94,37,282.986,0
94,47,147.275,0
94,50,235.516,6.89767
94,58,288.694,0
94,64,204.012,0
94,65,226.744,0
94,72,173.078,0
94,96,113.952,0
95,0,252.947,11.909
95,7,184.293,12.6819
95,9,351.71,0
95,25,129.618,9.97406
95,27,273.591,12.6028
95,46,103.569,8.75204
95,51,244.008,0
95,55,178.191,0
95,57,320.254,18.2255
95,62,493.414,20.6139
95,73,462.835,27.5497
95,80,418.408,5.71359
95,81,326.902,27.9475
95,82,171.036,10.3618
95,83,364.69,31.0512
96,8,309.266,18.7499
96,14,195.144,0
96,15,74.3303,0
96,18,209.619,0
96,19,291.283,1.79748
96,20,88.6397,0
96,21,218.748,7.52577
96,23,116.482,0
96,24,209.403,7.3464
96,30,201.487,0
96,31,113.442,0
96,32,127.801,0
96,35,167.2,0
96,47,171.292,0
96,50,215.412,5.56748
96,64,269.151,0
96,65,287.179,0
96,72,171.432,0
96,84,261.859,0
96,93,231.78,0
96,94,113.952,0
97,1,349.997,28.1946
97,12,202.015,15.5309
97,16,207.72,13.0061
97,17,317.266,14.1794
97,19,239.477,19.1034
97,21,328.779,22.6481
97,22,241.707,20.0093
97,24,336.298,21.856
97,28,296.841,12.5952
97,40,419.55,21.132
97,44,205.532,14.6065
97,50,363.662,30.6927
97,52,177.968,14.912
97,53,170.878,10.113
97,61,199.273,12.0191
97,62,375.087,29.7169
97,63,238.101,20.0664
97,67,359.9,30.2328
97,73,385.912,21.8153
97,75,331.632,25.6332
97,78,287.146,22.9471
97,80,424.518,33.6719
97,88,104.226,6.2662
97,91,99.5157,8.3363
98,5,145.919,8.23135
98,10,118.903,0
98,13,142.662,4.49424
98,14,282.087,0.498375
98,28,242.973,17.7182
98,30,293.719,10.1318
98,37,137.437,0
98,44,310.675,22.6015
98,45,62.9682,0
98,49,235.096,9.46639
98,58,102.84,0
98,60,132.853,0
98,64,233.85,11.575
98,65,195.133,0
98,68,316.554,23.1111
98,69,166.604,0
98,70,222.459,14.7349
98,75,185.526,11.3907
98,76,282.108,21.4104
98,78,207.908,3.87907
98,86,317.974,19.8245
98,90,229.264,0
98,92,299.558,22.0093
99,49,134.922,10.0014
99,60,231.05,0
99,69,153.769,0
99,70,204.282,17.5235
99,86,149.266,11.6447
99,90,278.951,22.481
99,92,129.353,7.55316
