0,3,200.01,0
0,11,161.227,0
0,32,157.892,0
0,33,180.272,0
0,68,182.937,0
0,92,170.062,0
0,98,113.846,0
1,2,199.7,0
1,11,206.652,0
1,12,128.825,0
1,14,184.024,0
1,15,127.883,0
1,16,140.293,0
1,31,198.655,0
1,32,180.546,0
1,33,156.605,0
1,34,167.296,0
1,35,166.355,0
1,41,130.392,0
1,42,73.2462,0
1,50,161.4,0
1,55,208.125,0
1,57,138.224,0
1,62,205.061,0
1,67,175.285,0
1,68,210.06,0
1,86,138.658,0
1,94,134.648,0
1,96,95.483,0
2,1,199.7,0
2,7,70.5762,0
2,10,209.459,0
2,14,95.5249,0
2,15,135.831,0
2,16,194.263,0
2,25,117.068,0
2,29,86.977,0
2,34,211.367,0
2,38,56.0446,0
2,40,112.361,0
2,42,126.59,0
2,43,65.9469,0
2,45,154.738,0
2,47,184.719,0
2,50,56.3028,0
2,55,44.0454,0
2,62,31.7805,0
2,63,45.8039,0
2,75,111.221,0
2,81,110.368,0
2,82,84.1487,0
2,84,154.548,0
2,86,155.081,0
3,0,200.01,0
3,11,104.202,0
3,32,157.613,0
3,33,202.608,0
3,39,82.9759,0
3,51,79.4796,0
3,67,113.772,0
3,68,84.5813,0
3,71,77.3369,0
3,92,56.0803,0
3,98,143.67,0
4,8,347.802,22.8622
4,9,184.053,15.0462
4,18,260.933,21.3932
4,21,251.522,21.5191
4,24,146.113,0
4,26,215.518,15.0034
4,37,138.924,0
4,53,92.8906,6.1329
4,59,76.0592,0
4,70,81.0247,0
4,76,99.7246,0
4,77,32.9848,0
4,78,30.2655,0
4,80,120.567,2.20557
4,83,241.853,18.4217
4,89,111.429,7.70613
4,90,89.9889,0
4,91,142.014,0
5,6,280.894,24.0155
5,8,150.333,0
5,17,101.39,0
5,18,232.215,0
5,19,276.149,14.0026
5,22,52.4976,0
5,23,50.3587,0
5,28,279.751,23.7594
5,30,285.508,13.5078
5,36,258.872,21.7674
5,46,70.4557,0
5,49,89.1964,0
5,52,303.538,22.5505
5,56,261.725,0
5,58,217.275,10.2928
5,60,230.398,18.2689
5,61,330.844,7.03131
5,64,132.443,6.33958
5,66,368.722,0
5,69,84.5931,0
5,72,250.654,20.106
5,73,264.33,7.31517
5,74,127.201,0
5,79,271.289,14.1455
5,83,298.632,11.3887
5,88,108.407,0
5,93,323.395,8.31103
5,95,204.353,0
5,97,325.062,10.0254
6,5,280.894,24.0155
6,19,115.948,0
6,20,175.034,0
6,22,239.06,17.503
6,23,276.165,22.4017
6,27,194.805,0
6,28,62.9365,0
6,31,100.305,0
6,35,195.021,0
6,36,90.6973,0
6,41,191.23,0
6,44,55.5788,0
6,52,104.077,0
6,56,240.301,12.7398
6,60,128.316,0
6,65,104.389,0
6,66,191.972,4.77123
6,72,84.0952,0
6,74,198.256,14.4535
6,79,109.481,0
6,85,184.7,0
6,94,167.287,0
6,95,182.828,1.96395
7,2,70.5762,0
7,10,176.324,0
7,14,128.351,0
7,15,201.636,0
7,25,110.941,0
7,26,232.437,11.0303
7,29,99.8098,0
7,38,15.6205,0
7,40,127.664,0
7,42,196.229,0
7,43,33.9706,0
7,45,113.071,0
7,47,125.706,0
7,50,113.159,0
7,55,70.6045,0
7,62,81.3449,0
7,63,73.2462,0
7,75,68.1836,0
7,81,86.1626,0
7,82,84.214,0
7,84,122.589,0
8,4,347.802,22.8622
8,5,150.333,0
8,9,354.381,11.131
8,13,365.952,9.99128
8,17,63.2456,0
8,18,84.4038,0
8,21,354.403,12.1702
8,22,195.028,0
8,23,167.141,0
8,24,294.388,25.2526
8,30,292.877,17.2685
8,37,237.315,18.215
8,46,129.321,0
8,49,152.434,0
8,53,293.735,17.3889
8,56,269.704,0
8,58,226.401,10.6981
8,59,351.35,19.7252
8,60,314.351,21.3697
8,61,285.025,8.31322
8,64,97.8939,6.44242
8,69,66,0
8,70,351.255,22.7237
8,73,328.668,18.1298
8,74,275.862,0
8,77,330.126,11.9772
8,78,329.392,24.9794
8,80,394.999,9.93989
8,83,215.407,0
8,88,85.0412,0
8,89,372.084,7.17729
8,93,353.747,21.8491
8,95,241.02,5.31868
9,4,184.053,15.0462
9,8,354.381,11.131
9,10,252.885,18.9212
9,18,312.168,16.9682
9,21,71.0211,0
9,26,178.345,8.30707
9,34,337.981,24.1117
9,53,100.915,8.18149
9,56,331.843,0
9,59,115.768,7.21374
9,61,224.08,0
9,63,352.13,20.5094
9,69,368.715,19.8556
9,70,89.8716,7.51983
9,77,164.155,14.0704
9,78,214.207,17.024
9,80,66.6701,1.78941
9,82,314.633,15.2582
9,83,140.927,8.73871
9,84,255.69,20.9001
9,86,299.56,25.6561
9,89,81.7554,5.73205
9,90,98.5359,8.40298
9,95,399.224,0
10,2,209.459,0
10,7,176.324,0
10,9,252.885,18.9212
10,21,244.057,20.6517
10,26,64.4655,2.09124
10,38,176.799,0
10,43,210.238,0
10,53,282.016,24.003
10,59,201.752,13.5939
10,62,188.311,0
10,63,167.705,0
10,70,187.963,11.5136
10,80,204.6,17.5348
10,82,128.445,0
10,84,55.4437,0
10,89,227.522,19.4015
10,90,168.642,9.85005
11,0,161.227,0
11,1,206.652,0
11,3,104.202,0
11,12,165.218,0
11,32,53.7401,0
11,33,98.4073,0
11,39,157.991,0
11,51,147.258,0
11,57,171.724,0
11,67,51.8652,0
11,68,28.6356,0
11,71,127.42,0.513723
11,92,48.2597,0
11,96,138.975,0
11,98,57.1402,0
12,1,128.825,0
12,11,165.218,0
12,14,209.086,0
12,32,114.39,0
12,33,69.2604,0
12,42,171.327,0
12,57,11.0454,0
12,67,169.118,0
12,68,185.421,0
12,96,48.8365,0
12,98,149.933,0
13,8,365.952,9.99128
13,17,355.149,6.95887
13,18,344.086,6.45412
13,23,376.759,11.0526
13,24,199.728,13.0879
13,30,176.252,8.18507
13,37,187.605,14.7668
13,46,360.587,3.97709
13,49,334.553,8.34236
13,58,187.449,10.1396
13,64,294.531,1.62983
13,69,393.78,7.01175
13,73,326.221,18.7032
13,88,328.638,7.92339
13,91,212.904,12.7264
13,93,332.181,0
13,99,225.134,9.81371
14,1,184.024,0
14,2,95.5249,0
14,7,128.351,0
14,12,209.086,0
14,15,186.271,0
14,25,63.5138,0
14,29,36.2215,0
14,38,122.874,0
14,40,31.6228,0
14,42,127.201,0
14,43,97.4064,0
14,45,141.465,4.59723
14,47,182.187,0
14,50,51.0392,0
14,55,60.4401,0
14,57,208.694,0
14,62,126.115,0
14,63,141.198,0
14,75,110.549,0
14,81,86.1278,0
14,82,178.219,0
14,86,208.598,0
15,1,127.883,0
15,2,135.831,0
15,7,201.636,0
15,14,186.271,0
15,16,58.8218,0
15,21,237.798,19.1598
15,29,201.556,0
15,31,200.644,0
15,34,79.712,0
15,35,97.7548,0
15,36,201.814,0
15,38,186.024,0
15,41,102.626,0
15,42,85.235,0
15,43,201.735,0
15,50,137.899,0
15,55,169.499,0
15,56,173.198,2.89553
15,60,181.135,0
15,61,192.285,14.9979
15,62,120.93,0
15,63,135.07,0
15,82,158.142,0
15,86,22.3607,0
15,94,139.556,0
15,95,231.219,14.7375
16,1,140.293,0
16,2,194.263,0
16,15,58.8218,0
16,21,262.281,22.4628
16,28,168.297,0
16,31,146.294,0
16,34,27.8927,0
16,35,39.3954,0
16,36,143.056,0
16,41,52.6118,0
16,42,127.016,0
16,44,203.096,0
16,50,195.151,0
16,56,131.497,2.53975
16,60,123.491,0
16,61,165.093,12.7874
16,62,177.234,0
16,63,189.251,0
16,72,154.509,0
16,82,206.671,0
16,86,39.6989,0
16,94,92.7793,0
16,95,165.757,8.3016
17,5,101.39,0
17,8,63.2456,0
17,13,355.149,6.95887
17,18,134.952,0
17,19,371.881,14.5172
17,22,138.232,0
17,23,106.733,0
17,30,243.265,16.6022
17,37,253.143,20.8015
17,46,66.242,0
17,49,89.3756,0
17,53,356.965,18.467
17,56,276.873,5.59137
17,58,180.211,10.0285
17,60,308.302,20.6517
17,61,342.362,0.501988
17,64,59.7707,4.51771
17,69,38.6264,0
17,72,328.678,24.9209
17,73,267.025,16.7786
17,74,220.227,0
17,77,383.315,15.0446
17,79,368.221,14.801
17,83,255.692,8.07896
17,88,28.2843,0
17,93,291.592,20.7926
17,95,254.951,0
17,97,405.532,0
18,4,260.933,21.3932
18,5,232.215,0
18,8,84.4038,0
18,9,312.168,16.9682
18,13,344.086,6.45412
18,17,134.952,0
18,21,376.175,0
18,22,273.057,0
18,23,241.338,0
18,24,229.881,19.609
18,30,330.437,10.9583
18,37,173.36,13.3221
18,46,197.909,0
18,49,200.218,6.42157
18,53,288.803,1.99554
18,56,311.486,7.16955
18,58,265.12,3.48319
18,59,343.702,5.27671
18,61,312.458,9.83535
18,64,103.141,8.73938
18,69,149.345,0
18,70,355.299,6.41766
18,74,354.954,0
18,76,251.464,21.5718
18,77,253.538,13.8365
18,78,249.771,20.9342
18,80,339.916,16.3063
18,83,206.194,0
18,88,143.795,0.517194
18,89,326.228,8.05123
18,90,371.524,12.8554
18,91,245.915,20.9292
18,95,313.908,4.97159
19,5,276.149,14.0026
19,6,115.948,0
19,17,371.881,14.5172
19,22,232.645,13.2008
19,23,248.022,17.3459
19,27,185.097,0
19,28,157.623,0
19,31,206.061,0
19,36,169.098,0
19,44,171.269,0
19,46,290.019,19.3346
19,49,284.113,18.6232
19,52,34.9285,0
19,54,165.324,0
19,58,366.274,20.3607
19,60,183.087,0
19,64,345.071,24.1882
19,66,80.1383,4.94972
19,69,360.713,14.8884
19,72,154.984,0
19,73,190.77,16.3252
19,74,150.701,11.0838
19,79,7.07107,0
19,85,124.812,0
19,87,190.263,0
19,88,345,20.4179
19,93,256.137,21.8157
19,95,248.064,19.0512
19,97,174.106,12.5818
20,6,175.034,0
20,27,138.311,0
20,39,154.013,0
20,44,169.859,0
20,51,161.251,0
20,52,209.831,0
20,65,153.681,0
20,71,178.539,0
20,85,205.273,0
21,4,251.522,21.5191
21,8,354.403,12.1702
21,9,71.0211,0
21,10,244.057,20.6517
21,15,237.798,19.1598
21,16,262.281,22.4628
21,18,376.175,0
21,26,199.406,10.2487
21,34,269.033,21.3978
21,35,292.267,24.2228
21,53,164.575,10.7695
21,56,284.176,0
21,59,184.544,8.92704
21,61,169.8,0
21,62,281.673,23.6688
21,63,278.9,22.3253
21,69,387.521,11.8997
21,70,162.509,12.4579
21,77,234.664,17.8569
21,78,283.519,24.3195
21,80,138.578,0
21,82,283.825,12.4758
21,83,170.88,0
21,84,282.222,16.2345
21,86,228.343,18.7737
21,89,146.959,8.50146
21,90,182.093,10.7546
21,95,356.931,0
22,5,52.4976,0
22,6,239.06,17.503
22,8,195.028,0
22,17,138.232,0
22,18,273.057,0
22,19,232.645,13.2008
22,23,37.5766,0
22,28,274.959,23.4731
22,30,270.821,10.4523
22,36,267.24,22.1168
22,46,83.5225,0
22,49,86.0233,0
22,52,264.019,20.5729
22,56,303.842,0
22,58,201.933,10.187
22,60,243.259,19.3528
22,61,394.588,0
22,64,145.305,7.1815
22,66,300.955,7.22504
22,69,131.575,0
22,72,253.808,20.2482
22,73,196.852,12.6962
22,74,82.0244,0
22,79,230.059,13.1312
22,83,350.836,11.7748
22,88,135.484,0
22,93,275.853,10.1965
22,95,239.641,0
22,97,274.798,9.1335
23,5,50.3587,0
23,6,276.165,22.4017
23,8,167.141,0
23,13,376.759,11.0526
23,17,106.733,0
23,18,241.338,0
23,19,248.022,17.3459
23,22,37.5766,0
23,28,312.303,25.8487
23,30,234.02,13.6461
23,36,299.319,23.8265
23,46,46.6905,0
23,49,49.5177,0
23,52,283.149,23.0554
23,56,312.032,0
23,58,183.514,6.47003
23,60,270.707,20.4513
23,61,378.206,7.45778
23,64,107.805,6.54303
23,66,318.202,9.55668
23,69,108.167,0
23,72,285.767,21.7666
23,73,217.654,6.91822
23,74,116.842,0
23,79,248.138,16.9961
23,83,336.741,11.0259
23,88,100.08,0
23,93,269.36,9.67966
23,95,254.071,0
23,97,308.765,0
24,4,146.113,0
24,8,294.388,25.2526
24,13,199.728,13.0879
24,18,229.881,19.609
24,37,57.6975,0
24,53,236.664,15.6332
24,64,302.939,25.8074
24,76,54.9181,0
24,77,153.639,0
24,78,117.085,0
24,91,16.2788,0
24,99,118.727,0
25,2,117.068,0
25,7,110.941,0
25,14,63.5138,0
25,29,35.3553,0
25,38,113.596,0
25,40,36.1386,0
25,42,188.175,0
25,43,77.5242,0
25,45,87.1002,6.62235
25,47,136.654,6.26593
25,50,99.985,0
25,55,73.2462,0
25,62,148.03,0
25,63,155.708,0
25,75,61.8466,0
25,81,32.311,0
25,82,184.694,0
26,4,215.518,15.0034
26,7,232.437,11.0303
26,9,178.345,8.30707
26,10,64.4655,2.09124
26,21,199.406,10.2487
26,38,229.538,11.3418
26,53,221.063,15.2856
26,59,158.48,13.5578
26,61,367.13,11.6193
26,62,307.99,23.8196
26,63,283.2,21.1915
26,70,152.041,12.8182
26,77,207.443,15.0053
26,78,245.79,15.6088
26,80,140.873,8.84429
26,82,238.951,13.7534
26,83,314.266,18.3254
26,84,111.587,8.36899
26,89,165.741,13.0241
26,90,120.03,10.1037
27,6,194.805,0
27,19,185.097,0
27,20,138.311,0
27,48,92.4175,0
27,52,151.648,0
27,54,158.685,0
27,66,202.952,5.4604
27,79,186.454,0
27,85,85.9826,0
27,87,171.304,0
28,5,279.751,23.7594
28,6,62.9365,0
28,16,168.297,0
28,19,157.623,0
28,22,274.959,23.4731
28,23,312.303,25.8487
28,31,49.8197,0
28,34,156.237,0
28,35,132.439,0
28,36,31.5753,0
28,41,129.321,0
28,44,52.9528,0
28,52,156.541,0
28,56,189.004,11.2502
28,60,75.06,0
28,65,99.1262,0
28,72,33.2415,0
28,74,188.169,8.96114
28,79,150.562,0
28,86,207.933,0
28,94,109.636,0
28,95,140.981,1.9822
29,2,86.977,0
29,7,99.8098,0
29,14,36.2215,0
29,15,201.556,0
29,25,35.3553,0
29,38,97.6217,0
29,40,28.4253,0
29,42,154.208,0
29,43,66.5733,0
29,45,97.9439,0
29,47,146.779,0
29,50,64.6607,0
29,55,43.4166,0
29,62,118.697,0
29,63,129.341,0
29,75,74.3303,0
29,81,50.6952,0
29,82,162.339,0
30,5,285.508,13.5078
30,8,292.877,17.2685
30,13,176.252,8.18507
30,17,243.265,16.6022
30,18,330.437,10.9583
30,22,270.821,10.4523
30,23,234.02,13.6461
30,37,324.946,24.6018
30,46,224.168,12.5288
30,49,206.764,10.1236
30,58,66.561,5.4477
30,64,194.08,11.0081
30,66,342.662,17.1123
30,69,290.568,14.3782
30,73,161.793,7.55119
30,74,302.79,10.881
30,88,214.969,15.6745
30,93,140.698,0
30,97,275.878,7.25956
31,1,198.655,0
31,6,100.305,0
31,15,200.644,0
31,16,146.294,0
31,19,206.061,0
31,28,49.8197,0
31,34,142.338,0
31,35,117.72,0
31,36,58.7282,0
31,41,98.2344,0
31,44,58.0517,0
31,52,201.804,0
31,56,204.207,11.1194
31,60,95.7706,0
31,65,76.0263,0
31,71,205.529,0
31,72,71.0282,0
31,79,199.04,0
31,86,185.219,0
31,94,67.9559,0
31,95,166.956,2.20797
32,0,157.892,0
32,1,180.546,0
32,3,157.613,0
32,11,53.7401,0
32,12,114.39,0
32,33,45.6508,0
32,39,209.124,0
32,51,197.709,0
32,57,119.854,0
32,67,81.4985,0
32,68,79.3221,0
32,71,175.046,0
32,92,101.533,0
32,96,97.1288,0
32,98,46.0977,0
33,0,180.272,0
33,1,156.605,0
33,3,202.608,0
33,11,98.4073,0
33,12,69.2604,0
33,32,45.6508,0
33,57,74.2496,0
33,67,114.061,0
33,68,121.655,0
33,92,146.605,0
33,96,63.0714,0
33,98,82.0549,0
34,1,167.296,0
34,2,211.367,0
34,9,337.981,24.1117
34,15,79.712,0
34,16,27.8927,0
34,21,269.033,21.3978
34,28,156.237,0
34,31,142.338,0
34,35,24.6982,0
34,36,128.222,0
34,41,61.9839,0
34,42,154.081,0
34,44,196.474,0
34,56,103.782,2.52943
34,60,102.215,0
34,61,139.61,11.3056
34,62,191.254,0
34,63,200.943,0
34,72,137.931,0
34,83,291.646,23.6394
34,86,57.7754,0
34,94,100.13,0
34,95,140.242,8.66201
35,1,166.355,0
35,6,195.021,0
35,15,97.7548,0
35,16,39.3954,0
35,21,292.267,24.2228
35,28,132.439,0
35,31,117.72,0
35,34,24.6982,0
35,36,105.38,0
35,41,45.607,0
35,42,163.991,0
35,44,171.814,0
35,56,106.137,2.32234
35,60,84.1546,0
35,61,151.213,11.0879
35,65,191.525,0
35,72,116.039,0
35,83,310.827,25.2358
35,86,77.201,0
35,94,79.6994,0
35,95,126.456,5.54069
36,5,258.872,21.7674
36,6,90.6973,0
36,15,201.814,0
36,16,143.056,0
36,19,169.098,0
36,22,267.24,22.1168
36,23,299.319,23.8265
36,28,31.5753,0
36,31,58.7282,0
36,34,128.222,0
36,35,105.38,0
36,41,110.386,0
36,44,83.0963,0
36,46,330.03,25.5792
36,52,173.971,0
36,56,158.225,10.7328
36,60,44.1022,0
36,61,225.486,16.261
36,65,124.423,0
36,69,304.491,24.9344
36,72,15.0333,0
36,74,181.209,8.72307
36,79,162.086,0
36,86,182.222,0
36,94,100.045,0
36,95,112.679,2.02436
37,4,138.924,0
37,8,237.315,18.215
37,13,187.605,14.7668
37,17,253.143,20.8015
37,18,173.36,13.3221
37,24,57.6975,0
37,30,324.946,24.6018
37,46,305.816,22.7917
37,49,274.117,23.5149
37,53,219.314,17.7844
37,58,313.749,15.6629
37,59,190.066,0
37,64,222.221,18.9429
37,69,293.936,20.7833
37,70,197.497,0
37,76,84.6463,0
37,77,133.522,0
37,78,116.516,0
37,83,304.526,19.1226
37,88,265.554,19.5434
37,89,271.024,23.1645
37,90,212.269,0
37,91,71.4703,0
37,99,170.532,0
38,2,56.0446,0
38,7,15.6205,0
38,10,176.799,0
38,14,122.874,0
38,15,186.024,0
38,25,113.596,0
38,26,229.538,11.3418
38,29,97.6217,0
38,40,125.992,0
38,42,182.39,0
38,43,36.6879,0
38,45,124.036,0
38,47,140.293,0
38,50,102.259,0
38,55,63.0635,0
38,62,65.7647,0
38,63,58.5918,0
38,75,78.3135,0
38,81,92.1954,0
38,82,74.2428,0
38,84,121.918,0
38,86,203.217,0
39,3,82.9759,0
39,11,157.991,0
39,20,154.013,0
39,32,209.124,0
39,44,205.3,0
39,51,13.0384,0
39,65,155.416,0
39,67,137.975,0
39,68,130.142,0
39,71,38.833,0
39,92,119.641,0
39,98,210.052,0
40,2,112.361,0
40,7,127.664,0
40,14,31.6228,0
40,25,36.1386,0
40,29,28.4253,0
40,38,125.992,0
40,42,158.808,0
40,43,94.0213,0
40,45,125.182,8.04592
40,47,169.669,5.19387
40,50,78.6448,0
40,55,70.2638,0
40,62,144.101,0
40,63,156.17,0
40,75,93.2148,0
40,81,65.0692,0
40,82,190.184,0
41,1,130.392,0
41,6,191.23,0
41,15,102.626,0
41,16,52.6118,0
41,28,129.321,0
41,31,98.2344,0
41,34,61.9839,0
41,35,45.607,0
41,36,110.386,0
41,42,145.399,0
41,44,156.205,0
41,56,157.248,5.41868
41,60,107.229,0
41,61,197.033,12.2932
41,65,163.982,0
41,72,124.326,0
41,86,88.7694,0
41,94,40.1995,0
41,95,160.73,3.68289
42,1,73.2462,0
42,2,126.59,0
42,7,196.229,0
42,12,171.327,0
42,14,127.201,0
42,15,85.235,0
42,16,127.016,0
42,25,188.175,0
42,29,154.208,0
42,34,154.081,0
42,35,163.991,0
42,38,182.39,0
42,40,158.808,0
42,41,145.399,0
42,43,182,0
42,50,93.1933,0
42,55,138.654,0
42,57,177.722,0
42,62,132.458,0
42,63,152.948,0
42,81,202.252,0
42,82,189.066,0
42,86,104.809,0
42,94,167.8,0
42,96,154.156,0
43,2,65.9469,0
43,7,33.9706,0
43,10,210.238,0
43,14,97.4064,0
43,15,201.735,0
43,25,77.5242,0
43,29,66.5733,0
43,38,36.6879,0
43,40,94.0213,0
43,42,182,0
43,45,92.0489,0
43,47,118.828,0
43,50,91.9837,0
43,55,45.3982,0
43,62,88.6397,0
43,63,88.459,0
43,75,46.6154,0
43,81,55.7315,0
43,82,110.318,0
43,84,156.237,0
44,6,55.5788,0
44,16,203.096,0
44,19,171.269,0
44,20,169.859,0
44,28,52.9528,0
44,31,58.0517,0
44,34,196.474,0
44,35,171.814,0
44,36,83.0963,0
44,39,205.3,0
44,41,156.205,0
44,51,200.684,0
44,52,159.05,0
44,60,127.193,0
44,65,52.6308,0
44,71,195.182,0
44,72,86.122,0
44,74,228.626,10.3592
44,79,164.685,0
44,94,124.964,0
44,95,193.925,1.99741
45,2,154.738,0
45,7,113.071,0
45,14,141.465,4.59723
45,25,87.1002,6.62235
45,29,97.9439,0
45,38,124.036,0
45,40,125.182,8.04592
45,43,92.0489,0
45,47,78.0516,6.69533
45,50,158.55,0
45,55,118.406,0
45,62,180.361,0
45,63,180.205,0
45,75,45.8912,0
45,81,48.8365,0
45,82,197.254,0
46,5,70.4557,0
46,8,129.321,0
46,13,360.587,3.97709
46,17,66.242,0
46,18,197.909,0
46,19,290.019,19.3346
46,22,83.5225,0
46,23,46.6905,0
46,30,224.168,12.5288
46,36,330.03,25.5792
46,37,305.816,22.7917
46,49,27.8568,0
46,52,324.374,25.6835
46,56,316.025,0
46,58,144.686,10.3062
46,60,300.392,21.0244
46,61,386.807,0
46,64,64.1405,4.99796
46,66,379.684,0
46,69,80.9938,0
46,72,320.763,23.0669
46,73,227.196,10.2744
46,74,160.459,1.4577
46,79,289.391,19.1357
46,83,305.187,12.5284
46,88,54.1479,0
46,93,230.536,18.7767
46,95,267.11,0
46,97,339.676,0
47,2,184.719,0
47,7,125.706,0
47,14,182.187,0
47,25,136.654,6.26593
47,29,146.779,0
47,38,140.293,0
47,40,169.669,5.19387
47,43,118.828,0
47,45,78.0516,6.69533
47,50,201.517,0
47,55,156.822,0
47,62,204.482,0
47,63,198.829,0
47,75,77.1038,0
47,81,96.1353,0
47,82,205.548,0
48,27,92.4175,0
48,52,200.998,0
48,54,118.929,0
48,66,220.084,7.43677
48,85,102.46,0
48,87,117.661,0
49,5,89.1964,0
49,8,152.434,0
49,13,334.553,8.34236
49,17,89.3756,0
49,18,200.218,6.42157
49,19,284.113,18.6232
49,22,86.0233,0
49,23,49.5177,0
49,30,206.764,10.1236
49,37,274.117,23.5149
49,46,27.8568,0
49,52,318.022,25.2095
49,56,342.286,0
49,58,127.277,8.7972
49,60,318.865,21.6766
49,61,414.56,0
49,64,53.0298,4.28318
49,66,361.873,0
49,69,108.407,0
49,72,334.489,23.5797
49,73,194.709,11.4848
49,74,137.377,7.96856
49,79,279.365,19.3033
49,83,333.434,12.0596
49,88,67.3692,1.50131
49,93,200.274,17.0152
49,95,291.046,0
49,97,304.856,5.50654
50,1,161.4,0
50,2,56.3028,0
50,7,113.159,0
50,14,51.0392,0
50,15,137.899,0
50,16,195.151,0
50,25,99.985,0
50,29,64.6607,0
50,38,102.259,0
50,40,78.6448,0
50,42,93.1933,0
50,43,91.9837,0
50,45,158.55,0
50,47,201.517,0
50,55,46.8402,0
50,62,82.2192,0
50,63,100.499,0
50,75,124.531,0
50,81,109.713,0
50,82,139.818,0
50,84,210.772,0
50,86,160.012,0
51,3,79.4796,0
51,11,147.258,0
51,20,161.251,0
51,32,197.709,0
51,39,13.0384,0
51,44,200.684,0
51,65,149.773,0
51,67,125.399,0
51,68,119.101,0
51,71,25.807,0
51,92,110.887,0
51,98,200.34,0
52,5,303.538,22.5505
52,6,104.077,0
52,19,34.9285,0
52,20,209.831,0
52,22,264.019,20.5729
52,23,283.149,23.0554
52,27,151.648,0
52,28,156.541,0
52,31,201.804,0
52,36,173.971,0
52,44,159.05,0
52,46,324.374,25.6835
52,48,200.998,0
52,49,318.022,25.2095
52,54,156,0
52,60,195.533,0
52,65,203.394,0
52,66,90.3075,3.84769
52,72,161.245,0
52,73,232.895,19.9327
52,74,182.006,15.591
52,79,35.0143,0
52,85,99.8098,0
52,87,180.942,0
52,93,310.747,25.5025
52,97,192.53,16.1804
53,4,92.8906,6.1329
53,8,293.735,17.3889
53,9,100.915,8.18149
53,10,282.016,24.003
53,17,356.965,18.467
53,18,288.803,1.99554
53,21,164.575,10.7695
53,24,236.664,15.6332
53,26,221.063,15.2856
53,37,219.314,17.7844
53,56,391.74,0
53,59,57.7772,2.11012
53,61,306.425,0
53,69,369.8,12.2549
53,70,66.8674,3.58218
53,76,188.691,10.4436
53,77,67.9339,5.78982
53,78,119.757,7.47648
53,80,98.2787,3.40589
53,83,170.294,0
53,89,56.3205,0
53,90,82.3758,6.802
53,91,228.269,12.4991
54,19,165.324,0
54,27,158.685,0
54,48,118.929,0
54,52,156,0
54,66,139.121,10.0894
54,73,324.796,20.2199
54,79,171.68,0
54,85,85.1469,0
54,87,25.0599,0
54,93,375.018,13.1336
54,97,234.048,13.0009
55,1,208.125,0
55,2,44.0454,0
55,7,70.6045,0
55,14,60.4401,0
55,15,169.499,0
55,25,73.2462,0
55,29,43.4166,0
55,38,63.0635,0
55,40,70.2638,0
55,42,138.654,0
55,43,45.3982,0
55,45,118.406,0
55,47,156.822,0
55,50,46.8402,0
55,62,75.5381,0
55,63,86.0349,0
55,75,79.8123,0
55,81,70.8308,0
55,82,120.221,0
55,84,182.036,0
55,86,190.394,0
56,5,261.725,0
56,6,240.301,12.7398
56,8,269.704,0
56,9,331.843,0
56,15,173.198,2.89553
56,16,131.497,2.53975
56,17,276.873,5.59137
56,18,311.486,7.16955
56,21,284.176,0
56,22,303.842,0
56,23,312.032,0
56,28,189.004,11.2502
56,31,204.207,11.1194
56,34,103.782,2.52943
56,35,106.137,2.32234
56,36,158.225,10.7328
56,41,157.248,5.41868
56,46,316.025,0
56,49,342.286,0
56,53,391.74,0
56,60,114.12,9.32018
56,61,116.362,0
56,64,335.561,12.0091
56,69,239.05,5.48939
56,72,158.299,11.0054
56,74,337.627,0
56,80,351.996,18.0756
56,83,227.2,0
56,86,151.516,2.88569
56,88,303.828,5.60913
56,89,351,19.547
56,94,190.674,8.52333
56,95,77.7946,0
57,1,138.224,0
57,11,171.724,0
57,12,11.0454,0
57,14,208.694,0
57,32,119.854,0
57,33,74.2496,0
57,42,177.722,0
57,67,177.992,0
57,68,192.876,0
57,96,59.8415,0
57,98,153.056,0
58,5,217.275,10.2928
58,8,226.401,10.6981
58,13,187.449,10.1396
58,17,180.211,10.0285
58,18,265.12,3.48319
58,19,366.274,20.3607
58,22,201.933,10.187
58,23,183.514,6.47003
58,30,66.561,5.4477
58,37,313.749,15.6629
58,46,144.686,10.3062
58,49,127.277,8.7972
58,64,127.492,4.02831
58,66,357.053,14.442
58,69,217.185,9.92582
58,73,162.032,10.9564
58,74,271.529,2.71298
58,88,149.938,9.83679
58,93,165.421,9.37633
58,97,246.736,18.8433
59,4,76.0592,0
59,8,351.35,19.7252
59,9,115.768,7.21374
59,10,201.752,13.5939
59,18,343.702,5.27671
59,21,184.544,8.92704
59,26,158.48,13.5578
59,37,190.066,0
59,53,57.7772,2.11012
59,61,291.47,18.1621
59,70,7.61577,0
59,76,172.8,0
59,77,59.1354,0
59,78,104.924,0
59,80,44.664,2.07418
59,83,221.081,1.97261
59,84,272,23.2234
59,89,32.0506,1.95034
59,90,23.8537,0
59,91,211.747,0
60,5,230.398,18.2689
60,6,128.316,0
60,8,314.351,21.3697
60,15,181.135,0
60,16,123.491,0
60,17,308.302,20.6517
60,19,183.087,0
60,22,243.259,19.3528
60,23,270.707,20.4513
60,28,75.06,0
60,31,95.7706,0
60,34,102.215,0
60,35,84.1546,0
60,36,44.1022,0
60,41,107.229,0
60,44,127.193,0
60,46,300.392,21.0244
60,49,318.865,21.6766
60,52,195.533,0
60,56,114.12,9.32018
60,61,184.732,15.2104
60,65,167.045,0
60,69,269.799,19.7085
60,72,44.643,0
60,74,214.075,18.3641
60,79,176.502,0
60,83,339.587,20.7599
60,86,159.706,0
60,88,328.356,21.2051
60,94,113.217,0
60,95,71.1669,2.10609
61,5,330.844,7.03131
61,8,285.025,8.31322
61,9,224.08,0
61,15,192.285,14.9979
61,16,165.093,12.7874
61,17,342.362,0.501988
61,18,312.458,9.83535
61,21,169.8,0
61,22,394.588,0
61,23,378.206,7.45778
61,26,367.13,11.6193
61,34,139.61,11.3056
61,35,151.213,11.0879
61,36,225.486,16.261
61,41,197.033,12.2932
61,46,386.807,0
61,49,414.56,0
61,53,306.425,0
61,56,116.362,0
61,59,291.47,18.1621
61,60,184.732,15.2104
61,62,260.973,19.0638
61,63,261.259,19.3618
61,64,387.457,12.152
61,69,310.258,0
61,70,293.127,18.5477
61,72,229.407,16.9781
61,77,375.848,7.82075
61,80,265.025,11.6405
61,82,317.39,24.7796
61,83,155.774,4.82159
61,86,172.635,13.93
61,88,370.646,0.502223
61,89,259.347,16.4613
61,90,292.135,21.6587
61,94,230.52,12.537
61,95,192.52,0
62,1,205.061,0
62,2,31.7805,0
62,7,81.3449,0
62,10,188.311,0
62,14,126.115,0
62,15,120.93,0
62,16,177.234,0
62,21,281.673,23.6688
62,25,148.03,0
62,26,307.99,23.8196
62,29,118.697,0
62,34,191.254,0
62,38,65.7647,0
62,40,144.101,0
62,42,132.458,0
62,43,88.6397,0
62,45,180.361,0
62,47,204.482,0
62,50,82.2192,0
62,55,75.5381,0
62,61,260.973,19.0638
62,63,20.8806,0
62,75,135.248,0
62,81,138.654,0
62,82,59.9416,0
62,84,135.074,0
62,86,137.535,0
63,2,45.8039,0
63,7,73.2462,0
63,9,352.13,20.5094
63,10,167.705,0
63,14,141.198,0
63,15,135.07,0
63,16,189.251,0
63,21,278.9,22.3253
63,25,155.708,0
63,26,283.2,21.1915
63,29,129.341,0
63,34,200.943,0
63,38,58.5918,0
63,40,156.17,0
63,42,152.948,0
63,43,88.459,0
63,45,180.205,0
63,47,198.829,0
63,50,100.499,0
63,55,86.0349,0
63,61,261.259,19.3618
63,62,20.8806,0
63,75,134.373,0
63,81,142.172,0
63,82,39.6611,0
63,84,114.232,0
63,86,149.773,0
64,5,132.443,6.33958
64,8,97.8939,6.44242
64,13,294.531,1.62983
64,17,59.7707,4.51771
64,18,103.141,8.73938
64,19,345.071,24.1882
64,22,145.305,7.1815
64,23,107.805,6.54303
64,24,302.939,25.8074
64,30,194.08,11.0081
64,37,222.221,18.9429
64,46,64.1405,4.99796
64,49,53.0298,4.28318
64,56,335.561,12.0091
64,58,127.492,4.02831
64,61,387.457,12.152
64,69,98.6452,5.36196
64,73,261.151,6.93821
64,74,193.985,14.286
64,79,335.435,25.2976
64,83,309.579,9.31226
64,88,33.8805,2.90009
64,93,270.34,13.3326
64,95,312.481,6.84794
64,97,351.021,12.1171
65,6,104.389,0
65,20,153.681,0
65,28,99.1262,0
65,31,76.0263,0
65,35,191.525,0
65,36,124.423,0
65,39,155.416,0
65,41,163.982,0
65,44,52.6308,0
65,51,149.773,0
65,52,203.394,0
65,60,167.045,0
65,67,182.661,0
65,68,207.425,0
65,71,142.864,0
65,72,131.488,0
65,94,125.674,0
66,5,368.722,0
66,6,191.972,4.77123
66,19,80.1383,4.94972
66,22,300.955,7.22504
66,23,318.202,9.55668
66,27,202.952,5.4604
66,30,342.662,17.1123
66,46,379.684,0
66,48,220.084,7.43677
66,49,361.873,0
66,52,90.3075,3.84769
66,54,139.121,10.0894
66,58,357.053,14.442
66,73,177.781,10.2888
66,74,233.649,6.2259
66,79,87.1931,5.05119
66,85,124.159,6.15842
66,87,165.369,11.5058
66,93,255.263,4.87186
66,97,103.711,0
67,1,175.285,0
67,3,113.772,0
67,11,51.8652,0
67,12,169.118,0
67,32,81.4985,0
67,33,114.061,0
67,39,137.975,0
67,51,125.399,0
67,57,177.992,0
67,65,182.661,0
67,68,38.0789,0
67,71,100.424,0
67,92,70.8308,0
67,94,197.091,0
67,96,130.43,0
67,98,105.304,0
68,0,182.937,0
68,1,210.06,0
68,3,84.5813,0
68,11,28.6356,0
68,12,185.421,0
68,32,79.3221,0
68,33,121.655,0
68,39,130.142,0
68,51,119.101,0
68,57,192.876,0
68,65,207.425,0
68,67,38.0789,0
68,71,98.8413,0.514683
68,92,34.0147,0
68,96,153.629,0
68,98,85.0235,0
69,5,84.5931,0
69,8,66,0
69,9,368.715,19.8556
69,13,393.78,7.01175
69,17,38.6264,0
69,18,149.345,0
69,19,360.713,14.8884
69,21,387.521,11.8997
69,22,131.575,0
69,23,108.167,0
69,30,290.568,14.3782
69,36,304.491,24.9344
69,37,293.936,20.7833
69,46,80.9938,0
69,49,108.407,0
69,53,369.8,12.2549
69,56,239.05,5.48939
69,58,217.185,9.92582
69,60,269.799,19.7085
69,61,310.258,0
69,64,98.6452,5.36196
69,72,293.28,23.4961
69,73,309.623,10.2777
69,74,211.073,0
69,77,393.657,12.1571
69,79,355.889,15.1124
69,83,226.79,11.2744
69,88,64.7765,0
69,93,299.933,23.3953
69,95,216.453,0
69,97,416.12,0
70,4,81.0247,0
70,8,351.255,22.7237
70,9,89.8716,7.51983
70,10,187.963,11.5136
70,18,355.299,6.41766
70,21,162.509,12.4579
70,26,152.041,12.8182
70,37,197.497,0
70,53,66.8674,3.58218
70,59,7.61577,0
70,61,293.127,18.5477
70,76,178.757,0
70,77,66.0076,0
70,78,110.386,0
70,80,41.4766,2.27948
70,83,226.055,3.85414
70,84,262.033,22.3607
70,89,30.0375,2.50312
70,90,16.4012,0
71,3,77.3369,0
71,11,127.42,0.513723
71,20,178.539,0
71,31,205.529,0
71,32,175.046,0
71,39,38.833,0
71,44,195.182,0
71,51,25.807,0
71,65,142.864,0
71,67,100.424,0
71,68,98.8413,0.514683
71,92,96.2603,0.496078
71,98,182.347,0.50369
72,5,250.654,20.106
72,6,84.0952,0
72,16,154.509,0
72,17,328.678,24.9209
72,19,154.984,0
72,22,253.808,20.2482
72,23,285.767,21.7666
72,28,33.2415,0
72,31,71.0282,0
72,34,137.931,0
72,35,116.039,0
72,36,15.0333,0
72,41,124.326,0
72,44,86.122,0
72,46,320.763,23.0669
72,49,334.489,23.5797
72,52,161.245,0
72,56,158.299,11.0054
72,60,44.643,0
72,61,229.407,16.9781
72,65,131.488,0
72,69,293.28,23.4961
72,74,166.788,8.65759
72,79,148.007,0
72,86,193.217,0
72,94,115.07,0
72,95,107.823,1.95462
73,5,264.33,7.31517
73,8,328.668,18.1298
73,13,326.221,18.7032
73,17,267.025,16.7786
73,19,190.77,16.3252
73,22,196.852,12.6962
73,23,217.654,6.91822
73,30,161.793,7.55119
73,46,227.196,10.2744
73,49,194.709,11.4848
73,52,232.895,19.9327
73,54,324.796,20.2199
73,58,162.032,10.9564
73,64,261.151,6.93821
73,66,177.781,10.2888
73,69,309.623,10.2777
73,74,201.008,7.17461
73,79,204.039,17.4593
73,85,304.559,26.0822
73,87,366.503,18.9915
73,88,247.741,15.6189
73,93,67.7306,4.59742
73,97,91.0135,7.11313
74,5,127.201,0
74,6,198.256,14.4535
74,8,275.862,0
74,17,220.227,0
74,18,354.954,0
74,19,150.701,11.0838
74,22,82.0244,0
74,23,116.842,0
74,28,188.169,8.96114
74,30,302.79,10.881
74,36,181.209,8.72307
74,44,228.626,10.3592
74,46,160.459,1.4577
74,49,137.377,7.96856
74,52,182.006,15.591
74,56,337.627,0
74,58,271.529,2.71298
74,60,214.075,18.3641
74,64,193.985,14.286
74,66,233.649,6.2259
74,69,211.073,0
74,72,166.788,8.65759
74,73,201.008,7.17461
74,79,148.035,10.9591
74,88,216.749,0
74,93,283.665,5.54275
74,95,264.008,0
74,97,247.782,0
75,2,111.221,0
75,7,68.1836,0
75,14,110.549,0
75,25,61.8466,0
75,29,74.3303,0
75,38,78.3135,0
75,40,93.2148,0
75,43,46.6154,0
75,45,45.8912,0
75,47,77.1038,0
75,50,124.531,0
75,55,79.8123,0
75,62,135.248,0
75,63,134.373,0
75,81,29.5466,0
75,82,152.003,0
75,84,185.011,0
76,4,99.7246,0
76,18,251.464,21.5718
76,24,54.9181,0
76,37,84.6463,0
76,53,188.691,10.4436
76,59,172.8,0
76,70,178.757,0
76,77,115.694,0
76,78,69.4622,0
76,80,238.014,11.5701
76,83,297.138,25.465
76,89,210.297,10.6535
76,90,189.264,0
76,91,45.2217,0
76,99,149.907,0
77,4,32.9848,0
77,8,330.126,11.9772
77,9,164.155,14.0704
77,17,383.315,15.0446
77,18,253.538,13.8365
77,21,234.664,17.8569
77,24,153.639,0
77,26,207.443,15.0053
77,37,133.522,0
77,53,67.9339,5.78982
77,59,59.1354,0
77,61,375.848,7.82075
77,69,393.657,12.1571
77,70,66.0076,0
77,76,115.694,0
77,78,52.345,0
77,80,128.402,10.7002
77,83,209.214,11.048
77,89,96.4132,8.2117
77,90,79.511,0
77,91,152.971,0
78,4,30.2655,0
78,8,329.392,24.9794
78,9,214.207,17.024
78,18,249.771,20.9342
78,21,283.519,24.3195
78,24,117.085,0
78,26,245.79,15.6088
78,37,116.516,0
78,53,119.757,7.47648
78,59,104.924,0
78,70,110.386,0
78,76,69.4622,0
78,77,52.345,0
78,80,162.156,7.74696
78,83,245.782,20.7932
78,89,139.955,8.48508
78,90,120.075,0
78,91,112.161,0
79,5,271.289,14.1455
79,6,109.481,0
79,17,368.221,14.801
79,19,7.07107,0
79,22,230.059,13.1312
79,23,248.138,16.9961
79,27,186.454,0
79,28,150.562,0
79,31,199.04,0
79,36,162.086,0
79,44,164.685,0
79,46,289.391,19.1357
79,49,279.365,19.3033
79,52,35.0143,0
79,54,171.68,0
79,60,176.502,0
79,64,335.435,25.2976
79,66,87.1931,5.05119
79,69,355.889,15.1124
79,72,148.007,0
79,73,204.039,17.4593
79,74,148.035,10.9591
79,85,128.825,0
79,87,196.657,0
79,88,347.212,19.4894
79,93,255.615,21.9283
79,95,236.515,17.3271
79,97,179.755,13.797
80,4,120.567,2.20557
80,8,394.999,9.93989
80,9,66.6701,1.78941
80,10,204.6,17.5348
80,18,339.916,16.3063
80,21,138.578,0
80,26,140.873,8.84429
80,53,98.2787,3.40589
80,56,351.996,18.0756
80,59,44.664,2.07418
80,61,265.025,11.6405
80,70,41.4766,2.27948
80,76,238.014,11.5701
80,77,128.402,10.7002
80,78,162.156,7.74696
80,82,330.311,17.616
80,83,199.332,5.75345
80,84,244,20.5241
80,89,38.4471,3.26878
80,90,46.5027,3.57835
81,2,110.368,0
81,7,86.1626,0
81,14,86.1278,0
81,25,32.311,0
81,29,50.6952,0
81,38,92.1954,0
81,40,65.0692,0
81,42,202.252,0
81,43,55.7315,0
81,45,48.8365,0
81,47,96.1353,0
81,50,109.713,0
81,55,70.8308,0
81,62,138.654,0
81,63,142.172,0
81,75,29.5466,0
81,82,166.048,0
81,84,207.663,0
82,2,84.1487,0
82,7,84.214,0
82,9,314.633,15.2582
82,10,128.445,0
82,14,178.219,0
82,15,158.142,0
82,16,206.671,0
82,21,283.825,12.4758
82,25,184.694,0
82,26,238.951,13.7534
82,29,162.339,0
82,38,74.2428,0
82,40,190.184,0
82,42,189.066,0
82,43,110.318,0
82,45,197.254,0
82,47,205.548,0
82,50,139.818,0
82,55,120.221,0
82,61,317.39,24.7796
82,62,59.9416,0
82,63,39.6611,0
82,75,152.003,0
82,80,330.311,17.616
82,81,166.048,0
82,84,76.1577,0
82,86,168.799,0
83,4,241.853,18.4217
83,5,298.632,11.3887
83,8,215.407,0
83,9,140.927,8.73871
83,17,255.692,8.07896
83,18,206.194,0
83,21,170.88,0
83,22,350.836,11.7748
83,23,336.741,11.0259
83,26,314.266,18.3254
83,34,291.646,23.6394
83,35,310.827,25.2358
83,37,304.526,19.1226
83,46,305.187,12.5284
83,49,333.434,12.0596
83,53,170.294,0
83,56,227.2,0
83,59,221.081,1.97261
83,60,339.587,20.7599
83,61,155.774,4.82159
83,64,309.579,9.31226
83,69,226.79,11.2744
83,70,226.055,3.85414
83,76,297.138,25.465
83,77,209.214,11.048
83,78,245.782,20.7932
83,80,199.332,5.75345
83,88,293.507,2.89786
83,89,195.645,0.523085
83,90,227.28,12.572
83,95,274.182,0
84,2,154.548,0
84,7,122.589,0
84,9,255.69,20.9001
84,10,55.4437,0
84,21,282.222,16.2345
84,26,111.587,8.36899
84,38,121.918,0
84,43,156.237,0
84,50,210.772,0
84,55,182.036,0
84,59,272,23.2234
84,62,135.074,0
84,63,114.232,0
84,70,262.033,22.3607
84,75,185.011,0
84,80,244,20.5241
84,81,207.663,0
84,82,76.1577,0
84,89,274.102,23.4275
84,90,228.614,18.2014
85,6,184.7,0
85,19,124.812,0
85,20,205.273,0
85,27,85.9826,0
85,48,102.46,0
85,52,99.8098,0
85,54,85.1469,0
85,66,124.159,6.15842
85,73,304.559,26.0822
85,79,128.825,0
85,87,105.233,0
85,97,220.628,18.9251
86,1,138.658,0
86,2,155.081,0
86,9,299.56,25.6561
86,14,208.598,0
86,15,22.3607,0
86,16,39.6989,0
86,21,228.343,18.7737
86,28,207.933,0
86,31,185.219,0
86,34,57.7754,0
86,35,77.201,0
86,36,182.222,0
86,38,203.217,0
86,41,88.7694,0
86,42,104.809,0
86,50,160.012,0
86,55,190.394,0
86,56,151.516,2.88569
86,60,159.706,0
86,61,172.635,13.93
86,62,137.535,0
86,63,149.773,0
86,72,193.217,0
86,82,168.799,0
86,94,127.781,0
86,95,207.894,13.9991
87,19,190.263,0
87,27,171.304,0
87,48,117.661,0
87,52,180.942,0
87,54,25.0599,0
87,66,165.369,11.5058
87,73,366.503,18.9915
87,79,196.657,0
87,85,105.233,0
87,97,276.932,11.781
88,5,108.407,0
88,8,85.0412,0
88,13,328.638,7.92339
88,17,28.2843,0
88,18,143.795,0.517194
88,19,345,20.4179
88,22,135.484,0
88,23,100.08,0
88,30,214.969,15.6745
88,37,265.554,19.5434
88,46,54.1479,0
88,49,67.3692,1.50131
88,56,303.828,5.60913
88,58,149.938,9.83679
88,60,328.356,21.2051
88,61,370.646,0.502223
88,64,33.8805,2.90009
88,69,64.7765,0
88,73,247.741,15.6189
88,74,216.749,0
88,79,347.212,19.4894
88,83,293.507,2.89786
88,93,277.627,18.2237
88,95,278.927,0
88,97,351.742,14.3894
89,4,111.429,7.70613
89,8,372.084,7.17729
89,9,81.7554,5.73205
89,10,227.522,19.4015
89,18,326.228,8.05123
89,21,146.959,8.50146
89,26,165.741,13.0241
89,37,271.024,23.1645
89,53,56.3205,0
89,56,351,19.547
89,59,32.0506,1.95034
89,61,259.347,16.4613
89,70,30.0375,2.50312
89,76,210.297,10.6535
89,77,96.4132,8.2117
89,78,139.955,8.48508
89,80,38.4471,3.26878
89,83,195.645,0.523085
89,84,274.102,23.4275
89,90,39.8502,2.89004
90,4,89.9889,0
90,9,98.5359,8.40298
90,10,168.642,9.85005
90,18,371.524,12.8554
90,21,182.093,10.7546
90,26,120.03,10.1037
90,37,212.269,0
90,53,82.3758,6.802
90,59,23.8537,0
90,61,292.135,21.6587
90,70,16.4012,0
90,76,189.264,0
90,77,79.511,0
90,78,120.075,0
90,80,46.5027,3.57835
90,83,227.28,12.572
90,84,228.614,18.2014
90,89,39.8502,2.89004
91,4,142.014,0
91,13,212.904,12.7264
91,18,245.915,20.9292
91,24,16.2788,0
91,37,71.4703,0
91,53,228.269,12.4991
91,59,211.747,0
91,76,45.2217,0
91,77,152.971,0
91,78,112.161,0
91,99,113.635,0
92,0,170.062,0
92,3,56.0803,0
92,11,48.2597,0
92,32,101.533,0
92,33,146.605,0
92,39,119.641,0
92,51,110.887,0
92,67,70.8308,0
92,68,34.0147,0
92,71,96.2603,0.496078
92,96,185,0
92,98,91.3893,0
93,5,323.395,8.31103
93,8,353.747,21.8491
93,13,332.181,0
93,17,291.592,20.7926
93,19,256.137,21.8157
93,22,275.853,10.1965
93,23,269.36,9.67966
93,30,140.698,0
93,46,230.536,18.7767
93,49,200.274,17.0152
93,52,310.747,25.5025
93,54,375.018,13.1336
93,58,165.421,9.37633
93,64,270.34,13.3326
93,66,255.263,4.87186
93,69,299.933,23.3953
93,73,67.7306,4.59742
93,74,283.665,5.54275
93,79,255.615,21.9283
93,88,277.627,18.2237
93,97,153.593,4.42302
94,1,134.648,0
94,6,167.287,0
94,15,139.556,0
94,16,92.7793,0
94,28,109.636,0
94,31,67.9559,0
94,34,100.13,0
94,35,79.6994,0
94,36,100.045,0
94,41,40.1995,0
94,42,167.8,0
94,44,124.964,0
94,56,190.674,8.52333
94,60,113.217,0
94,61,230.52,12.537
94,65,125.674,0
94,67,197.091,0
94,72,115.07,0
94,86,127.781,0
94,95,177.232,3.06868
94,96,204.707,0
95,5,204.353,0
95,6,182.828,1.96395
95,8,241.02,5.31868
95,9,399.224,0
95,15,231.219,14.7375
95,16,165.757,8.3016
95,17,254.951,0
95,18,313.908,4.97159
95,19,248.064,19.0512
95,21,356.931,0
95,22,239.641,0
95,23,254.071,0
95,28,140.981,1.9822
95,31,166.956,2.20797
95,34,140.242,8.66201
95,35,126.456,5.54069
95,36,112.679,2.02436
95,41,160.73,3.68289
95,44,193.925,1.99741
95,46,267.11,0
95,49,291.046,0
95,56,77.7946,0
95,60,71.1669,2.10609
95,61,192.52,0
95,64,312.481,6.84794
95,69,216.453,0
95,72,107.823,1.95462
95,74,264.008,0
95,79,236.515,17.3271
95,83,274.182,0
95,86,207.894,13.9991
95,88,278.927,0
95,94,177.232,3.06868
96,1,95.483,0
96,11,138.975,0
96,12,48.8365,0
96,32,97.1288,0
96,33,63.0714,0
96,42,154.156,0
96,57,59.8415,0
96,67,130.43,0
96,68,153.629,0
96,92,185,0
96,94,204.707,0
96,98,141.057,0
97,5,325.062,10.0254
97,17,405.532,0
97,19,174.106,12.5818
97,22,274.798,9.1335
97,23,308.765,0
97,30,275.878,7.25956
97,46,339.676,0
97,49,304.856,5.50654
97,52,192.53,16.1804
97,54,234.048,13.0009
97,58,246.736,18.8433
97,64,351.021,12.1171
97,66,103.711,0
97,69,416.12,0
97,73,91.0135,7.11313
97,74,247.782,0
97,79,179.755,13.797
97,85,220.628,18.9251
97,87,276.932,11.781
97,88,351.742,14.3894
97,93,153.593,4.42302
98,0,113.846,0
98,3,143.67,0
98,11,57.1402,0
98,12,149.933,0
98,32,46.0977,0
98,33,82.0549,0
98,39,210.052,0
98,51,200.34,0
98,57,153.056,0
98,67,105.304,0
98,68,85.0235,0
98,71,182.347,0.50369
98,92,91.3893,0
98,96,141.057,0
99,13,225.134,9.81371
99,24,118.727,0
99,37,170.532,0
99,76,149.907,0
99,91,113.635,0
