0,12,264.537,12.7365
0,22,110.005,0
0,28,213.846,0
0,49,235.713,10.3487
0,51,182.634,3.59864
0,63,158.63,1.60633
1,2,192.47,11.3607
1,14,121.452,10.236
1,15,175.788,14.7306
1,16,298.689,18.5113
1,17,192.938,16.1649
1,18,163.654,3.4434
1,29,352.231,27.8097
1,50,171.273,2.22108
1,56,207.488,17.7775
1,62,307.441,24.1995
1,68,277.064,23.6065
1,69,266.321,21.7007
1,70,225.238,17.1622
1,79,155.068,13.0044
1,81,81.0531,2.61538
1,82,161.555,13.4629
1,84,272.484,16.4081
1,94,344.943,18.6833
1,96,175.004,12.6658
1,97,263.791,22.5357
2,1,192.47,11.3607
2,14,284.314,23.9055
2,15,96.5401,0
2,16,295.161,25.3057
2,17,66.6108,0
2,18,40.1995,0
2,39,197.122,0
2,40,363.527,27.5974
2,50,24.7588,0
2,56,70.5195,0
2,62,219.893,0
2,68,113.382,8.15766
2,69,121.202,0
2,70,231.047,19.6176
2,79,313.05,26.8099
2,81,251.96,17.3079
2,82,263.031,22.2736
2,85,203.027,0
2,98,239.075,0
3,5,31.1127,0
3,7,261.027,11.8362
3,13,234.643,19.8657
3,23,196.765,16.3971
3,24,172.211,2.92124
3,27,164.159,2.42373
3,31,199.654,2.45558
3,34,84.2947,5.78682
3,38,63.4365,2.35909
3,40,113.73,7.31261
3,42,116.661,6.2497
3,44,146.923,12.3728
3,46,111.927,2.95171
3,54,277.041,22.7398
3,58,234.137,13.9367
3,60,202.544,16.8787
3,66,223.857,2.58795
3,68,279.809,18.7099
3,73,109.532,9.34231
3,74,100.471,2.65422
3,76,201.254,15.4724
3,77,195.004,12.8591
3,83,188.553,12.7479
3,86,265.919,22.8079
3,89,205.388,11.9441
3,92,257.452,18.366
3,93,121.511,9.73932
4,11,56.9386,0
4,13,332.292,28.186
4,21,42.72,0
4,24,169.012,0
4,25,290.235,23.4421
4,27,100.449,0
4,31,65.0077,0
4,36,153.074,13.0668
4,38,221.563,0
4,41,197.481,5.18735
4,46,260.823,9.62928
4,53,291.08,24.9006
4,58,155.084,13.1885
4,59,122.495,0
4,66,110.059,0
4,71,334.788,28.6586
4,74,248.216,11.4654
4,83,250.445,14.2779
4,86,354.783,29.2121
4,87,188.707,14.0614
5,3,31.1127,0
5,7,249.492,10.3187
5,13,263.689,22.6163
5,23,223.535,19.1571
5,24,173.125,1.68492
5,27,184.023,6.0365
5,31,220.353,6.17982
5,34,54.3783,0
5,38,67.254,2.51021
5,40,85.4044,2.07149
5,42,123.841,8.97236
5,44,127.258,9.59077
5,46,138.84,8.06722
5,54,274.267,22.4386
5,55,234.709,1.48501
5,58,262.393,18.2808
5,60,229.232,19.6218
5,66,234.004,4.0067
5,68,249.872,13.6932
5,73,93.3168,7.88391
5,74,129.416,8.06417
5,76,225.035,18.6058
5,77,155.335,1.47357
5,83,208.828,17.5128
5,86,295.937,25.106
5,89,191.329,9.84087
5,92,271.911,21.1413
5,93,110.904,8.78121
6,8,92.3093,0
6,12,165.248,14.162
6,20,219.508,16.2849
6,22,215.838,0
6,28,110.91,0
6,29,272.5,14.0495
6,35,149.418,12.1587
6,47,127.396,10.7858
6,48,109.012,8.14059
6,49,79.2441,4.0618
6,51,155.756,0
6,63,158.569,2.42701
6,64,177.577,2.18942
6,78,291.52,21.5962
6,88,153.287,0
6,90,267.157,19.5047
6,91,279.507,23.929
7,3,261.027,11.8362
7,5,249.492,10.3187
7,26,127.465,8.54745
7,33,193.926,16.6028
7,34,218.323,0
7,40,230.601,0
7,42,144.056,0
7,45,73.4311,4.78304
7,54,156.626,10.6392
7,55,49.0408,0
7,61,190.426,16.2331
7,65,49.366,0
7,77,85.1469,0
7,85,118.33,0
7,89,58.3095,0
7,92,240.943,20.6462
7,93,140.431,0
7,95,110.845,7.04665
7,99,238.753,12.9038
8,6,92.3093,0
8,9,278.724,22.6605
8,12,283.235,24.1125
8,19,319.934,27.3669
8,20,258.43,11.2746
8,22,249.811,16.9732
8,28,102.956,8.82483
8,29,235.51,0
8,30,235.236,0
8,35,109.041,0
8,37,389.766,24.6533
8,47,118.68,0
8,48,194.102,16.5563
8,49,136.646,5.84061
8,51,161.672,12.6566
8,52,361.213,28.8582
8,57,323.116,21.9265
8,62,229.898,0
8,63,166.734,11.5411
8,64,134.112,0
8,72,291.545,23.7457
8,88,96.3328,0
8,91,216.257,7.06806
9,8,278.724,22.6605
9,22,255.086,17.3857
9,28,183.285,14.8628
9,37,138.752,0
9,51,127.393,4.74714
9,57,232.219,11.5142
9,63,135.085,0
9,91,69.029,0
10,19,184.886,9.73058
10,21,321.111,25.1549
10,24,225.862,14.7837
10,25,104.36,4.90633
10,27,284.882,22.4287
10,30,292.221,23.4674
10,31,340.369,29.1163
10,37,176.175,3.10033
10,38,372.523,28.7002
10,39,348.888,26.4511
10,43,161.142,10.0782
10,44,415.047,0
10,52,145.573,7.22057
10,53,65.2993,0
10,57,169.823,5.81911
10,59,253.8,3.27715
10,66,245.026,12.0194
10,67,86.3699,6.2286
10,71,35.4828,3.02026
10,72,211.029,8.40911
10,73,407.956,20.5883
10,80,119.806,6.75827
10,83,267.677,4.2683
10,98,314.532,22.7101
11,4,56.9386,0
11,13,358.462,28.0453
11,21,91.5915,0
11,24,224.475,0
11,27,144.014,0
11,31,105.546,0
11,36,116.347,8.87908
11,41,145.986,3.79202
11,58,172.729,14.5124
11,59,171.945,0
11,66,166.964,0
11,86,363.857,28.6048
11,87,148.49,11.0827
12,0,264.537,12.7365
12,6,165.248,14.162
12,8,283.235,24.1125
12,20,187.224,0
12,28,246.39,17.3074
12,35,320.886,26.0111
12,47,253.647,21.702
12,48,188.049,15.6243
12,49,124.088,10.643
12,51,263.183,15.4837
12,63,253.584,16.1887
12,75,213.115,0
12,90,188.298,0
13,3,234.643,19.8657
13,4,332.292,28.186
13,5,263.689,22.6163
13,11,358.462,28.0453
13,23,118.267,2.31993
13,27,240.617,20.6302
13,31,243.179,20.7187
13,36,232.172,15.6362
13,38,244.717,18.485
13,41,297.587,25.3432
13,42,308.306,20.9132
13,46,134.551,2.35406
13,58,189.11,13.0372
13,60,100.717,0
13,73,309.56,25.3831
13,74,132.167,8.27546
13,76,127.085,10.1592
13,86,30.2655,0
13,87,216.014,18.0814
13,92,229.433,16.106
13,93,300.807,25.7754
14,1,121.452,10.236
14,2,284.314,23.9055
14,15,282.242,23.9999
14,16,189.198,8.86568
14,17,225.402,13.6655
14,18,220.813,18.8935
14,29,285.865,24.5233
14,32,360.582,28.602
14,50,273.287,19.7619
14,56,245.67,13.6392
14,70,385.336,6.00793
14,79,33.5261,0
14,81,39,0
14,82,76.018,4.42757
14,84,150.96,0
14,94,254.925,21.0997
14,96,67.0671,0
14,97,118.152,0
15,1,175.788,14.7306
15,2,96.5401,0
15,14,282.242,23.9999
15,17,183.874,10.1291
15,18,165.665,14.1999
15,33,424.054,20.8378
15,50,115.77,9.78306
15,56,171.051,2.02183
15,68,207.898,14.4131
15,69,216.947,0
15,70,94.5785,7.92147
15,79,342.014,28.0811
15,81,232.455,19.7371
15,82,352.467,27.6629
15,85,172.29,0
16,1,298.689,18.5113
16,2,295.161,25.3057
16,14,189.198,8.86568
16,17,197.307,15.6396
16,18,281.78,18.7853
16,20,289.118,24.3709
16,29,58.5235,0
16,30,196.755,10.8
16,32,356.526,28.346
16,35,198.358,9.05936
16,39,246.074,16.7375
16,47,216.5,8.0175
16,50,321.102,23.8353
16,56,211.839,16.0607
16,62,124.175,8.00109
16,64,153.075,5.76263
16,69,246.412,20.2536
16,72,237.027,6.45426
16,78,283.987,23.2328
16,79,240.639,20.2561
16,81,224.219,19.1346
16,82,142.025,11.8889
16,88,193.36,4.90252
16,94,49.7293,0
16,96,242.446,18.1835
16,97,147.988,8.09137
16,98,244.156,15.1431
17,1,192.938,16.1649
17,2,66.6108,0
17,14,225.402,13.6655
17,15,183.874,10.1291
17,16,197.307,15.6396
17,18,50.01,0
17,29,255.67,17.4679
17,30,192.339,6.30929
17,39,143.136,0
17,40,264.575,15.174
17,50,75.2861,0
17,56,21.4009,0
17,62,153.388,0
17,68,96.1041,0
17,69,74.2496,0
17,70,310.701,26.6374
17,79,291.367,23.811
17,81,191.654,13.3452
17,82,215.511,16.3086
17,94,248.704,18.5197
17,96,293.88,23.5212
17,98,180.278,0
18,1,163.654,3.4434
18,2,40.1995,0
18,14,220.813,18.8935
18,15,165.665,14.1999
18,16,281.78,18.7853
18,17,50.01,0
18,29,336.951,28.3694
18,30,237.857,5.3801
18,39,192.938,0
18,50,31.8277,0
18,56,65.521,0
18,62,193.992,0
18,68,118.004,0
18,69,121.565,0
18,70,301.171,15.0569
18,79,239.331,18.0009
18,81,203.852,13.076
18,82,205.399,17.0586
18,94,288.387,24.6435
18,96,256.026,19.1087
18,97,305.665,25.3565
18,98,230.176,0
19,8,319.934,27.3669
19,10,184.886,9.73058
19,30,76.6551,0
19,35,246.896,7.42983
19,37,172.792,0
19,39,121.594,0
19,43,26.0768,0
19,44,357.742,29.7675
19,52,40.1622,0
19,53,259.692,21.7105
19,57,63.0714,0
19,62,138.539,0
19,64,173.28,0
19,67,109.809,0
19,69,207.922,6.09371
19,71,181.761,0
19,72,33.7343,0
19,80,64.8845,0
19,83,354.004,23.0429
19,88,190.552,11.8962
19,91,286.838,23.3732
19,98,78.1018,1.62069
20,6,219.508,16.2849
20,8,258.43,11.2746
20,12,187.224,0
20,16,289.118,24.3709
20,29,216.128,18.4392
20,32,141.174,0
20,35,153.315,4.54667
20,47,117.047,0
20,48,108.78,0
20,49,298.491,25.17
20,64,222.376,12.6984
20,75,122.544,0
20,78,63.561,0
20,88,241.186,12.0996
20,90,67.624,0
20,94,261.052,21.1788
20,97,314.125,21.8652
21,4,42.72,0
21,10,321.111,25.1549
21,11,91.5915,0
21,24,153.681,0
21,25,248.582,21.1809
21,27,113.565,0
21,31,87.7097,0
21,36,194.533,15.0838
21,38,225.887,0
21,41,237.002,4.77978
21,53,257.483,21.5806
21,58,188.857,14.1073
21,59,81.0062,0
21,66,85.0412,0
21,71,297.001,24.256
21,83,243.695,16.675
21,87,230.423,14.7643
22,0,110.005,0
22,6,215.838,0
22,8,249.811,16.9732
22,9,255.086,17.3857
22,28,147.769,5.79261
22,49,208.022,7.36602
22,51,104.544,8.11048
22,63,79.8991,4.32893
22,91,232.963,19.8953
23,3,196.765,16.3971
23,5,223.535,19.1571
23,13,118.267,2.31993
23,27,259.081,20.426
23,31,309.261,26.5234
23,34,272.764,21.8795
23,36,346.337,18.7815
23,38,227.362,15.8871
23,40,308.922,24.7493
23,42,211.715,15.6842
23,46,92.3497,2.80131
23,54,202.223,8.94917
23,58,288.562,16.8878
23,60,16.5844,1.41344
23,73,286.106,23.1086
23,74,115.909,7.97846
23,76,24.1868,0
23,77,312.27,26.4247
23,86,126.272,3.73687
23,87,334.083,24.3126
23,89,289.969,23.9187
23,92,129.522,0
23,93,235.401,20.1893
24,3,172.211,2.92124
24,4,169.012,0
24,5,173.125,1.68492
24,10,225.862,14.7837
24,11,224.475,0
24,21,153.681,0
24,25,297.02,23.119
24,27,103.368,0
24,31,131.518,0
24,34,197.172,7.43413
24,36,285.79,21.152
24,38,108.227,0
24,39,368.237,26.8066
24,40,181.224,0
24,43,379.696,21.1641
24,44,135.773,9.1907
24,46,221.948,0
24,52,367.014,26.5165
24,53,181.791,15.0276
24,58,233.128,14.6013
24,59,132.061,0
24,66,72.1249,0
24,67,279.305,11.9172
24,71,231.111,17.5094
24,73,119.854,0
24,74,200.831,0
24,80,343.14,23.916
24,83,87.4036,3.53528
24,98,370.763,27.2758
25,4,290.235,23.4421
25,10,104.36,4.90633
25,21,248.582,21.1809
25,24,297.02,23.119
25,37,175.582,0
25,43,217.83,0
25,52,203.217,0
25,53,113.836,9.70195
25,57,216.933,0
25,59,170.11,11.177
25,66,245.344,18.1333
25,67,141.152,0
25,71,68.884,0
25,80,177.2,0
25,83,350.159,23.8313
26,7,127.465,8.54745
26,33,66.4831,0
26,45,140.313,9.71226
26,54,286.6,24.1921
26,55,99.5534,5.87974
26,61,76.0263,0
26,65,103.901,8.20553
26,77,178.954,6.43674
26,85,106.008,5.51124
26,89,179.976,10.8497
26,93,250.02,7.02185
26,95,110.887,0
26,99,242.958,16.7965
27,3,164.159,2.42373
27,4,100.449,0
27,5,184.023,6.0365
27,10,284.882,22.4287
27,11,144.014,0
27,13,240.617,20.6302
27,21,113.565,0
27,23,259.081,20.426
27,24,103.368,0
27,31,38.4708,0
27,34,209.038,0
27,36,186.539,15.8596
27,38,122.197,0
27,40,264.595,16.9553
27,41,381.462,26.5328
27,44,176.594,0.649169
27,46,158.808,0
27,53,274.885,23.5039
27,58,129.654,11.055
27,59,152.069,0
27,60,255.792,20.6764
27,66,92.7847,0
27,71,323.614,27.6912
27,73,161.245,0
27,74,138.398,0
27,76,281.256,20.9145
27,83,170.35,11.1474
27,86,267.865,22.8084
27,87,274.381,21.0741
28,0,213.846,0
28,6,110.91,0
28,8,102.956,8.82483
28,9,183.285,14.8628
28,12,246.39,17.3074
28,22,147.769,5.79261
28,35,181.268,2.48586
28,37,305.908,25.2059
28,47,200.013,10.0063
28,48,217.811,16.3812
28,49,126.136,4.77787
28,51,55.3624,0
28,57,375.596,26.9859
28,63,65.4599,0
28,64,240.901,14.4447
28,88,220.733,18.1693
28,91,143.031,11.6423
29,1,352.231,27.8097
29,6,272.5,14.0495
29,8,235.51,0
29,14,285.865,24.5233
29,16,58.5235,0
29,17,255.67,17.4679
29,18,336.951,28.3694
29,20,216.128,18.4392
29,30,212.125,8.16486
29,32,330.24,20.4993
29,35,131.518,0
29,47,146.492,0
29,48,232.954,16.7996
29,56,292.538,23.5176
29,62,143.001,6.35562
29,64,113.442,0
29,69,282.897,17.9898
29,72,229.924,0
29,78,241.706,12.1257
29,79,286.23,24.5547
29,81,261.891,20.5496
29,82,193.106,16.5657
29,88,156.08,0
29,90,326.415,27.2824
29,94,33.7343,0
29,96,175.388,4.7074
29,97,161.028,12.9317
29,98,262.829,11.7734
30,8,235.236,0
30,10,292.221,23.4674
30,16,196.755,10.8
30,17,192.339,6.30929
30,18,237.857,5.3801
30,19,76.6551,0
30,29,212.125,8.16486
30,35,207.022,0
30,39,92.1092,5.72198
30,43,99.7649,2.02832
30,44,367.052,29.3502
30,52,116.297,0
30,56,187.024,6.55881
30,57,134.082,0
30,62,67.4759,0
30,64,141.287,0
30,67,182.462,4.56302
30,68,226.931,7.18379
30,69,150.534,6.93891
30,72,72.7324,0
30,80,141.269,1.0307
30,83,363.223,28.9369
30,88,149.907,0
30,94,230.677,8.69168
30,98,67.61,5.73661
31,3,199.654,2.45558
31,4,65.0077,0
31,5,220.353,6.17982
31,10,340.369,29.1163
31,11,105.546,0
31,13,243.179,20.7187
31,21,87.7097,0
31,23,309.261,26.5234
31,24,131.518,0
31,27,38.4708,0
31,36,154.225,12.4933
31,38,160.462,0
31,41,263.715,21.6052
31,44,214.306,0.630266
31,46,203.242,10.5003
31,53,287.239,24.4953
31,58,109.349,9.38059
31,59,144.586,0
31,60,299.759,25.7006
31,66,98.8585,0
31,71,335.757,28.7702
31,73,199.7,0
31,74,179.616,8.51051
31,83,204.792,12.352
31,86,266.548,22.856
31,87,242.526,16.7749
32,14,360.582,28.602
32,16,356.526,28.346
32,20,141.174,0
32,29,330.24,20.4993
32,75,143.809,0
32,78,85.1469,0
32,79,321.165,25.0486
32,82,302.004,25.2478
32,84,130.801,0
32,90,133.255,0
32,94,305.329,19.5091
32,96,292.74,14.3793
32,97,184.053,15.5805
33,7,193.926,16.6028
33,15,424.054,20.8378
33,26,66.4831,0
33,45,203.097,9.67208
33,54,359.759,27.3863
33,55,155.052,12.9483
33,61,68,0
33,65,170.201,9.74077
33,70,455.016,9.57387
33,77,233.077,15.3025
33,85,138.207,10.8974
33,89,227.59,16.1155
33,95,154.052,0
33,99,255.073,17.9429
34,3,84.2947,5.78682
34,5,54.3783,0
34,7,218.323,0
34,23,272.764,21.8795
34,24,197.172,7.43413
34,27,209.038,0
34,38,106.84,7.57791
34,39,338.997,26.372
34,40,33.335,2.07442
34,42,123.13,0
34,44,86.4095,2.35049
34,46,191.857,8.31612
34,54,260.688,15.2933
34,55,296.864,25.4484
34,56,271.811,15.6719
34,60,283.657,23.1388
34,68,195.568,12.9259
34,69,242.221,15.7105
34,73,66.3116,2.37078
34,74,183.913,8.70116
34,76,260.816,17.1013
34,77,135.148,0
34,83,192.335,14.7063
34,85,307,25.7162
34,89,160.863,0
34,93,92.0869,0
35,6,149.418,12.1587
35,8,109.041,0
35,12,320.886,26.0111
35,16,198.358,9.05936
35,19,246.896,7.42983
35,20,153.315,4.54667
35,28,181.268,2.48586
35,29,131.518,0
35,30,207.022,0
35,47,36.3456,0
35,48,87.1436,0
35,49,229.685,19.6312
35,51,238.588,3.48741
35,57,259.483,11.4855
35,62,185.775,6.6821
35,63,246.549,4.06532
35,64,66.2722,0
35,72,225.505,11.9873
35,78,269.64,22.1071
35,88,76.0225,2.18577
35,90,207.711,0
35,91,321.826,27.3237
35,94,164.539,0
36,4,153.074,13.0668
36,11,116.347,8.87908
36,13,232.172,15.6362
36,21,194.533,15.0838
36,23,346.337,18.7815
36,24,285.79,21.152
36,27,186.539,15.8596
36,31,154.225,12.4933
36,38,342.308,28.7903
36,41,202.292,3.94178
36,46,230.883,18.1649
36,58,86.5332,0
36,59,271.095,16.9656
36,60,329.17,17.4801
36,66,247.051,18.6587
36,74,228.354,19.0853
36,76,362.585,25.3666
36,86,238.439,15.4728
36,87,88.3059,2.26171
37,8,389.766,24.6533
37,9,138.752,0
37,10,176.175,3.10033
37,19,172.792,0
37,25,175.582,0
37,28,305.908,25.2059
37,43,165.496,0
37,51,263.252,12.006
37,52,139.864,0
37,53,215.5,10.0077
37,57,112.361,0
37,67,159.79,0
37,71,166.397,0
37,72,176.026,0
37,80,130.511,0
37,91,139.946,0
38,3,63.4365,2.35909
38,4,221.563,0
38,5,67.254,2.51021
38,10,372.523,28.7002
38,13,244.717,18.485
38,21,225.887,0
38,23,227.362,15.8871
38,24,108.227,0
38,27,122.197,0
38,31,160.462,0
38,34,106.84,7.57791
38,36,342.308,28.7903
38,39,348.364,29.6431
38,40,140.885,12.0638
38,42,183.802,10.0604
38,44,80.1694,3.68179
38,46,138.708,0
38,53,316.315,27.1002
38,58,255.479,21.6158
38,59,232.157,0
38,60,232.452,16.9293
38,66,164.976,0
38,68,317.869,26.8761
38,73,64.1437,5.48237
38,74,121.004,0
38,76,240.332,15.2216
38,77,211.092,0
38,83,124.918,9.31684
38,86,275.004,22.3985
38,89,229.613,0
38,93,157.726,4.54206
39,2,197.122,0
39,10,348.888,26.4511
39,16,246.074,16.7375
39,17,143.136,0
39,18,192.938,0
39,19,121.594,0
39,24,368.237,26.8066
39,30,92.1092,5.72198
39,34,338.997,26.372
39,38,348.364,29.6431
39,40,310.02,21.6474
39,43,124.92,0
39,44,271.016,19.6441
39,50,214.037,0
39,52,150.546,0
39,56,129.004,0
39,57,184.448,0
39,62,118.457,0
39,64,214.842,0
39,67,234.274,19.8122
39,68,143.736,0
39,69,76.2955,0
39,72,149.136,5.74381
39,73,308.654,24.5563
39,80,164.149,0
39,83,284.456,22.2687
39,88,239.039,5.42905
39,98,47.2017,0
40,2,363.527,27.5974
40,3,113.73,7.31261
40,5,85.4044,2.07149
40,7,230.601,0
40,17,264.575,15.174
40,23,308.922,24.7493
40,24,181.224,0
40,27,264.595,16.9553
40,34,33.335,2.07442
40,38,140.885,12.0638
40,39,310.02,21.6474
40,42,148.489,0
40,44,116.027,8.58954
40,46,223.195,10.0432
40,55,340.727,26.8903
40,56,243.21,14.7792
40,68,181.34,14.8334
40,69,208.976,13.6406
40,73,64.1327,0
40,74,214.215,10.3672
40,77,181.158,13.4233
40,83,229.412,18.0479
40,85,309.368,26.2588
40,89,174.897,0
40,93,114.543,0
40,98,354.1,27.7041
41,4,197.481,5.18735
41,11,145.986,3.79202
41,13,297.587,25.3432
41,21,237.002,4.77978
41,27,381.462,26.5328
41,31,263.715,21.6052
41,36,202.292,3.94178
41,58,283.986,4.36948
41,86,329.397,22.4252
41,87,115.261,6.45329
42,3,116.661,6.2497
42,5,123.841,8.97236
42,7,144.056,0
42,13,308.306,20.9132
42,23,211.715,15.6842
42,34,123.13,0
42,38,183.802,10.0604
42,40,148.489,0
42,44,199.32,1.18608
42,45,242.613,17.247
42,46,122.776,0
42,54,156.588,13.3957
42,55,166.027,0
42,60,236.455,15.7637
42,65,193.01,0
42,73,190.813,10.3321
42,74,130.614,0
42,76,168.951,14.1133
42,77,98.6002,0
42,85,259.041,16.7072
42,86,337.893,19.5268
42,89,93.6803,0
42,92,144.097,8.90012
42,93,39.8121,0
42,95,254.385,8.32616
43,10,161.142,10.0782
43,19,26.0768,0
43,24,379.696,21.1641
43,25,217.83,0
43,30,99.7649,2.02832
43,37,165.496,0
43,39,124.92,0
43,44,387.142,21.3077
43,52,25.632,0
43,53,236.059,20.2403
43,57,65.192,0
43,62,160.59,0
43,64,199.324,0
43,67,83.8689,0
43,69,200.684,0
43,71,156.541,0
43,72,58.8727,0
43,80,43.9318,0
43,83,333.787,17.1834
43,88,223.292,14.7383
43,91,284.694,21.0351
43,98,81.0494,0
44,3,146.923,12.3728
44,5,127.258,9.59077
44,10,415.047,0
44,19,357.742,29.7675
44,24,135.773,9.1907
44,27,176.594,0.649169
44,30,367.052,29.3502
44,31,214.306,0.630266
44,34,86.4095,2.35049
44,38,80.1694,3.68179
44,39,271.016,19.6441
44,40,116.027,8.58954
44,42,199.32,1.18608
44,43,387.142,21.3077
44,46,230.097,10.2265
44,53,398.453,8.32901
44,56,312.968,26.4786
44,66,198.214,6.56503
44,67,388.931,2.73782
44,68,245.323,20.9596
44,69,310.773,19.8215
44,71,449.008,2.18985
44,73,35.5738,0.954795
44,74,211.047,8.99199
44,77,222.207,3.32653
44,80,416.61,20.4249
44,83,149.466,0
44,93,175.322,2.00525
44,98,305.149,23.2587
45,7,73.4311,4.78304
45,26,140.313,9.71226
45,33,203.097,9.67208
45,42,242.613,17.247
45,54,224.053,6.10097
45,55,95.2088,3.07215
45,61,184.228,0
45,65,33.2031,2.34769
45,77,156.41,4.6629
45,85,150.437,2.88338
45,89,132.939,5.99435
45,92,254.458,21.325
45,93,220.125,9.08136
45,95,86.1626,0
45,99,166.448,6.98047
46,3,111.927,2.95171
46,4,260.823,9.62928
46,5,138.84,8.06722
46,13,134.551,2.35406
46,23,92.3497,2.80131
46,24,221.948,0
46,27,158.808,0
46,31,203.242,10.5003
46,34,191.857,8.31612
46,36,230.883,18.1649
46,38,138.708,0
46,40,223.195,10.0432
46,42,122.776,0
46,44,230.097,10.2265
46,54,351.966,18.6243
46,58,169.004,10.6366
46,60,93.9442,2.26769
46,73,199.473,10.7294
46,74,21.4009,0
46,76,113.274,8.22757
46,77,219.18,0
46,83,255.819,10.3526
46,86,161.678,2.24175
46,87,287.794,24.6013
46,89,216.301,0
46,92,209.185,16.5801
46,93,147.828,0
47,6,127.396,10.7858
47,8,118.68,0
47,12,253.647,21.702
47,16,216.5,8.0175
47,20,117.047,0
47,28,200.013,10.0063
47,29,146.492,0
47,35,36.3456,0
47,48,51.9711,0
47,49,202.71,16.9971
47,51,252.771,9.97824
47,62,220.142,7.1034
47,63,257.595,10.5015
47,64,102.005,0
47,72,261.692,12.5476
47,75,231.614,0
47,78,210.994,17.2959
47,88,108.972,1.58402
47,90,177.485,0
47,91,335.672,28.7598
47,94,177.229,0
48,6,109.012,8.14059
48,8,194.102,16.5563
48,12,188.049,15.6243
48,20,108.78,0
48,28,217.811,16.3812
48,29,232.954,16.7996
48,35,87.1436,0
48,47,51.9711,0
48,49,177.041,8.80128
48,51,276.054,20.341
48,63,267.393,18.2395
48,64,153.395,0
48,75,204.402,0
48,78,183.56,7.65288
48,88,151.42,0
48,90,154.434,0
48,94,300.121,25.6348
49,0,235.713,10.3487
49,6,79.2441,4.0618
49,8,136.646,5.84061
49,12,124.088,10.643
49,20,298.491,25.17
49,22,208.022,7.36602
49,28,126.136,4.77787
49,35,229.685,19.6312
49,47,202.71,16.9971
49,48,177.041,8.80128
49,51,159.481,5.76811
49,63,152.695,6.28517
49,64,240.579,10.166
49,88,211.093,6.80112
49,90,292.612,22.8146
49,91,275.801,22.8786
50,1,171.273,2.22108
50,2,24.7588,0
50,14,273.287,19.7619
50,15,115.77,9.78306
50,16,321.102,23.8353
50,17,75.2861,0
50,18,31.8277,0
50,39,214.037,0
50,56,85.1469,0
50,62,224.722,0
50,68,135.872,7.97096
50,69,139.359,0
50,70,231.912,16.6991
50,79,302.539,25.2116
50,81,235.691,9.46202
50,82,279.164,21.1095
50,85,214.441,0
50,94,290.168,20.4922
50,96,336,27.6733
51,0,182.634,3.59864
51,6,155.756,0
51,8,161.672,12.6566
51,9,127.393,4.74714
51,12,263.183,15.4837
51,22,104.544,8.11048
51,28,55.3624,0
51,35,238.588,3.48741
51,37,263.252,12.006
51,47,252.771,9.97824
51,48,276.054,20.341
51,49,159.481,5.76811
51,63,21.0238,0
51,88,302.442,25.7522
51,91,122.621,8.87321
52,8,361.213,28.8582
52,10,145.573,7.22057
52,19,40.1622,0
52,24,367.014,26.5165
52,25,203.217,0
52,30,116.297,0
52,37,139.864,0
52,39,150.546,0
52,43,25.632,0
52,53,213.065,17.5434
52,57,44.2832,0
52,62,178.639,0
52,64,233.75,12.359
52,67,79.4796,0
52,69,226.241,0
52,71,146.349,0
52,72,64.3506,0
52,80,26.1725,0
52,83,339.782,21.6615
52,88,237.872,18.5204
52,91,262.541,19.8374
52,98,106.301,0
53,4,291.08,24.9006
53,10,65.2993,0
53,19,259.692,21.7105
53,21,257.483,21.5806
53,24,181.791,15.0276
53,25,113.836,9.70195
53,27,274.885,23.5039
53,31,287.239,24.4953
53,37,215.5,10.0077
53,38,316.315,27.1002
53,43,236.059,20.2403
53,44,398.453,8.32901
53,52,213.065,17.5434
53,57,227.822,15.287
53,59,188.527,3.24187
53,66,189.332,10.9486
53,67,155.587,5.56255
53,71,48.89,1.78555
53,72,283.337,21.6644
53,73,362.161,27.5493
53,80,185.376,15.6897
53,83,241.097,11.3925
53,98,371.312,24.0008
54,3,277.041,22.7398
54,5,274.267,22.4386
54,7,156.626,10.6392
54,23,202.223,8.94917
54,26,286.6,24.1921
54,33,359.759,27.3863
54,34,260.688,15.2933
54,42,156.588,13.3957
54,45,224.053,6.10097
54,46,351.966,18.6243
54,55,202.075,17.3095
54,60,216.537,10.1948
54,61,363.306,20.6005
54,65,191.331,15.9918
54,74,353.046,25.1529
54,76,176.426,6.09014
54,77,172.131,14.4485
54,85,270.357,21.5223
54,89,141.281,11.8868
54,92,83.7906,4.1281
54,93,168.744,13.2468
54,95,309.055,6.77286
54,99,220.773,3.68795
55,5,234.709,1.48501
55,7,49.0408,0
55,26,99.5534,5.87974
55,33,155.052,12.9483
55,34,296.864,25.4484
55,40,340.727,26.8903
55,42,166.027,0
55,45,95.2088,3.07215
55,54,202.075,17.3095
55,61,172.861,14.7902
55,65,63.5138,0
55,68,326.951,28.0464
55,77,79.404,0
55,85,69.4622,0
55,89,72.45,0
55,92,281.19,23.1273
55,93,150.479,0
55,95,128.06,9.92542
55,99,257.464,8.55736
56,1,207.488,17.7775
56,2,70.5195,0
56,14,245.67,13.6392
56,15,171.051,2.02183
56,16,211.839,16.0607
56,17,21.4009,0
56,18,65.521,0
56,29,292.538,23.5176
56,30,187.024,6.55881
56,34,271.811,15.6719
56,39,129.004,0
56,40,243.21,14.7792
56,44,312.968,26.4786
56,50,85.1469,0
56,62,155.724,0
56,68,77.3175,0
56,69,56.0446,0
56,70,310.146,26.3433
56,81,213.259,14.0346
56,82,239.328,17.6444
56,94,255.011,15.9799
56,98,169.169,0
57,8,323.116,21.9265
57,9,232.219,11.5142
57,10,169.823,5.81911
57,19,63.0714,0
57,25,216.933,0
57,28,375.596,26.9859
57,30,134.082,0
57,35,259.483,11.4855
57,37,112.361,0
57,39,184.448,0
57,43,65.192,0
57,52,44.2832,0
57,53,227.822,15.287
57,62,186.818,0
57,64,229.676,16.0856
57,67,114.438,0
57,71,169.956,0
57,72,64.2806,0
57,80,58,0
57,88,196.645,13.4556
57,91,218.647,18.0871
57,98,139.982,1.10165
58,3,234.137,13.9367
58,4,155.084,13.1885
58,5,262.393,18.2808
58,11,172.729,14.5124
58,13,189.11,13.0372
58,21,188.857,14.1073
58,23,288.562,16.8878
58,24,233.128,14.6013
58,27,129.654,11.055
58,31,109.349,9.38059
58,36,86.5332,0
58,38,255.479,21.6158
58,41,283.986,4.36948
58,46,169.004,10.6366
58,59,251.776,13.7271
58,60,271.956,15.9379
58,66,208.477,13.2617
58,73,314.182,26.5117
58,74,157.177,10.4785
58,76,308.011,22.7603
58,83,297.01,22.894
58,86,202.517,13.3063
58,87,151.186,5.87197
59,4,122.495,0
59,10,253.8,3.27715
59,11,171.945,0
59,21,81.0062,0
59,24,132.061,0
59,25,170.11,11.177
59,27,152.069,0
59,31,144.586,0
59,36,271.095,16.9656
59,38,232.157,0
59,53,188.527,3.24187
59,58,251.776,13.7271
59,66,67.7791,0
59,67,344.535,8.26378
59,71,221.16,5.28321
59,80,371.935,28.3611
59,83,277.695,20.574
60,3,202.544,16.8787
60,5,229.232,19.6218
60,13,100.717,0
60,23,16.5844,1.41344
60,27,255.792,20.6764
60,31,299.759,25.7006
60,34,283.657,23.1388
60,36,329.17,17.4801
60,38,232.452,16.9293
60,42,236.455,15.7637
60,46,93.9442,2.26769
60,54,216.537,10.1948
60,58,271.956,15.9379
60,73,291.073,23.6382
60,74,115.985,7.48057
60,76,35.3191,0.973873
60,86,112.161,0
60,87,315.664,23.0079
60,89,343.414,28.8001
60,92,142.693,1.49537
60,93,252.448,21.5854
61,7,190.426,16.2331
61,26,76.0263,0
61,33,68,0
61,45,184.228,0
61,54,363.306,20.6005
61,55,172.861,14.7902
61,65,143,8.75037
61,77,253.931,19.9097
61,85,183.618,15.751
61,89,241.128,19.6817
61,95,87.4134,4.87953
61,99,187.076,5.59085
62,1,307.441,24.1995
62,2,219.893,0
62,8,229.898,0
62,16,124.175,8.00109
62,17,153.388,0
62,18,193.992,0
62,19,138.539,0
62,29,143.001,6.35562
62,30,67.4759,0
62,35,185.775,6.6821
62,39,118.457,0
62,43,160.59,0
62,47,220.142,7.1034
62,50,224.722,0
62,52,178.639,0
62,56,155.724,0
62,57,186.818,0
62,64,110.295,1.5879
62,67,241.283,0.612362
62,68,215.564,0
62,69,139.646,0
62,72,122.642,0
62,80,203.177,0
62,82,328.206,24.1639
62,88,134.183,0
62,94,163.864,8.47129
62,97,260.909,12.2838
62,98,114.987,3.41959
63,0,158.63,1.60633
63,6,158.569,2.42701
63,8,166.734,11.5411
63,9,135.085,0
63,12,253.584,16.1887
63,22,79.8991,4.32893
63,28,65.4599,0
63,35,246.549,4.06532
63,47,257.595,10.5015
63,48,267.393,18.2395
63,49,152.695,6.28517
63,51,21.0238,0
63,88,288.285,21.1198
63,91,144.604,9.64025
64,6,177.577,2.18942
64,8,134.112,0
64,16,153.075,5.76263
64,19,173.28,0
64,20,222.376,12.6984
64,28,240.901,14.4447
64,29,113.442,0
64,30,141.287,0
64,35,66.2722,0
64,39,214.842,0
64,43,199.324,0
64,47,102.005,0
64,48,153.395,0
64,49,240.579,10.166
64,52,233.75,12.359
64,57,229.676,16.0856
64,62,110.295,1.5879
64,72,141.45,0
64,78,316.668,26.0811
64,80,265.088,14.5827
64,88,43.2897,0
64,91,321.441,27.4489
64,94,146.031,0
64,97,276.853,16.4332
64,98,208.077,9.36299
65,7,49.366,0
65,26,103.901,8.20553
65,33,170.201,9.74077
65,42,193.01,0
65,45,33.2031,2.34769
65,54,191.331,15.9918
65,55,63.5138,0
65,61,143,8.75037
65,77,129.294,0
65,85,117.273,0
65,89,106.738,0
65,92,275.161,23.3695
65,93,189.489,0
65,95,60.8999,5.18501
65,99,190.426,6.8229
66,3,223.857,2.58795
66,4,110.059,0
66,5,234.004,4.0067
66,10,245.026,12.0194
66,11,166.964,0
66,21,85.0412,0
66,24,72.1249,0
66,25,245.344,18.1333
66,27,92.7847,0
66,31,98.8585,0
66,36,247.051,18.6587
66,38,164.976,0
66,44,198.214,6.56503
66,53,189.332,10.9486
66,58,208.477,13.2617
66,59,67.7791,0
66,67,275.785,22.0383
66,71,237.133,12.8564
66,73,187,0
66,74,225.595,0
66,80,337.375,28.883
66,83,170.207,14.5754
67,10,86.3699,6.2286
67,19,109.809,0
67,24,279.305,11.9172
67,25,141.152,0
67,30,182.462,4.56302
67,37,159.79,0
67,39,234.274,19.8122
67,43,83.8689,0
67,44,388.931,2.73782
67,52,79.4796,0
67,53,155.587,5.56255
67,57,114.438,0
67,59,344.535,8.26378
67,62,241.283,0.612362
67,66,275.785,22.0383
67,71,74.9466,0
67,72,140.982,0
67,73,405.792,18.2144
67,80,56.8859,0
67,83,275.277,2.71787
67,98,142.804,0
68,1,277.064,23.6065
68,2,113.382,8.15766
68,3,279.809,18.7099
68,5,249.872,13.6932
68,15,207.898,14.4131
68,17,96.1041,0
68,18,118.004,0
68,30,226.931,7.18379
68,34,195.568,12.9259
68,38,317.869,26.8761
68,39,143.736,0
68,40,181.34,14.8334
68,44,245.323,20.9596
68,50,135.872,7.97096
68,55,326.951,28.0464
68,56,77.3175,0
68,62,215.564,0
68,69,77.801,0
68,70,301.42,23.9222
68,73,245.418,19.4274
68,77,358.436,13.8894
68,81,325.806,27.6382
68,83,376.626,28.9772
68,85,240.653,17.2694
68,89,385.42,25.3735
68,93,336.972,26.6514
68,98,190.83,0
69,1,266.321,21.7007
69,2,121.202,0
69,15,216.947,0
69,16,246.412,20.2536
69,17,74.2496,0
69,18,121.565,0
69,19,207.922,6.09371
69,29,282.897,17.9898
69,30,150.534,6.93891
69,34,242.221,15.7105
69,39,76.2955,0
69,40,208.976,13.6406
69,43,200.684,0
69,44,310.773,19.8215
69,50,139.359,0
69,52,226.241,0
69,56,56.0446,0
69,62,139.646,0
69,68,77.801,0
69,72,220.785,7.63278
69,73,310.677,26.1082
69,81,264.407,14.3721
69,82,292.228,21.6338
69,83,387.716,22.2289
69,94,298.282,22.7635
69,98,120.553,0
70,1,225.238,17.1622
70,2,231.047,19.6176
70,14,385.336,6.00793
70,15,94.5785,7.92147
70,17,310.701,26.6374
70,18,301.171,15.0569
70,33,455.016,9.57387
70,50,231.912,16.6991
70,56,310.146,26.3433
70,68,301.42,23.9222
70,79,428.864,10.6818
70,81,321.603,10.4089
70,85,319.336,23.7907
71,4,334.788,28.6586
71,10,35.4828,3.02026
71,19,181.761,0
71,21,297.001,24.256
71,24,231.111,17.5094
71,25,68.884,0
71,27,323.614,27.6912
71,31,335.757,28.7702
71,37,166.397,0
71,43,156.541,0
71,44,449.008,2.18985
71,52,146.349,0
71,53,48.89,1.78555
71,57,169.956,0
71,59,221.16,5.28321
71,66,237.133,12.8564
71,67,74.9466,0
71,72,210.535,0
71,80,120.42,0
71,83,289.138,9.26419
71,98,335.968,26.873
72,8,291.545,23.7457
72,10,211.029,8.40911
72,16,237.027,6.45426
72,19,33.7343,0
72,29,229.924,0
72,30,72.7324,0
72,35,225.505,11.9873
72,37,176.026,0
72,39,149.136,5.74381
72,43,58.8727,0
72,47,261.692,12.5476
72,52,64.3506,0
72,53,283.337,21.6644
72,57,64.2806,0
72,62,122.642,0
72,64,141.45,0
72,67,140.982,0
72,69,220.785,7.63278
72,71,210.535,0
72,80,90.5097,0
72,88,159.074,11.7917
72,91,276.126,23.6005
72,98,100.619,4.67272
73,3,109.532,9.34231
73,5,93.3168,7.88391
73,10,407.956,20.5883
73,13,309.56,25.3831
73,23,286.106,23.1086
73,24,119.854,0
73,27,161.245,0
73,31,199.7,0
73,34,66.3116,2.37078
73,38,64.1437,5.48237
73,39,308.654,24.5563
73,40,64.1327,0
73,42,190.813,10.3321
73,44,35.5738,0.954795
73,46,199.473,10.7294
73,53,362.161,27.5493
73,58,314.182,26.5117
73,60,291.073,23.6382
73,66,187,0
73,67,405.792,18.2144
73,68,245.418,19.4274
73,69,310.677,26.1082
73,74,184.293,10.642
73,76,294.978,22.6323
73,77,207.554,5.55726
73,83,127.088,10.7992
73,89,236.79,7.87451
73,93,166.25,9.34923
73,98,341.485,28.1377
74,3,100.471,2.65422
74,4,248.216,11.4654
74,5,129.416,8.06417
74,13,132.167,8.27546
74,23,115.909,7.97846
74,24,200.831,0
74,27,138.398,0
74,31,179.616,8.51051
74,34,183.913,8.70116
74,36,228.354,19.0853
74,38,121.004,0
74,40,214.215,10.3672
74,42,130.614,0
74,44,211.047,8.99199
74,46,21.4009,0
74,54,353.046,25.1529
74,58,157.177,10.4785
74,60,115.985,7.48057
74,66,225.595,0
74,73,184.293,10.642
74,76,135.07,11.3897
74,77,223.772,0
74,83,235.703,10.1572
74,86,161.956,8.75669
74,87,194.093,0
74,89,224.116,0
74,92,227.806,17.0344
74,93,150.735,0
75,12,213.115,0
75,20,122.544,0
75,32,143.809,0
75,47,231.614,0
75,48,204.402,0
75,78,135.015,0
75,90,55.2268,0
76,3,201.254,15.4724
76,5,225.035,18.6058
76,13,127.085,10.1592
76,23,24.1868,0
76,27,281.256,20.9145
76,34,260.816,17.1013
76,36,362.585,25.3666
76,38,240.332,15.2216
76,42,168.951,14.1133
76,46,113.274,8.22757
76,54,176.426,6.09014
76,58,308.011,22.7603
76,60,35.3191,0.973873
76,73,294.978,22.6323
76,74,135.07,11.3897
76,77,258.966,15.1586
76,86,106.066,7.95495
76,87,340.402,28.2812
76,89,249.301,16.262
76,92,106.532,0
76,93,206.416,15.8727
77,3,195.004,12.8591
77,5,155.335,1.47357
77,7,85.1469,0
77,23,312.27,26.4247
77,26,178.954,6.43674
77,33,233.077,15.3025
77,34,135.148,0
77,38,211.092,0
77,40,181.158,13.4233
77,42,98.6002,0
77,44,222.207,3.32653
77,45,156.41,4.6629
77,46,219.18,0
77,54,172.131,14.4485
77,55,79.404,0
77,61,253.931,19.9097
77,65,129.294,0
77,68,358.436,13.8894
77,73,207.554,5.55726
77,74,223.772,0
77,76,258.966,15.1586
77,85,168.515,14.4519
77,89,34.7851,0
77,92,211.895,11.5308
77,93,73.7631,0
77,95,190.325,7.90421
78,6,291.52,21.5962
78,16,283.987,23.2328
78,20,63.561,0
78,29,241.706,12.1257
78,32,85.1469,0
78,35,269.64,22.1071
78,47,210.994,17.2959
78,48,183.56,7.65288
78,64,316.668,26.0811
78,75,135.015,0
78,79,329.41,28.2566
78,82,359.803,16.8835
78,84,301.849,24.5297
78,88,354.624,29.9065
78,90,93.3006,0
78,94,231.498,14.7836
78,96,276.02,23.3311
78,97,197.948,16.5942
79,1,155.068,13.0044
79,2,313.05,26.8099
79,14,33.5261,0
79,15,342.014,28.0811
79,16,240.639,20.2561
79,17,291.367,23.811
79,18,239.331,18.0009
79,29,286.23,24.5547
79,32,321.165,25.0486
79,50,302.539,25.2116
79,70,428.864,10.6818
79,78,329.41,28.2566
79,81,72.45,0
79,82,88.0095,6.00639
79,84,117.444,0
79,94,252.496,21.0831
79,96,45.2769,0
79,97,120.525,7.97281
80,10,119.806,6.75827
80,19,64.8845,0
80,24,343.14,23.916
80,25,177.2,0
80,30,141.269,1.0307
80,37,130.511,0
80,39,164.149,0
80,43,43.9318,0
80,44,416.61,20.4249
80,52,26.1725,0
80,53,185.376,15.6897
80,57,58,0
80,59,371.935,28.3611
80,62,203.177,0
80,64,265.088,14.5827
80,66,337.375,28.883
80,67,56.8859,0
80,71,120.42,0
80,72,90.5097,0
80,83,324.656,18.9092
80,88,257.98,18.1099
80,91,276.848,21.514
80,98,123.065,0
81,1,81.0531,2.61538
81,2,251.96,17.3079
81,14,39,0
81,15,232.455,19.7371
81,16,224.219,19.1346
81,17,191.654,13.3452
81,18,203.852,13.076
81,29,261.891,20.5496
81,50,235.691,9.46202
81,56,213.259,14.0346
81,68,325.806,27.6382
81,69,264.407,14.3721
81,70,321.603,10.4089
81,79,72.45,0
81,82,94.616,7.45832
81,84,189.763,0
81,94,228.433,18.7286
81,96,99.3227,0
81,97,167.987,10.1927
82,1,161.555,13.4629
82,2,263.031,22.2736
82,14,76.018,4.42757
82,15,352.467,27.6629
82,16,142.025,11.8889
82,17,215.511,16.3086
82,18,205.399,17.0586
82,29,193.106,16.5657
82,32,302.004,25.2478
82,50,279.164,21.1095
82,56,239.328,17.6444
82,62,328.206,24.1639
82,69,292.228,21.6338
82,78,359.803,16.8835
82,79,88.0095,6.00639
82,81,94.616,7.45832
82,84,219.266,18.5248
82,94,165.115,12.536
82,96,91.4309,6.90443
82,97,117.158,9.62335
83,3,188.553,12.7479
83,4,250.445,14.2779
83,5,208.828,17.5128
83,10,267.677,4.2683
83,19,354.004,23.0429
83,21,243.695,16.675
83,24,87.4036,3.53528
83,25,350.159,23.8313
83,27,170.35,11.1474
83,30,363.223,28.9369
83,31,204.792,12.352
83,34,192.335,14.7063
83,38,124.918,9.31684
83,39,284.456,22.2687
83,40,229.412,18.0479
83,43,333.787,17.1834
83,44,149.466,0
83,46,255.819,10.3526
83,52,339.782,21.6615
83,53,241.097,11.3925
83,58,297.01,22.894
83,59,277.695,20.574
83,66,170.207,14.5754
83,67,275.277,2.71787
83,68,376.626,28.9772
83,69,387.716,22.2289
83,71,289.138,9.26419
83,73,127.088,10.7992
83,74,235.703,10.1572
83,80,324.656,18.9092
83,93,292.641,21.3828
83,98,296.392,23.0265
84,1,272.484,16.4081
84,14,150.96,0
84,32,130.801,0
84,78,301.849,24.5297
84,79,117.444,0
84,81,189.763,0
84,82,219.266,18.5248
84,94,292.545,24.9774
84,96,123.778,7.8198
84,97,165.77,14.2181
85,2,203.027,0
85,7,118.33,0
85,15,172.29,0
85,26,106.008,5.51124
85,33,138.207,10.8974
85,34,307,25.7162
85,40,309.368,26.2588
85,42,259.041,16.7072
85,45,150.437,2.88338
85,50,214.441,0
85,54,270.357,21.5223
85,55,69.4622,0
85,61,183.618,15.751
85,65,117.273,0
85,68,240.653,17.2694
85,70,319.336,23.7907
85,77,168.515,14.4519
85,89,141.139,5.01956
85,93,252.482,20.6282
85,95,181.921,14.9989
86,3,265.919,22.8079
86,4,354.783,29.2121
86,5,295.937,25.106
86,11,363.857,28.6048
86,13,30.2655,0
86,23,126.272,3.73687
86,27,267.865,22.8084
86,31,266.548,22.856
86,36,238.439,15.4728
86,38,275.004,22.3985
86,41,329.397,22.4252
86,42,337.893,19.5268
86,46,161.678,2.24175
86,58,202.517,13.3063
86,60,112.161,0
86,74,161.956,8.75669
86,76,106.066,7.95495
86,87,216.005,17.7187
86,92,200.101,5.1825
86,93,337.138,28.3036
87,4,188.707,14.0614
87,11,148.49,11.0827
87,13,216.014,18.0814
87,21,230.423,14.7643
87,23,334.083,24.3126
87,27,274.381,21.0741
87,31,242.526,16.7749
87,36,88.3059,2.26171
87,41,115.261,6.45329
87,46,287.794,24.6013
87,58,151.186,5.87197
87,60,315.664,23.0079
87,74,194.093,0
87,76,340.402,28.2812
87,86,216.005,17.7187
88,6,153.287,0
88,8,96.3328,0
88,16,193.36,4.90252
88,19,190.552,11.8962
88,20,241.186,12.0996
88,28,220.733,18.1693
88,29,156.08,0
88,30,149.907,0
88,35,76.0225,2.18577
88,39,239.039,5.42905
88,43,223.292,14.7383
88,47,108.972,1.58402
88,48,151.42,0
88,49,211.093,6.80112
88,51,302.442,25.7522
88,52,237.872,18.5204
88,57,196.645,13.4556
88,62,134.183,0
88,63,288.285,21.1198
88,64,43.2897,0
88,72,159.074,11.7917
88,78,354.624,29.9065
88,80,257.98,18.1099
88,91,277.113,22.1113
88,94,189.011,0
88,98,213.667,9.41904
89,3,205.388,11.9441
89,5,191.329,9.84087
89,7,58.3095,0
89,23,289.969,23.9187
89,26,179.976,10.8497
89,33,227.59,16.1155
89,34,160.863,0
89,38,229.613,0
89,40,174.897,0
89,42,93.6803,0
89,45,132.939,5.99435
89,46,216.301,0
89,54,141.281,11.8868
89,55,72.45,0
89,60,343.414,28.8001
89,61,241.128,19.6817
89,65,106.738,0
89,68,385.42,25.3735
89,73,236.79,7.87451
89,74,224.116,0
89,76,249.301,16.262
89,77,34.7851,0
89,85,141.139,5.01956
89,92,193.11,13.8267
89,93,83.0241,0
89,95,167.68,7.37305
90,6,267.157,19.5047
90,12,188.298,0
90,20,67.624,0
90,29,326.415,27.2824
90,32,133.255,0
90,35,207.711,0
90,47,177.485,0
90,48,154.434,0
90,49,292.612,22.8146
90,75,55.2268,0
90,78,93.3006,0
90,94,327.555,27.9638
90,97,277.66,20.5154
91,6,279.507,23.929
91,8,216.257,7.06806
91,9,69.029,0
91,19,286.838,23.3732
91,22,232.963,19.8953
91,28,143.031,11.6423
91,35,321.826,27.3237
91,37,139.946,0
91,43,284.694,21.0351
91,47,335.672,28.7598
91,49,275.801,22.8786
91,51,122.621,8.87321
91,52,262.541,19.8374
91,57,218.647,18.0871
91,63,144.604,9.64025
91,64,321.441,27.4489
91,72,276.126,23.6005
91,80,276.848,21.514
91,88,277.113,22.1113
92,3,257.452,18.366
92,5,271.911,21.1413
92,7,240.943,20.6462
92,13,229.433,16.106
92,23,129.522,0
92,42,144.097,8.90012
92,45,254.458,21.325
92,46,209.185,16.5801
92,54,83.7906,4.1281
92,55,281.19,23.1273
92,60,142.693,1.49537
92,65,275.161,23.3695
92,74,227.806,17.0344
92,76,106.532,0
92,77,211.895,11.5308
92,86,200.101,5.1825
92,89,193.11,13.8267
92,93,180.574,9.1845
92,95,337.046,28.771
93,3,121.511,9.73932
93,5,110.904,8.78121
93,7,140.431,0
93,13,300.807,25.7754
93,23,235.401,20.1893
93,26,250.02,7.02185
93,34,92.0869,0
93,38,157.726,4.54206
93,40,114.543,0
93,42,39.8121,0
93,44,175.322,2.00525
93,45,220.125,9.08136
93,46,147.828,0
93,54,168.744,13.2468
93,55,150.479,0
93,60,252.448,21.5854
93,65,189.489,0
93,68,336.972,26.6514
93,73,166.25,9.34923
93,74,150.735,0
93,76,206.416,15.8727
93,77,73.7631,0
93,83,292.641,21.3828
93,85,252.482,20.6282
93,86,337.138,28.3036
93,89,83.0241,0
93,92,180.574,9.1845
93,95,250.266,7.62961
94,1,344.943,18.6833
94,14,254.925,21.0997
94,16,49.7293,0
94,17,248.704,18.5197
94,18,288.387,24.6435
94,20,261.052,21.1788
94,29,33.7343,0
94,30,230.677,8.69168
94,32,305.329,19.5091
94,35,164.539,0
94,47,177.229,0
94,48,300.121,25.6348
94,50,290.168,20.4922
94,56,255.011,15.9799
94,62,163.864,8.47129
94,64,146.031,0
94,69,298.282,22.7635
94,78,231.498,14.7836
94,79,252.496,21.0831
94,81,228.433,18.7286
94,82,165.115,12.536
94,84,292.545,24.9774
94,88,189.011,0
94,90,327.555,27.9638
94,96,144.066,5.45705
94,97,115.423,8.20965
95,7,110.845,7.04665
95,26,110.887,0
95,33,154.052,0
95,42,254.385,8.32616
95,45,86.1626,0
95,54,309.055,6.77286
95,55,128.06,9.92542
95,61,87.4134,4.87953
95,65,60.8999,5.18501
95,77,190.325,7.90421
95,85,181.921,14.9989
95,89,167.68,7.37305
95,92,337.046,28.771
95,93,250.266,7.62961
95,99,153.592,2.52013
96,1,175.004,12.6658
96,14,67.0671,0
96,16,242.446,18.1835
96,17,293.88,23.5212
96,18,256.026,19.1087
96,29,175.388,4.7074
96,32,292.74,14.3793
96,50,336,27.6733
96,78,276.02,23.3311
96,79,45.2769,0
96,81,99.3227,0
96,82,91.4309,6.90443
96,84,123.778,7.8198
96,94,144.066,5.45705
96,97,77.3633,6.62685
97,1,263.791,22.5357
97,14,118.152,0
97,16,147.988,8.09137
97,18,305.665,25.3565
97,20,314.125,21.8652
97,29,161.028,12.9317
97,32,184.053,15.5805
97,62,260.909,12.2838
97,64,276.853,16.4332
97,78,197.948,16.5942
97,79,120.525,7.97281
97,81,167.987,10.1927
97,82,117.158,9.62335
97,84,165.77,14.2181
97,90,277.66,20.5154
97,94,115.423,8.20965
97,96,77.3633,6.62685
98,2,239.075,0
98,10,314.532,22.7101
98,16,244.156,15.1431
98,17,180.278,0
98,18,230.176,0
98,19,78.1018,1.62069
98,24,370.763,27.2758
98,29,262.829,11.7734
98,30,67.61,5.73661
98,39,47.2017,0
98,40,354.1,27.7041
98,43,81.0494,0
98,44,305.149,23.2587
98,52,106.301,0
98,53,371.312,24.0008
98,56,169.169,0
98,57,139.982,1.10165
98,62,114.987,3.41959
98,64,208.077,9.36299
98,67,142.804,0
98,68,190.83,0
98,69,120.553,0
98,71,335.968,26.873
98,72,100.619,4.67272
98,73,341.485,28.1377
98,80,123.065,0
98,83,296.392,23.0265
98,88,213.667,9.41904
99,7,238.753,12.9038
99,26,242.958,16.7965
99,33,255.073,17.9429
99,45,166.448,6.98047
99,54,220.773,3.68795
99,55,257.464,8.55736
99,61,187.076,5.59085
99,65,190.426,6.8229
99,95,153.592,2.52013
