0,8,91.0879,0
0,46,92.1954,0
0,59,64.8845,0
0,66,142.13,0
0,78,166.883,0
0,87,177.138,0
1,4,144.62,7.113
1,6,82.483,3.93609
1,7,236.87,8.4686
1,17,189.491,15.5296
1,18,128.409,9.73959
1,20,148.73,11.5226
1,24,265.907,14.3982
1,27,173.615,7.35902
1,28,212.706,18.012
1,29,259.542,8.21861
1,33,168.011,4.43848
1,35,139.401,11.1698
1,37,149.871,12.8095
1,38,286.798,4.27927
1,43,41.589,3.55461
1,56,237.837,19.7188
1,60,307.935,8.71646
1,65,70.7107,0
1,81,263.449,22.1492
1,83,234.063,9.77008
1,84,205.084,17.517
1,86,231.973,19.6086
1,93,113.809,7.83392
1,95,165.005,12.5882
1,98,242.281,19.2436
2,5,164,0
2,21,175.96,0
2,22,185.348,0
2,51,35.4401,0
2,55,178.398,7.0565
2,75,59.4811,0
2,94,185.413,0
2,99,56.4358,0
3,4,196.005,16.6572
3,7,98.9636,3.29827
3,12,254.088,19.5969
3,14,137.811,7.77395
3,15,110.787,9.50395
3,17,256.818,21.2194
3,20,199.484,10.9147
3,24,129.685,10.6207
3,25,120.362,10.0302
3,26,116.035,9.20915
3,36,6.40312,0
3,37,226.151,15.5624
3,43,317.383,18.6463
3,44,149.686,9.42077
3,48,128.18,10.9174
3,49,148.108,10.9973
3,50,230.954,17.1249
3,53,309.487,21.3246
3,54,8.94427,0
3,56,113.995,9.77778
3,61,150.518,7.87908
3,62,136.264,9.92396
3,63,174.173,14.8636
3,65,303.915,19.5338
3,67,204.707,10.436
3,74,207.813,10.9936
3,78,206.457,12.0993
3,82,152.01,12.5025
3,83,102.829,6.52451
3,84,243.388,16.5919
3,87,222.853,15.7272
3,89,197.309,5.3752
3,93,266.416,22.321
3,96,68.0984,5.57862
4,1,144.62,7.113
4,3,196.005,16.6572
4,6,91.3753,7.79717
4,7,108.69,9.32231
4,12,337.505,14.3403
4,15,207.527,17.7114
4,17,194.171,15.8919
4,18,191.444,15.3928
4,20,35.0624,2.56867
4,24,153.761,12.8657
4,25,255.889,20.9252
4,26,148.85,7.80451
4,27,172.147,7.38558
4,33,244.614,16.3076
4,35,199.133,16.6785
4,36,194.207,16.2634
4,37,90.2578,5.78956
4,43,103.901,8.20553
4,54,201.427,17.1559
4,56,89.2377,5.3651
4,62,150.147,6.09372
4,65,80.9904,5.31628
4,67,143.778,4.22061
4,74,195.068,5.09982
4,83,108.302,9.02514
4,84,234.51,12.3133
4,93,68.0438,5.82856
4,95,132.616,7.10442
4,96,271.346,22.2334
5,2,164,0
5,22,139.979,0
5,23,54.3323,0
5,30,148.96,0
5,40,178.226,1.64904
5,42,178.138,0
5,47,220.504,13.0722
5,51,177.291,0
5,55,172.569,0
5,57,107.782,0
5,70,188.449,0
5,73,139.904,0
5,94,114.272,0
6,1,82.483,3.93609
6,4,91.3753,7.79717
6,7,253.496,7.67031
6,17,216.47,18.4716
6,18,194.081,15.2294
6,19,163.132,0
6,20,134.22,11.3016
6,24,313.735,4.71238
6,26,192.706,4.19371
6,27,114.586,0
6,28,140.089,0
6,29,259.051,16.7557
6,33,245.108,10.1897
6,35,207.828,16.5394
6,37,63.1585,0
6,38,236.471,18.8861
6,43,90.2497,7.5208
6,45,174.863,0
6,56,182.864,15.4181
6,60,321.705,18.7373
6,62,184.361,0
6,65,48.3333,3.22222
6,67,150.944,0
6,83,231.178,13.02
6,84,238.526,20.2448
6,93,28.6007,0
6,95,85.2115,0
7,1,236.87,8.4686
7,3,98.9636,3.29827
7,4,108.69,9.32231
7,6,253.496,7.67031
7,12,214.856,6.53603
7,15,94.6532,8.08204
7,17,133.403,10.1939
7,18,149.838,11.1855
7,20,74.9255,5.94647
7,24,49.6231,1.56792
7,25,142.879,11.5704
7,26,149.459,3.95877
7,33,197.156,16.291
7,35,158.186,12.024
7,36,91.6291,2.73568
7,37,214.157,18.371
7,43,178.009,9.14896
7,44,238.169,19.8752
7,48,257.231,22.0358
7,49,211.548,16.1249
7,53,266.248,4.34647
7,54,100.253,4.06074
7,56,96.3703,2.37175
7,61,229.942,18.6569
7,62,159.056,1.50887
7,65,218.22,0
7,80,253.385,19.7443
7,83,11.0856,0.944796
7,84,132.318,5.01204
7,86,245.967,21.0073
7,93,175.408,15.0465
7,96,201.121,15.6942
7,98,257.173,22.0601
8,0,91.0879,0
8,10,119.854,0
8,14,175.935,0
8,46,72.9178,0
8,59,39.4081,0
8,66,96.5194,0
8,68,104.389,0
8,74,168.291,0
8,76,152.329,0
8,78,174.003,0
8,85,170.32,0
9,11,88.0768,3.17871
9,13,89.7197,4.94243
9,21,46.3249,0
9,22,55.8032,0
9,32,138.386,9.86792
9,33,202.459,11.4879
9,35,215.208,13.2284
9,51,179.254,0
9,52,167.118,9.6443
9,55,40.4969,0
9,57,145.661,0
9,69,229.032,18.0193
9,70,57.5587,0
9,73,63.0317,0
9,75,195.314,12.1668
9,81,129.799,11.1346
9,86,128.152,2.36589
9,91,236,19.5506
9,94,85.4283,0
9,98,119.112,2.51323
10,8,119.854,0
10,14,111.83,0
10,26,128.016,0
10,46,122.589,0
10,48,178.922,0
10,56,174.347,0
10,59,134.737,0
10,62,110.223,0
10,66,82.9759,0
10,67,114.691,0
10,68,70.214,0
10,74,49.6488,0
10,76,91.351,0
10,78,177.589,0
10,79,156.003,0
10,82,179.878,0
10,85,52.5547,0
11,9,88.0768,3.17871
11,12,200.397,13.4119
11,13,59.5234,1.7361
11,17,151.116,9.67483
11,18,143.188,10.1244
11,21,155.23,12.7229
11,22,131.317,6.9036
11,32,52.345,0
11,33,109.979,1.95831
11,34,232.126,19.4752
11,35,131.206,9.32303
11,43,253.136,21.6236
11,52,91.7878,0
11,53,186.046,13.4168
11,55,126.27,2.2484
11,57,189.441,7.58827
11,69,226.259,19.314
11,70,64.0312,0
11,73,118.169,2.84336
11,81,65.3537,1.01896
11,84,205.927,17.5367
11,86,43.1393,0
11,91,220.103,18.861
11,92,262.365,22.314
11,94,137.525,0
11,98,38.3275,0
12,3,254.088,19.5969
12,4,337.505,14.3403
12,7,214.856,6.53603
12,11,200.397,13.4119
12,13,248.961,20.8569
12,15,146.811,7.21131
12,17,154.016,7.20939
12,18,249.095,16.4426
12,20,270.618,16.8043
12,24,160.667,9.76082
12,25,133.367,8.50828
12,32,177.182,15.1905
12,33,308.443,13.7784
12,34,152.555,11.2937
12,35,261.307,12.4401
12,36,264.332,16.1649
12,43,261.909,22.2676
12,44,214.059,18.2758
12,49,246.096,20.7753
12,50,132.613,7.61415
12,52,161.048,12.9855
12,53,53.3667,0
12,54,251.186,17.9334
12,61,174.144,11.9159
12,69,267.736,11.6909
12,72,127.084,9.65506
12,77,210.19,16.4724
12,80,79.4667,6.13427
12,83,214.454,11.2443
12,84,117.201,0
12,86,159.467,12.2308
12,89,207.556,17.7174
12,91,260.889,11.9372
12,92,231.377,17.9424
12,96,260.328,20.9205
12,97,247.666,20.6095
12,98,193.35,13.6237
13,9,89.7197,4.94243
13,11,59.5234,1.7361
13,12,248.961,20.8569
13,17,226.086,19.3093
13,18,191.607,11.4052
13,21,136.863,5.63642
13,22,98.5069,6.82926
13,32,73.4157,4.62057
13,33,170.882,5.85539
13,34,241.761,14.7436
13,35,186.88,12.8293
13,52,86.2898,6.9131
13,53,205.201,17.6023
13,55,126.766,6.16224
13,57,131.988,6.19345
13,69,178.011,12.5475
13,70,38.1838,2.91162
13,72,245.757,20.9902
13,73,90.5642,6.83898
13,80,234.303,19.391
13,81,120.784,3.42398
13,84,235.341,20.1267
13,86,98.0348,7.97617
13,91,174.843,12.4012
13,92,226.265,14.5933
13,94,111.804,7.10758
13,98,98.984,3.52473
14,3,137.811,7.77395
14,8,175.935,0
14,10,111.83,0
14,26,65.8635,0
14,36,144.666,8.22902
14,46,124.169,0
14,48,67.4759,0
14,49,200.408,16.0095
14,54,144.819,7.80199
14,56,120.104,0
14,59,163.083,0
14,62,67.6831,0
14,63,159.777,9.6344
14,66,80.0812,0
14,67,145.121,0
14,68,179.109,0
14,74,102.396,0
14,78,98.732,0
14,82,72.4017,0
14,83,242.174,19.31
14,85,132.061,0
14,87,116,0
14,96,167.099,13.773
15,3,110.787,9.50395
15,4,207.527,17.7114
15,7,94.6532,8.08204
15,12,146.811,7.21131
15,17,153.899,13.1218
15,18,212.484,16.2831
15,20,158.32,13.4873
15,24,54.1815,4.19322
15,25,47.0441,1.06409
15,26,237.638,20.1701
15,34,267.018,21.266
15,35,185.467,6.67103
15,36,109.037,9.08639
15,43,248.545,20.7935
15,44,115.018,0.982455
15,48,231.402,19.851
15,49,131.581,6.80233
15,50,230.85,11.3732
15,52,303.111,21.2638
15,53,197.099,8.68866
15,54,104.38,8.86684
15,56,186.456,15.9743
15,61,117.266,3.74413
15,62,255.064,21.8774
15,63,209.427,14.893
15,65,321.948,13.4827
15,72,214.845,18.3249
15,77,242.504,20.8035
15,80,168.879,14.256
15,82,266.978,22.7745
15,83,94.1637,7.77906
15,84,121.113,10.1839
15,86,285.115,23.308
15,89,237.019,17.2307
15,96,131.942,11.2082
16,19,95.5667,0
16,27,140.246,0
16,28,173.072,0
16,45,140.812,0
16,58,70.0071,0
16,64,94.6414,0
16,71,34.1321,0
16,79,137.615,0
16,88,16.0312,0
16,95,179.744,0
17,1,189.491,15.5296
17,3,256.818,21.2194
17,4,194.171,15.8919
17,6,216.47,18.4716
17,7,133.403,10.1939
17,11,151.116,9.67483
17,12,154.016,7.20939
17,13,226.086,19.3093
17,15,153.899,13.1218
17,18,85.0516,7.08763
17,20,150.026,12.8621
17,24,135.765,10.1823
17,25,245.52,3.88848
17,32,163.823,14.0323
17,33,160.091,7.18385
17,34,288.598,13.3563
17,35,109,6.20635
17,36,250.647,20.3424
17,43,132.488,11.1091
17,52,150.508,11.1522
17,53,166.443,8.31872
17,54,288.89,16.4043
17,56,280.175,20.1536
17,65,163.396,12.6846
17,70,210.652,13.5933
17,72,264.304,17.7185
17,80,228.336,14.2807
17,81,189.368,13.2211
17,83,146.951,10.9824
17,84,66.2722,0
17,86,110.399,8.76185
17,93,233.954,19.9686
17,98,128.523,9.97738
18,1,128.409,9.73959
18,4,191.444,15.3928
18,6,194.081,15.2294
18,7,149.838,11.1855
18,11,143.188,10.1244
18,12,249.095,16.4426
18,13,191.607,11.4052
18,15,212.484,16.2831
18,17,85.0516,7.08763
18,20,179.36,14.5196
18,24,202.939,16.543
18,25,211.909,10.9091
18,29,336.455,9.48455
18,32,141.997,4.90422
18,33,46.9574,3.4401
18,35,10,0
18,37,255.035,21.878
18,43,107,7.76515
18,52,173.647,8.39226
18,53,252.308,17.4062
18,60,353.308,8.62418
18,65,153.03,12.6163
18,70,199.31,8.89653
18,81,143.934,10.2872
18,83,159.863,12.4901
18,84,148.393,11.9483
18,86,100.925,4.60437
18,93,212.005,17.3314
18,98,109.042,9.26575
19,6,163.132,0
19,16,95.5667,0
19,27,67.1863,0
19,28,84.4334,0
19,29,247.393,20.8683
19,37,146.687,0
19,38,182.077,11.8403
19,45,67.2681,0
19,58,55.5698,0
19,64,48.0416,0
19,67,186.043,0
19,71,75.326,0
19,79,140.089,0
19,88,99.5389,0
19,93,167.601,0
19,95,107.336,0
20,1,148.73,11.5226
20,3,199.484,10.9147
20,4,35.0624,2.56867
20,6,134.22,11.3016
20,7,74.9255,5.94647
20,12,270.618,16.8043
20,15,158.32,13.4873
20,17,150.026,12.8621
20,18,179.36,14.5196
20,24,120.989,8.78787
20,25,206.416,17.4491
20,26,158.861,11.3196
20,27,206.157,9.79287
20,33,233.611,16.5179
20,35,184.869,15.6153
20,36,185.304,11.7801
20,37,127.316,9.14341
20,43,131.841,5.06228
20,53,319.681,15.6584
20,54,190.693,13.7765
20,56,101.044,8.60538
20,62,162.669,9.68271
20,65,114.203,7.02742
20,67,165.173,5.5352
20,83,64.3653,5.47653
20,84,188.87,10.4298
20,86,250.722,20.8648
20,93,107.649,9.23243
20,95,167.616,9.85697
20,96,262.531,17.4238
21,2,175.96,0
21,9,46.3249,0
21,11,155.23,12.7229
21,13,136.863,5.63642
21,22,85.0882,0
21,32,184.379,11.2825
21,51,150.604,1.60062
21,55,42.4264,3.4433
21,57,180.608,0.543959
21,70,103.755,0
21,73,97.0824,0
21,75,167.143,13.2653
21,81,150.76,12.882
21,86,198.494,14.3145
21,94,117.479,2.20948
21,98,209.274,17.8402
22,2,185.348,0
22,5,139.979,0
22,9,55.8032,0
22,11,131.317,6.9036
22,13,98.5069,6.82926
22,21,85.0882,0
22,23,157.867,0
22,32,170.082,14.4519
22,51,185.114,6.80134
22,52,142.864,0
22,55,56.0892,0
22,57,94.4299,0
22,69,182.097,12.0911
22,70,58.1808,0
22,73,14.3178,0
22,75,163.768,0
22,81,160.743,7.14413
22,86,150.153,0
22,91,188.469,13.9005
22,92,231.131,18.5552
22,94,29.7321,0
22,98,173.033,8.69448
23,5,54.3323,0
23,22,157.867,0
23,30,96.2549,0
23,40,125.431,0
23,42,124.004,0
23,47,151.729,4.80659
23,57,90.1388,0
23,69,216.393,14.6203
23,73,152.817,0
23,91,223.022,15.8411
23,94,128.413,0
24,1,265.907,14.3982
24,3,129.685,10.6207
24,4,153.761,12.8657
24,6,313.735,4.71238
24,7,49.6231,1.56792
24,12,160.667,9.76082
24,15,54.1815,4.19322
24,17,135.765,10.1823
24,18,202.939,16.543
24,20,120.989,8.78787
24,25,101.354,8.34763
24,26,194.082,15.4611
24,32,272.55,23.3215
24,33,246.457,20.1768
24,34,310.137,21.7333
24,35,195.824,16.78
24,36,125.994,9.44957
24,37,243.603,20.7748
24,43,202.693,14.3885
24,44,191.788,14.1132
24,48,278.392,21.9475
24,49,194.432,15.6792
24,50,258.563,21.0512
24,52,244.326,20.3886
24,53,214.494,9.32341
24,54,154.34,4.28919
24,56,127.094,8.18366
24,61,164.836,6.03673
24,62,209.632,15.7661
24,65,270.007,0
24,72,254.109,21.3423
24,80,186.306,15.7159
24,83,37.9154,2.64937
24,84,111.758,5.55199
24,86,265.574,20.5606
24,89,295.759,23.0697
24,93,222.806,18.831
24,96,220.396,3.75311
24,98,272.064,23.1209
25,3,120.362,10.0302
25,4,255.889,20.9252
25,7,142.879,11.5704
25,12,133.367,8.50828
25,15,47.0441,1.06409
25,17,245.52,3.88848
25,18,211.909,10.9091
25,20,206.416,17.4491
25,24,101.354,8.34763
25,26,242.156,20.4745
25,34,218.544,18.5524
25,35,242.222,19.2435
25,36,118.984,10.1783
25,43,282.697,23.6799
25,44,95.6766,1.46142
25,48,234.835,20.1455
25,49,107.829,1.25237
25,50,202.775,4.33571
25,52,298.083,21.5549
25,53,177.804,11.0114
25,54,110.074,9.22568
25,56,228.909,18.9213
25,61,90.0535,1.44914
25,63,166.148,1.37233
25,72,180.046,15.1994
25,77,214.759,18.3701
25,80,133.106,11.0638
25,82,259.093,22.2047
25,83,140.932,11.9415
25,84,189.156,0
25,89,197.127,14.3256
25,96,113,8.56932
25,97,271.715,22.7495
26,3,116.035,9.20915
26,4,148.85,7.80451
26,6,192.706,4.19371
26,7,149.459,3.95877
26,10,128.016,0
26,14,65.8635,0
26,15,237.638,20.1701
26,20,158.861,11.3196
26,24,194.082,15.4611
26,25,242.156,20.4745
26,36,118.848,9.21757
26,37,143.265,0
26,46,184.391,0
26,48,101.789,0
26,49,225.706,19.2941
26,54,125.03,9.55999
26,56,56.0803,0
26,62,20.1246,0
26,63,191.626,10.1258
26,65,225.948,17.7661
26,66,135.429,0
26,67,100.846,0
26,74,92.0272,0
26,78,161.4,0
26,82,118.152,0
26,83,137.362,2.04617
26,85,120.341,0
26,87,176.119,0
26,93,156,0
26,95,173.185,0
26,96,156.484,12.7001
27,1,173.615,7.35902
27,4,172.147,7.38558
27,6,114.586,0
27,16,140.246,0
27,19,67.1863,0
27,20,206.157,9.79287
27,28,111.503,0
27,37,82.201,0
27,38,212.9,16.1371
27,43,204.77,12.431
27,45,118.36,0
27,56,186.85,0
27,58,121.631,0
27,64,114.586,0
27,65,159.516,7.75426
27,67,122.809,0
27,71,108.757,0
27,74,186.904,0
27,79,109.128,0
27,85,175.756,0
27,88,149.967,0
27,93,110.436,0
27,95,41.3401,0
28,1,212.706,18.012
28,6,140.089,0
28,16,173.072,0
28,19,84.4334,0
28,27,111.503,0
28,29,161.991,11.6572
28,37,158.619,0
28,38,97.4332,8.355
28,43,233.251,17.943
28,45,41.8808,0
28,58,110.023,0
28,60,241.229,14.0342
28,64,84.6463,0
28,65,193.397,11.3621
28,71,158.685,0
28,88,172.351,0
28,93,158.319,0
28,95,133.454,0
29,1,259.542,8.21861
29,6,259.051,16.7557
29,18,336.455,9.48455
29,19,247.393,20.8683
29,28,161.991,11.6572
29,33,312.125,4.84969
29,35,358.262,3.69551
29,38,67.4685,0
29,43,296.005,14.0966
29,45,194.776,16.6335
29,60,84.0952,0
29,64,241.368,20.0858
29,65,297.188,14.6309
29,93,287.491,22.1383
30,5,148.96,0
30,23,96.2549,0
30,31,208.558,12.36
30,34,279.004,23.4764
30,39,129.757,0
30,40,36.7696,0
30,41,155.557,8.67331
30,42,52.345,0
30,47,55.1543,0
30,57,119.752,5.96001
30,69,187.601,16.0083
30,73,199.735,4.88381
30,91,193.871,16.5989
30,92,220.22,15.4184
30,94,182.719,4.61723
31,30,208.558,12.36
31,34,201.774,11.0116
31,39,69.6419,0
31,40,214.039,18.3554
31,41,45.2548,0
31,42,176.581,0
31,47,192.595,16.5082
31,50,204.972,9.74718
31,69,300.593,22.4365
31,72,174.092,0
31,77,152.252,7.57752
31,90,40.1995,0
31,91,299.44,22.9697
31,92,238.699,20.1515
31,97,130.096,0
32,9,138.386,9.86792
32,11,52.345,0
32,12,177.182,15.1905
32,13,73.4157,4.62057
32,17,163.823,14.0323
32,18,141.997,4.90422
32,21,184.379,11.2825
32,22,170.082,14.4519
32,24,272.55,23.3215
32,33,149.396,7.74144
32,34,180.755,15.0629
32,35,132.801,4.92068
32,52,39.4588,0
32,53,143.72,12.1211
32,55,164.231,5.99801
32,57,157.374,3.38552
32,69,158.457,13.5094
32,70,101.049,8.31104
32,72,148.823,2.88923
32,73,162.425,13.9297
32,80,171.935,11.4624
32,81,117.031,1.00826
32,84,162.252,12.8561
32,86,41.6773,0
32,91,153.967,13.1509
32,92,207.655,15.7323
32,94,177.748,14.3188
32,98,72.0069,0
33,1,168.011,4.43848
33,4,244.614,16.3076
33,6,245.108,10.1897
33,7,197.156,16.291
33,9,202.459,11.4879
33,11,109.979,1.95831
33,12,308.443,13.7784
33,13,170.882,5.85539
33,17,160.091,7.18385
33,18,46.9574,3.4401
33,20,233.611,16.5179
33,24,246.457,20.1768
33,29,312.125,4.84969
33,32,149.396,7.74144
33,35,49.3251,1.33573
33,38,370.826,0
33,43,151.598,6.0634
33,52,185.465,10.5237
33,53,259.627,21.4963
33,60,319.731,3.4611
33,65,195.187,12.7695
33,70,173.952,1.99718
33,81,130.696,11.2078
33,83,208.421,17.5771
33,84,227.274,7.32442
33,86,108.089,7.26231
33,93,248.835,18.3319
33,98,71.7851,1.9267
34,11,232.126,19.4752
34,12,152.555,11.2937
34,13,241.761,14.7436
34,15,267.018,21.266
34,17,288.598,13.3563
34,24,310.137,21.7333
34,25,218.544,18.5524
34,30,279.004,23.4764
34,31,201.774,11.0116
34,32,180.755,15.0629
34,40,232.825,19.3152
34,41,233.291,19.7879
34,47,187.972,15.904
34,50,131.199,4.32525
34,52,142.27,7.5452
34,53,122.335,7.61283
34,57,255.891,20.6346
34,61,239.384,18.5536
34,69,128.687,1.1281
34,70,273.724,17.4897
34,72,41.9185,3.02297
34,77,134.785,11.1055
34,80,83.5768,7.11776
34,84,260.34,11.805
34,86,188.683,14.6302
34,89,189.268,10.8478
34,90,179.399,10.2845
34,91,127.028,0
34,92,68.569,5.22857
34,97,221.367,18.9316
34,98,228.282,16.4943
35,1,139.401,11.1698
35,4,199.133,16.6785
35,6,207.828,16.5394
35,7,158.186,12.024
35,9,215.208,13.2284
35,11,131.206,9.32303
35,12,261.307,12.4401
35,13,186.88,12.8293
35,15,185.467,6.67103
35,17,109,6.20635
35,18,10,0
35,20,184.869,15.6153
35,24,195.824,16.78
35,25,242.222,19.2435
35,29,358.262,3.69551
35,32,132.801,4.92068
35,33,49.3251,1.33573
35,43,117,9.44079
35,52,158.529,5.62817
35,53,228.044,18.5162
35,60,360.842,7.04162
35,65,163.026,13.8221
35,70,191.334,9.58478
35,81,146.857,12.3355
35,83,165.023,12.488
35,84,171.083,8.20713
35,86,92.522,4.95654
35,93,222.005,18.6179
35,98,96.1996,8.20375
36,3,6.40312,0
36,4,194.207,16.2634
36,7,91.6291,2.73568
36,12,264.332,16.1649
36,14,144.666,8.22902
36,15,109.037,9.08639
36,17,250.647,20.3424
36,20,185.304,11.7801
36,24,125.994,9.44957
36,25,118.984,10.1783
36,26,118.848,9.21757
36,37,221.511,14.7169
36,43,303.254,19.2068
36,44,142.834,6.99346
36,48,134.812,11.3728
36,49,146.974,11.754
36,50,251.368,21.4178
36,53,317.648,17.1712
36,54,8.544,0
36,56,112.708,9.66873
36,61,141.12,4.36799
36,62,137.955,9.58046
36,63,175.334,14.6392
36,65,292.382,19.7986
36,67,207.786,11.1314
36,74,210.939,10.9305
36,78,214.133,12.6202
36,80,266.19,22.7839
36,82,157.248,12.5829
36,83,89.9451,3.99756
36,84,239.168,14.7406
36,87,222.809,13.962
36,89,192.356,3.75858
36,93,246.39,21.1289
36,96,76.1483,5.84472
37,1,149.871,12.8095
37,3,226.151,15.5624
37,4,90.2578,5.78956
37,6,63.1585,0
37,7,214.157,18.371
37,18,255.035,21.878
37,19,146.687,0
37,20,127.316,9.14341
37,24,243.603,20.7748
37,26,143.265,0
37,27,82.201,0
37,28,158.619,0
37,36,221.511,14.7169
37,43,146.051,11.5128
37,45,182.214,0
37,56,108.683,0
37,62,138.051,0
37,65,96.1921,6.68423
37,67,89.0225,0
37,71,187.768,0
37,74,154.208,0
37,79,146.874,0
37,83,204.356,17.5198
37,85,157.051,0
37,93,41.0488,0
37,95,41.1096,0
38,1,286.798,4.27927
38,6,236.471,18.8861
38,19,182.077,11.8403
38,27,212.9,16.1371
38,28,97.4332,8.355
38,29,67.4685,0
38,33,370.826,0
38,43,324.083,11.9586
38,45,128.157,9.9032
38,58,201.03,11.4069
38,60,143.694,0
38,64,175.036,11.0394
38,65,296.005,16.8132
38,93,256.203,21.9333
38,95,237.374,19.5162
39,30,129.757,0
39,31,69.6419,0
39,40,139.05,10.2492
39,41,33.7343,0
39,42,113.406,0
39,47,144.553,12.1964
39,69,278.404,23.5002
39,90,107.079,0
39,92,221.972,18.3872
40,5,178.226,1.64904
40,23,125.431,0
40,30,36.7696,0
40,31,214.039,18.3554
40,34,232.825,19.3152
40,39,139.05,10.2492
40,41,147.682,12.4604
40,42,75.2861,0
40,47,18.3848,0
40,52,306.685,20.7131
40,57,108.342,0
40,69,197.412,8.14818
40,72,246.307,20.9261
40,73,197.949,4.49991
40,90,245.743,20.8553
40,91,205.937,7.45432
40,92,164.188,12.1306
40,94,178.348,1.00735
41,30,155.557,8.67331
41,31,45.2548,0
41,34,233.291,19.7879
41,39,33.7343,0
41,40,147.682,12.4604
41,42,131.503,0
41,47,135.174,11.4875
41,69,241.012,20.584
41,72,204.21,11.1445
41,77,202.813,16.154
41,90,77.2528,0
41,91,245.841,20.9317
41,92,214.325,17.907
41,97,166.172,0
42,5,178.138,0
42,23,124.004,0
42,30,52.345,0
42,31,176.581,0
42,39,113.406,0
42,40,75.2861,0
42,41,131.503,0
42,47,90.2552,0
42,57,165.227,4.02143
42,69,257.936,22.1211
42,91,264.296,22.6726
42,92,234.699,19.4386
43,1,41.589,3.55461
43,3,317.383,18.6463
43,4,103.901,8.20553
43,6,90.2497,7.5208
43,7,178.009,9.14896
43,11,253.136,21.6236
43,12,261.909,22.2676
43,15,248.545,20.7935
43,17,132.488,11.1091
43,18,107,7.76515
43,20,131.841,5.06228
43,24,202.693,14.3885
43,25,282.697,23.6799
43,27,204.77,12.431
43,28,233.251,17.943
43,29,296.005,14.0966
43,33,151.598,6.0634
43,35,117,9.44079
43,36,303.254,19.2068
43,37,146.051,11.5128
43,38,324.083,11.9586
43,54,308.543,21.1123
43,56,206.196,17.5488
43,60,337.626,15.0757
43,65,49.0799,4.20685
43,81,271.874,21.7957
43,83,188.442,6.76096
43,84,144.472,9.57257
43,86,212.785,18.1195
43,93,105.01,8.98714
43,95,174.339,12.0391
43,98,218.626,18.1762
44,3,149.686,9.42077
44,7,238.169,19.8752
44,12,214.059,18.2758
44,15,115.018,0.982455
44,24,191.788,14.1132
44,25,95.6766,1.46142
44,36,142.834,6.99346
44,48,191.562,15.4477
44,49,55.9017,0
44,50,131.192,11.2283
44,53,222.985,17.5247
44,54,137.327,7.88478
44,61,14.8661,0
44,63,105.991,0
44,72,209.254,15.2662
44,77,173.888,13.1286
44,80,173.197,10.839
44,82,183.726,10.8902
44,83,216.687,14.9111
44,84,286.765,23.095
44,89,68.884,0
44,96,102.46,5.43391
44,97,153.898,6.59606
45,6,174.863,0
45,16,140.812,0
45,19,67.2681,0
45,27,118.36,0
45,28,41.8808,0
45,29,194.776,16.6335
45,37,182.214,0
45,38,128.157,9.9032
45,58,73.0274,0
45,60,272.165,20.943
45,64,47.0425,0
45,71,132.85,0
45,88,137.525,0
45,93,189.433,0
45,95,150.12,0
46,0,92.1954,0
46,8,72.9178,0
46,10,122.589,0
46,14,124.169,0
46,26,184.391,0
46,48,160.253,0
46,59,43.0116,0
46,62,177.553,0
46,66,50.8035,0
46,68,146.54,0
46,74,159.088,0
46,78,101.242,0
46,82,146.014,0
46,85,173.787,0
46,87,119.407,0
47,5,220.504,13.0722
47,23,151.729,4.80659
47,30,55.1543,0
47,31,192.595,16.5082
47,34,187.972,15.904
47,39,144.553,12.1964
47,40,18.3848,0
47,41,135.174,11.4875
47,42,90.2552,0
47,52,317.832,12.6388
47,57,158,13.5088
47,69,182.681,5.26737
47,72,214.016,17.5228
47,77,247.253,20.5736
47,90,199.035,16.2416
47,91,186.465,6.14719
47,92,136.705,10.7185
47,94,223.992,16.4367
48,3,128.18,10.9174
48,7,257.231,22.0358
48,10,178.922,0
48,14,67.4759,0
48,15,231.402,19.851
48,24,278.392,21.9475
48,25,234.835,20.1455
48,26,101.789,0
48,36,134.812,11.3728
48,44,191.562,15.4477
48,46,160.253,0
48,49,137.003,11.4584
48,54,126.807,10.4044
48,56,138.101,0
48,61,207.972,16.7488
48,62,115.109,0
48,63,92.3868,7.58544
48,66,130.698,0
48,74,167.738,0
48,78,84.386,0
48,82,22.2036,0
48,83,268.525,22.3239
48,87,89.627,0
48,96,121.621,9.26379
49,3,148.108,10.9973
49,7,211.548,16.1249
49,12,246.096,20.7753
49,14,200.408,16.0095
49,15,131.581,6.80233
49,24,194.432,15.6792
49,25,107.829,1.25237
49,26,225.706,19.2941
49,36,146.974,11.754
49,44,55.9017,0
49,48,137.003,11.4584
49,50,191.46,15.868
49,54,137.371,10.4749
49,56,246.54,21.0788
49,61,69.1809,0
49,62,242.81,20.2721
49,63,59.4054,0
49,78,164.702,3.87802
49,80,230.878,16.8019
49,82,128.098,9.69372
49,83,205.21,14.9793
49,87,171.208,9.12567
49,89,124.74,0
49,96,74.293,5.89627
50,3,230.954,17.1249
50,12,132.613,7.61415
50,15,230.85,11.3732
50,24,258.563,21.0512
50,25,202.775,4.33571
50,31,204.972,9.74718
50,34,131.199,4.32525
50,36,251.368,21.4178
50,44,131.192,11.2283
50,49,191.46,15.868
50,52,268.945,23.0477
50,53,126.981,2.87218
50,54,221.987,16.8388
50,61,117.277,9.51817
50,69,242.311,19.7126
50,72,88.2383,0
50,77,61.4556,4.56445
50,80,84.3254,2.43141
50,84,220.483,18.1195
50,89,42.19,0
50,90,162.32,8.02242
50,91,240.213,19.5295
50,92,217.484,17.6386
50,96,203.706,15.0956
50,97,86.7418,4.21662
51,2,35.4401,0
51,5,177.291,0
51,9,179.254,0
51,21,150.604,1.60062
51,22,185.114,6.80134
51,55,138.809,0
51,73,197.92,6.70643
51,75,24.0416,0
51,94,175.756,0
51,99,61.6198,0
52,9,167.118,9.6443
52,11,91.7878,0
52,12,161.048,12.9855
52,13,86.2898,6.9131
52,15,303.111,21.2638
52,17,150.508,11.1522
52,18,173.647,8.39226
52,22,142.864,0
52,24,244.326,20.3886
52,25,298.083,21.5549
52,32,39.4588,0
52,33,185.465,10.5237
52,34,142.27,7.5452
52,35,158.529,5.62817
52,40,306.685,20.7131
52,47,317.832,12.6388
52,50,268.945,23.0477
52,53,111.693,9.56445
52,55,210.839,12.9685
52,57,189.79,15.7876
52,69,138.864,6.08436
52,70,116.579,9.34238
52,72,111.242,2.88337
52,73,131.244,0
52,77,226.562,17.2513
52,80,148.008,12.4236
52,81,156.398,1.00867
52,84,159.645,12.9416
52,86,73.2393,0
52,91,135.291,5.28136
52,92,166.262,8.71061
52,94,147.872,0
52,98,108.24,0
53,3,309.487,21.3246
53,7,266.248,4.34647
53,11,186.046,13.4168
53,12,53.3667,0
53,13,205.201,17.6023
53,15,197.099,8.68866
53,17,166.443,8.31872
53,18,252.308,17.4062
53,20,319.681,15.6584
53,24,214.494,9.32341
53,25,177.804,11.0114
53,32,143.72,12.1211
53,33,259.627,21.4963
53,34,122.335,7.61283
53,35,228.044,18.5162
53,36,317.648,17.1712
53,44,222.985,17.5247
53,50,126.981,2.87218
53,52,111.693,9.56445
53,54,302.532,19.8423
53,61,213.929,17.6093
53,69,233.196,5.0083
53,70,243.046,20.7898
53,72,97.8581,8.09878
53,77,170.902,13.9459
53,80,46.5785,0.96655
53,83,268.921,9.20736
53,84,131.333,6.16272
53,86,146.057,11.5919
53,89,198.354,14.5037
53,91,227.288,4.99794
53,92,210.45,12.1619
53,97,214.441,12.0062
53,98,179.494,12.2872
54,3,8.94427,0
54,4,201.427,17.1559
54,7,100.253,4.06074
54,12,251.186,17.9334
54,14,144.819,7.80199
54,15,104.38,8.86684
54,17,288.89,16.4043
54,20,190.693,13.7765
54,24,154.34,4.28919
54,25,110.074,9.22568
54,26,125.03,9.55999
54,36,8.544,0
54,43,308.543,21.1123
54,44,137.327,7.88478
54,48,126.807,10.4044
54,49,137.371,10.4749
54,50,221.987,16.8388
54,53,302.532,19.8423
54,56,121.643,10.394
54,61,137.549,6.11329
54,62,145.245,10.1691
54,63,168.696,14.2779
54,65,306.163,20.5653
54,67,215.747,11.3848
54,78,211.167,12.6296
54,80,245.004,20.5965
54,82,151.109,11.8843
54,83,90.185,1.56873
54,84,226.727,17.3007
54,87,222.749,15.1003
54,89,180.952,1.88317
54,93,252.862,21.5557
54,96,68,4.2
55,2,178.398,7.0565
55,5,172.569,0
55,9,40.4969,0
55,11,126.27,2.2484
55,13,126.766,6.16224
55,21,42.4264,3.4433
55,22,56.0892,0
55,32,164.231,5.99801
55,51,138.809,0
55,52,210.839,12.9685
55,57,149.603,0
55,70,99.6635,4.51582
55,73,69.4622,0
55,75,145.664,8.34227
55,81,177.052,15.1778
55,86,164.904,0.606198
55,94,81.939,0
55,98,160.95,3.59433
56,1,237.837,19.7188
56,3,113.995,9.77778
56,4,89.2377,5.3651
56,6,182.864,15.4181
56,7,96.3703,2.37175
56,10,174.347,0
56,14,120.104,0
56,15,186.456,15.9743
56,17,280.175,20.1536
56,20,101.044,8.60538
56,24,127.094,8.18366
56,25,228.909,18.9213
56,26,56.0803,0
56,27,186.85,0
56,36,112.708,9.66873
56,37,108.683,0
56,43,206.196,17.5488
56,48,138.101,0
56,49,246.54,21.0788
56,54,121.643,10.394
56,62,66.7083,0
56,65,177.448,15.2021
56,67,106.944,0
56,74,130.138,0
56,82,158.382,0
56,83,83.2947,0
56,84,226.718,19.3865
56,85,152.738,0
56,93,119.453,4.5929
56,95,146.185,0
56,96,174.395,14.9606
57,5,107.782,0
57,9,145.661,0
57,11,189.441,7.58827
57,13,131.988,6.19345
57,21,180.608,0.543959
57,22,94.4299,0
57,23,90.1388,0
57,30,119.752,5.96001
57,32,157.374,3.38552
57,34,255.891,20.6346
57,40,108.342,0
57,42,165.227,4.02143
57,47,158,13.5088
57,52,189.79,15.7876
57,55,149.603,0
57,69,129.425,10.2476
57,70,110.941,0
57,73,83.3547,0
57,91,130.756,10.2053
57,92,171.379,14.6946
57,94,68.1542,0
58,16,70.0071,0
58,19,55.5698,0
58,27,121.631,0
58,28,110.023,0
58,38,201.03,11.4069
58,45,73.0274,0
58,64,26,0
58,71,72.3464,0
58,79,171.094,0
58,88,64.7765,0
58,95,162.459,0
59,0,64.8845,0
59,8,39.4081,0
59,10,134.737,0
59,14,163.083,0
59,46,43.0116,0
59,66,84.22,0
59,68,136.719,0
59,74,178.933,0
59,76,184.459,0
59,78,142.127,0
59,82,189.024,0
59,85,187.243,0
59,87,158.758,0
60,1,307.935,8.71646
60,6,321.705,18.7373
60,18,353.308,8.62418
60,28,241.229,14.0342
60,29,84.0952,0
60,33,319.731,3.4611
60,35,360.842,7.04162
60,38,143.694,0
60,43,337.626,15.0757
60,45,272.165,20.943
60,81,276.751,20.6595
61,3,150.518,7.87908
61,7,229.942,18.6569
61,12,174.144,11.9159
61,15,117.266,3.74413
61,24,164.836,6.03673
61,25,90.0535,1.44914
61,34,239.384,18.5536
61,36,141.12,4.36799
61,44,14.8661,0
61,48,207.972,16.7488
61,49,69.1809,0
61,50,117.277,9.51817
61,53,213.929,17.6093
61,54,137.549,6.11329
61,63,120.785,0
61,72,196.448,15.2259
61,77,164.431,13.584
61,80,160.427,10.8846
61,82,196.271,10.6873
61,83,236.995,19.7782
61,84,317.221,15.3837
61,89,57.0088,0
61,96,111.377,5.55522
61,97,158.087,11.562
62,3,136.264,9.92396
62,4,150.147,6.09372
62,6,184.361,0
62,7,159.056,1.50887
62,10,110.223,0
62,14,67.6831,0
62,15,255.064,21.8774
62,20,162.669,9.68271
62,24,209.632,15.7661
62,26,20.1246,0
62,36,137.955,9.58046
62,37,138.051,0
62,46,177.553,0
62,48,115.109,0
62,49,242.81,20.2721
62,54,145.245,10.1691
62,56,66.7083,0
62,63,204.405,9.29507
62,65,235.145,19.0842
62,66,127.311,0
62,67,84.6936,0
62,68,179.101,0
62,74,72.1249,0
62,76,186.011,0
62,78,166.208,0
62,79,184.613,0
62,82,129.248,0
62,83,147.959,0
62,85,100.225,0
62,87,182.617,0
62,93,155.913,0
62,95,164.305,0
62,96,176.439,13.5532
63,3,174.173,14.8636
63,14,159.777,9.6344
63,15,209.427,14.893
63,25,166.148,1.37233
63,26,191.626,10.1258
63,36,175.334,14.6392
63,44,105.991,0
63,48,92.3868,7.58544
63,49,59.4054,0
63,54,168.696,14.2779
63,61,120.785,0
63,62,204.405,9.29507
63,66,187.04,0
63,78,123.022,7.4585
63,82,67.8443,0.605345
63,87,118.719,9.03403
63,89,170.238,0
63,96,121.705,10.4405
64,16,94.6414,0
64,19,48.0416,0
64,27,114.586,0
64,28,84.6463,0
64,29,241.368,20.0858
64,38,175.036,11.0394
64,45,47.0425,0
64,58,26,0
64,71,91.4002,0
64,79,180.701,0
64,88,90.5539,0
64,95,153.574,0
65,1,70.7107,0
65,3,303.915,19.5338
65,4,80.9904,5.31628
65,6,48.3333,3.22222
65,7,218.22,0
65,15,321.948,13.4827
65,17,163.396,12.6846
65,18,153.03,12.6163
65,20,114.203,7.02742
65,24,270.007,0
65,26,225.948,17.7661
65,27,159.516,7.75426
65,28,193.397,11.3621
65,29,297.188,14.6309
65,33,195.187,12.7695
65,35,163.026,13.8221
65,36,292.382,19.7986
65,37,96.1921,6.68423
65,38,296.005,16.8132
65,43,49.0799,4.20685
65,54,306.163,20.5653
65,56,177.448,15.2021
65,62,235.145,19.0842
65,67,192.968,12.9147
65,83,199.872,6.64681
65,84,190.396,15.4725
65,93,55.1711,4.71198
65,95,125.616,6.9938
65,98,263.329,22.3918
66,0,142.13,0
66,8,96.5194,0
66,10,82.9759,0
66,14,80.0812,0
66,26,135.429,0
66,46,50.8035,0
66,48,130.698,0
66,59,84.22,0
66,62,127.311,0
66,63,187.04,0
66,67,176.173,0
66,68,128.082,0
66,74,111.4,0
66,76,166.012,0
66,78,100.005,0
66,82,122.381,0
66,85,130.004,0
66,87,121.511,0
67,3,204.707,10.436
67,4,143.778,4.22061
67,6,150.944,0
67,10,114.691,0
67,14,145.121,0
67,19,186.043,0
67,20,165.173,5.5352
67,26,100.846,0
67,27,122.809,0
67,36,207.786,11.1314
67,37,89.0225,0
67,54,215.747,11.3848
67,56,106.944,0
67,62,84.6936,0
67,65,192.968,12.9147
67,66,176.173,0
67,68,162.788,0
67,74,67.4166,0
67,76,146.973,0
67,79,104.005,0
67,83,231.848,18.0239
67,85,68.2642,0
67,93,124.78,0
67,95,96.1509,0
68,8,104.389,0
68,10,70.214,0
68,14,179.109,0
68,46,146.54,0
68,59,136.719,0
68,62,179.101,0
68,66,128.082,0
68,67,162.788,0
68,74,111.018,0
68,76,48.0104,0
68,79,159.214,0
68,85,95.0789,0
69,9,229.032,18.0193
69,11,226.259,19.314
69,12,267.736,11.6909
69,13,178.011,12.5475
69,22,182.097,12.0911
69,23,216.393,14.6203
69,30,187.601,16.0083
69,31,300.593,22.4365
69,32,158.457,13.5094
69,34,128.687,1.1281
69,39,278.404,23.5002
69,40,197.412,8.14818
69,41,241.012,20.584
69,42,257.936,22.1211
69,47,182.681,5.26737
69,50,242.311,19.7126
69,52,138.864,6.08436
69,53,233.196,5.0083
69,57,129.425,10.2476
69,70,196.795,14.6164
69,72,152.579,12.3457
69,73,167.88,11.7979
69,77,213.228,17.9783
69,80,220.659,11.2291
69,84,294.539,22.728
69,86,199.877,16.7991
69,90,231.057,18.2795
69,91,6.32456,0
69,92,54.1479,0
69,94,165.998,10.1835
69,98,230.395,17.9529
70,5,188.449,0
70,9,57.5587,0
70,11,64.0312,0
70,13,38.1838,2.91162
70,17,210.652,13.5933
70,18,199.31,8.89653
70,21,103.755,0
70,22,58.1808,0
70,32,101.049,8.31104
70,33,173.952,1.99718
70,34,273.724,17.4897
70,35,191.334,9.58478
70,52,116.579,9.34238
70,53,243.046,20.7898
70,55,99.6635,4.51582
70,57,110.941,0
70,69,196.795,14.6164
70,73,50.9902,0
70,81,129.528,7.45744
70,86,93.2148,0
70,91,193.421,14.6103
70,92,250.456,16.2981
70,94,75.1066,0
70,98,102.181,0
71,16,34.1321,0
71,19,75.326,0
71,27,108.757,0
71,28,158.685,0
71,37,187.768,0
71,45,132.85,0
71,58,72.3464,0
71,64,91.4002,0
71,79,108.116,0
71,88,48.1041,0
71,95,147.122,0
72,12,127.084,9.65506
72,13,245.757,20.9902
72,15,214.845,18.3249
72,17,264.304,17.7185
72,24,254.109,21.3423
72,25,180.046,15.1994
72,31,174.092,0
72,32,148.823,2.88923
72,34,41.9185,3.02297
72,40,246.307,20.9261
72,41,204.21,11.1445
72,44,209.254,15.2662
72,47,214.016,17.5228
72,50,88.2383,0
72,52,111.242,2.88337
72,53,97.8581,8.09878
72,61,196.448,15.2259
72,69,152.579,12.3457
72,77,94.3003,7.116
72,80,46.0013,3.90314
72,84,224.544,15.6696
72,86,211.736,16.8621
72,89,133.928,1.80696
72,90,146.492,0
72,91,159.073,11.3166
72,92,106.368,7.97757
72,97,170.691,13.4076
73,5,139.904,0
73,9,63.0317,0
73,11,118.169,2.84336
73,13,90.5642,6.83898
73,21,97.0824,0
73,22,14.3178,0
73,23,152.817,0
73,30,199.735,4.88381
73,32,162.425,13.9297
73,40,197.949,4.49991
73,51,197.92,6.70643
73,52,131.244,0
73,55,69.4622,0
73,57,83.3547,0
73,69,167.88,11.7979
73,70,50.9902,0
73,75,177.553,0
73,81,157.643,4.68812
73,86,144.184,0
73,91,172.223,12.9624
73,92,215.837,17.699
73,94,25.7099,0
73,98,161.432,5.11035
74,3,207.813,10.9936
74,4,195.068,5.09982
74,8,168.291,0
74,10,49.6488,0
74,14,102.396,0
74,26,92.0272,0
74,27,186.904,0
74,36,210.939,10.9305
74,37,154.208,0
74,46,159.088,0
74,48,167.738,0
74,56,130.138,0
74,59,178.933,0
74,62,72.1249,0
74,66,111.4,0
74,67,67.4166,0
74,68,111.018,0
74,76,113.886,0
74,79,134.104,0
74,82,174.794,0
74,85,30.4138,0
74,93,186.024,0
74,95,163.371,0
75,2,59.4811,0
75,9,195.314,12.1668
75,21,167.143,13.2653
75,22,163.768,0
75,51,24.0416,0
75,55,145.664,8.34227
75,73,177.553,0
75,94,188.091,6.7654
75,99,74.9466,0
76,8,152.329,0
76,10,91.351,0
76,59,184.459,0
76,62,186.011,0
76,66,166.012,0
76,67,146.973,0
76,68,48.0104,0
76,74,113.886,0
76,79,117.414,0
76,85,87.8237,0
77,12,210.19,16.4724
77,15,242.504,20.8035
77,25,214.759,18.3701
77,31,152.252,7.57752
77,34,134.785,11.1055
77,41,202.813,16.154
77,44,173.888,13.1286
77,47,247.253,20.5736
77,50,61.4556,4.56445
77,52,226.562,17.2513
77,53,170.902,13.9459
77,61,164.431,13.584
77,69,213.228,17.9783
77,72,94.3003,7.116
77,80,125.285,10.6886
77,89,122.673,9.31173
77,90,114.613,7.13228
77,91,212.902,17.9986
77,92,225.785,14.8477
77,97,71.3789,5.07002
78,0,166.883,0
78,3,206.457,12.0993
78,8,174.003,0
78,10,177.589,0
78,14,98.732,0
78,26,161.4,0
78,36,214.133,12.6202
78,46,101.242,0
78,48,84.386,0
78,49,164.702,3.87802
78,54,211.167,12.6296
78,59,142.127,0
78,62,166.208,0
78,63,123.022,7.4585
78,66,100.005,0
78,82,63.0079,0
78,87,21.6333,0
78,96,214.034,18.1091
79,10,156.003,0
79,16,137.615,0
79,19,140.089,0
79,27,109.128,0
79,37,146.874,0
79,58,171.094,0
79,62,184.613,0
79,64,180.701,0
79,67,104.005,0
79,68,159.214,0
79,71,108.116,0
79,74,134.104,0
79,76,117.414,0
79,85,108.503,0
79,88,153.47,0
79,93,187.523,0
79,95,119.942,0
80,7,253.385,19.7443
80,12,79.4667,6.13427
80,13,234.303,19.391
80,15,168.879,14.256
80,17,228.336,14.2807
80,24,186.306,15.7159
80,25,133.106,11.0638
80,32,171.935,11.4624
80,34,83.5768,7.11776
80,36,266.19,22.7839
80,44,173.197,10.839
80,49,230.878,16.8019
80,50,84.3254,2.43141
80,52,148.008,12.4236
80,53,46.5785,0.96655
80,54,245.004,20.5965
80,61,160.427,10.8846
80,69,220.659,11.2291
80,72,46.0013,3.90314
80,77,125.285,10.6886
80,83,244.846,20.8327
80,84,195.936,8.70825
80,86,189.558,13.048
80,89,141.821,8.82543
80,90,188.742,7.67417
80,91,216.835,10.9317
80,92,148.741,11.9007
80,96,232.689,17.3613
80,97,167.857,10.7041
81,1,263.449,22.1492
81,9,129.799,11.1346
81,11,65.3537,1.01896
81,13,120.784,3.42398
81,17,189.368,13.2211
81,18,143.934,10.2872
81,21,150.76,12.882
81,22,160.743,7.14413
81,32,117.031,1.00826
81,33,130.696,11.2078
81,35,146.857,12.3355
81,43,271.874,21.7957
81,52,156.398,1.00867
81,55,177.052,15.1778
81,60,276.751,20.6595
81,70,129.528,7.45744
81,73,157.643,4.68812
81,84,237.943,18.84
81,86,93.5598,0.983909
81,94,181.523,4.17634
81,98,59.9749,1.01393
82,3,152.01,12.5025
82,10,179.878,0
82,14,72.4017,0
82,15,266.978,22.7745
82,25,259.093,22.2047
82,26,118.152,0
82,36,157.248,12.5829
82,44,183.726,10.8902
82,46,146.014,0
82,48,22.2036,0
82,49,128.098,9.69372
82,54,151.109,11.8843
82,56,158.382,0
82,59,189.024,0
82,61,196.271,10.6873
82,62,129.248,0
82,63,67.8443,0.605345
82,66,122.381,0
82,74,174.794,0
82,78,63.0079,0
82,87,67.424,0
82,96,147.341,11.8061
83,1,234.063,9.77008
83,3,102.829,6.52451
83,4,108.302,9.02514
83,6,231.178,13.02
83,7,11.0856,0.944796
83,12,214.454,11.2443
83,14,242.174,19.31
83,15,94.1637,7.77906
83,17,146.951,10.9824
83,18,159.863,12.4901
83,20,64.3653,5.47653
83,24,37.9154,2.64937
83,25,140.932,11.9415
83,26,137.362,2.04617
83,33,208.421,17.5771
83,35,165.023,12.488
83,36,89.9451,3.99756
83,37,204.356,17.5198
83,43,188.442,6.76096
83,44,216.687,14.9111
83,48,268.525,22.3239
83,49,205.21,14.9793
83,53,268.921,9.20736
83,54,90.185,1.56873
83,56,83.2947,0
83,61,236.995,19.7782
83,62,147.959,0
83,65,199.872,6.64681
83,67,231.848,18.0239
83,80,244.846,20.8327
83,84,143.402,6.71255
83,86,256.358,21.9146
83,93,170.825,14.6543
83,95,245.215,20.088
83,96,183.967,15.5515
83,98,274.134,23.4129
84,1,205.084,17.517
84,3,243.388,16.5919
84,4,234.51,12.3133
84,6,238.526,20.2448
84,7,132.318,5.01204
84,11,205.927,17.5367
84,12,117.201,0
84,13,235.341,20.1267
84,15,121.113,10.1839
84,17,66.2722,0
84,18,148.393,11.9483
84,20,188.87,10.4298
84,24,111.758,5.55199
84,25,189.156,0
84,32,162.252,12.8561
84,33,227.274,7.32442
84,34,260.34,11.805
84,35,171.083,8.20713
84,36,239.168,14.7406
84,43,144.472,9.57257
84,44,286.765,23.095
84,50,220.483,18.1195
84,52,159.645,12.9416
84,53,131.333,6.16272
84,54,226.727,17.3007
84,56,226.718,19.3865
84,61,317.221,15.3837
84,65,190.396,15.4725
84,69,294.539,22.728
84,72,224.544,15.6696
84,80,195.936,8.70825
84,81,237.943,18.84
84,83,143.402,6.71255
84,86,161.781,13.362
84,91,288.3,22.4432
84,93,299.458,17.5895
84,96,231.951,19.6931
84,98,180.798,15.5002
85,8,170.32,0
85,10,52.5547,0
85,14,132.061,0
85,26,120.341,0
85,27,175.756,0
85,37,157.051,0
85,46,173.787,0
85,56,152.738,0
85,59,187.243,0
85,62,100.225,0
85,66,130.004,0
85,67,68.2642,0
85,68,95.0789,0
85,74,30.4138,0
85,76,87.8237,0
85,79,108.503,0
85,95,158.382,0
86,1,231.973,19.6086
86,7,245.967,21.0073
86,9,128.152,2.36589
86,11,43.1393,0
86,12,159.467,12.2308
86,13,98.0348,7.97617
86,15,285.115,23.308
86,17,110.399,8.76185
86,18,100.925,4.60437
86,20,250.722,20.8648
86,21,198.494,14.3145
86,22,150.153,0
86,24,265.574,20.5606
86,32,41.6773,0
86,33,108.089,7.26231
86,34,188.683,14.6302
86,35,92.522,4.95654
86,43,212.785,18.1195
86,52,73.2393,0
86,53,146.057,11.5919
86,55,164.904,0.606198
86,69,199.877,16.7991
86,70,93.2148,0
86,72,211.736,16.8621
86,73,144.184,0
86,80,189.558,13.048
86,81,93.5598,0.983909
86,83,256.358,21.9146
86,84,161.781,13.362
86,91,200.717,17.1198
86,92,240.431,20.5966
86,94,168.077,0
86,98,36.8782,0
87,0,177.138,0
87,3,222.853,15.7272
87,14,116,0
87,26,176.119,0
87,36,222.809,13.962
87,46,119.407,0
87,48,89.627,0
87,49,171.208,9.12567
87,54,222.749,15.1003
87,59,158.758,0
87,62,182.617,0
87,63,118.719,9.03403
87,66,121.511,0
87,78,21.6333,0
87,82,67.424,0
87,96,234.524,19.6899
88,16,16.0312,0
88,19,99.5389,0
88,27,149.967,0
88,28,172.351,0
88,45,137.525,0
88,58,64.7765,0
88,64,90.5539,0
88,71,48.1041,0
88,79,153.47,0
89,3,197.309,5.3752
89,12,207.556,17.7174
89,15,237.019,17.2307
89,24,295.759,23.0697
89,25,197.127,14.3256
89,34,189.268,10.8478
89,36,192.356,3.75858
89,44,68.884,0
89,49,124.74,0
89,50,42.19,0
89,53,198.354,14.5037
89,54,180.952,1.88317
89,61,57.0088,0
89,63,170.238,0
89,72,133.928,1.80696
89,77,122.673,9.31173
89,80,141.821,8.82543
89,90,186.385,12.1873
89,96,167.564,5.69222
89,97,102.351,8.74418
90,31,40.1995,0
90,34,179.399,10.2845
90,39,107.079,0
90,40,245.743,20.8553
90,41,77.2528,0
90,47,199.035,16.2416
90,50,162.32,8.02242
90,69,231.057,18.2795
90,72,146.492,0
90,77,114.613,7.13228
90,80,188.742,7.67417
90,89,186.385,12.1873
90,91,233.004,18.5307
90,92,175.015,9.41911
90,97,90.4489,0
91,9,236,19.5506
91,11,220.103,18.861
91,12,260.889,11.9372
91,13,174.843,12.4012
91,22,188.469,13.9005
91,23,223.022,15.8411
91,30,193.871,16.5989
91,31,299.44,22.9697
91,32,153.967,13.1509
91,34,127.028,0
91,40,205.937,7.45432
91,41,245.841,20.9317
91,42,264.296,22.6726
91,47,186.465,6.14719
91,50,240.213,19.5295
91,52,135.291,5.28136
91,53,227.288,4.99794
91,57,130.756,10.2053
91,69,6.32456,0
91,70,193.421,14.6103
91,72,159.073,11.3166
91,73,172.223,12.9624
91,77,212.902,17.9986
91,80,216.835,10.9317
91,84,288.3,22.4432
91,86,200.717,17.1198
91,90,233.004,18.5307
91,92,56.0357,0
91,94,169.054,11.001
91,98,226.146,17.483
92,11,262.365,22.314
92,12,231.377,17.9424
92,13,226.265,14.5933
92,22,231.131,18.5552
92,30,220.22,15.4184
92,31,238.699,20.1515
92,32,207.655,15.7323
92,34,68.569,5.22857
92,39,221.972,18.3872
92,40,164.188,12.1306
92,41,214.325,17.907
92,42,234.699,19.4386
92,47,136.705,10.7185
92,50,217.484,17.6386
92,52,166.262,8.71061
92,53,210.45,12.1619
92,57,171.379,14.6946
92,69,54.1479,0
92,70,250.456,16.2981
92,72,106.368,7.97757
92,73,215.837,17.699
92,77,225.785,14.8477
92,80,148.741,11.9007
92,86,240.431,20.5966
92,90,175.015,9.41911
92,91,56.0357,0
92,94,213.459,16.8344
92,97,230.001,16.7248
93,1,113.809,7.83392
93,3,266.416,22.321
93,4,68.0438,5.82856
93,6,28.6007,0
93,7,175.408,15.0465
93,17,233.954,19.9686
93,18,212.005,17.3314
93,19,167.601,0
93,20,107.649,9.23243
93,24,222.806,18.831
93,26,156,0
93,27,110.436,0
93,28,158.319,0
93,29,287.491,22.1383
93,33,248.835,18.3319
93,35,222.005,18.6179
93,36,246.39,21.1289
93,37,41.0488,0
93,38,256.203,21.9333
93,43,105.01,8.98714
93,45,189.433,0
93,54,252.862,21.5557
93,56,119.453,4.5929
93,62,155.913,0
93,65,55.1711,4.71198
93,67,124.78,0
93,74,186.024,0
93,79,187.523,0
93,83,170.825,14.6543
93,84,299.458,17.5895
93,95,73.9256,0
94,2,185.413,0
94,5,114.272,0
94,9,85.4283,0
94,11,137.525,0
94,13,111.804,7.10758
94,21,117.479,2.20948
94,22,29.7321,0
94,23,128.413,0
94,30,182.719,4.61723
94,32,177.748,14.3188
94,40,178.348,1.00735
94,47,223.992,16.4367
94,51,175.756,0
94,52,147.872,0
94,55,81.939,0
94,57,68.1542,0
94,69,165.998,10.1835
94,70,75.1066,0
94,73,25.7099,0
94,75,188.091,6.7654
94,81,181.523,4.17634
94,86,168.077,0
94,91,169.054,11.001
94,92,213.459,16.8344
94,98,177.833,0.993225
95,1,165.005,12.5882
95,4,132.616,7.10442
95,6,85.2115,0
95,16,179.744,0
95,19,107.336,0
95,20,167.616,9.85697
95,26,173.185,0
95,27,41.3401,0
95,28,133.454,0
95,37,41.1096,0
95,38,237.374,19.5162
95,43,174.339,12.0391
95,45,150.12,0
95,56,146.185,0
95,58,162.459,0
95,62,164.305,0
95,64,153.574,0
95,65,125.616,6.9938
95,67,96.1509,0
95,71,147.122,0
95,74,163.371,0
95,79,119.942,0
95,83,245.215,20.088
95,85,158.382,0
95,93,73.9256,0
96,3,68.0984,5.57862
96,4,271.346,22.2334
96,7,201.121,15.6942
96,12,260.328,20.9205
96,14,167.099,13.773
96,15,131.942,11.2082
96,20,262.531,17.4238
96,24,220.396,3.75311
96,25,113,8.56932
96,26,156.484,12.7001
96,36,76.1483,5.84472
96,44,102.46,5.43391
96,48,121.621,9.26379
96,49,74.293,5.89627
96,50,203.706,15.0956
96,54,68,4.2
96,56,174.395,14.9606
96,61,111.377,5.55522
96,62,176.439,13.5532
96,63,121.705,10.4405
96,78,214.034,18.1091
96,80,232.689,17.3613
96,82,147.341,11.8061
96,83,183.967,15.5515
96,84,231.951,19.6931
96,87,234.524,19.6899
96,89,167.564,5.69222
97,12,247.666,20.6095
97,25,271.715,22.7495
97,31,130.096,0
97,34,221.367,18.9316
97,41,166.172,0
97,44,153.898,6.59606
97,50,86.7418,4.21662
97,53,214.441,12.0062
97,61,158.087,11.562
97,72,170.691,13.4076
97,77,71.3789,5.07002
97,80,167.857,10.7041
97,89,102.351,8.74418
97,90,90.4489,0
97,92,230.001,16.7248
98,1,242.281,19.2436
98,7,257.173,22.0601
98,9,119.112,2.51323
98,11,38.3275,0
98,12,193.35,13.6237
98,13,98.984,3.52473
98,17,128.523,9.97738
98,18,109.042,9.26575
98,21,209.274,17.8402
98,22,173.033,8.69448
98,24,272.064,23.1209
98,32,72.0069,0
98,33,71.7851,1.9267
98,34,228.282,16.4943
98,35,96.1996,8.20375
98,43,218.626,18.1762
98,52,108.24,0
98,53,179.494,12.2872
98,55,160.95,3.59433
98,65,263.329,22.3918
98,69,230.395,17.9529
98,70,102.181,0
98,73,161.432,5.11035
98,81,59.9749,1.01393
98,83,274.134,23.4129
98,84,180.798,15.5002
98,86,36.8782,0
98,91,226.146,17.483
98,94,177.833,0.993225
99,2,56.4358,0
99,51,61.6198,0
99,75,74.9466,0
