0,31,264.17,0
0,44,71.3863,0
0,76,137.786,0
0,92,232.835,0
1,21,134.837,0
1,34,226.374,0
1,39,310.232,0
1,54,210.447,0
1,60,208.432,0
1,61,48.7545,0
1,70,101.242,0
1,71,97.4166,0
1,84,297.424,0
1,87,100.807,0
2,5,132.246,0
2,7,193.542,10.729
2,8,93.4345,0
2,13,289.558,0
2,16,114.069,3.82264
2,21,301.652,0
2,24,67.2681,0
2,39,133.27,0
2,47,190.948,0
2,53,359.664,22.5828
2,57,192.899,0
2,58,32.6497,0
2,60,244.632,0
2,62,340.229,27.9418
2,64,113.6,0
2,68,460.23,31.9852
2,72,148.178,8.54357
2,73,25.9422,0
2,77,341.284,29.2209
2,78,221.732,0
2,84,135.033,0
2,88,214.595,17.9717
2,89,392.44,28.6178
2,93,109.604,0
2,94,284.417,0
3,4,602.269,0
3,6,421.07,0
3,7,524.755,0
3,8,525.342,15.8778
3,16,432.453,0
3,22,412.717,34.6294
3,33,130.384,0
3,46,519.914,8.94031
3,48,507.319,22.6922
3,62,567.665,0
3,68,257.029,0
3,69,606.953,0
3,72,421.716,0
3,73,522.538,26.9003
3,77,518.652,0
3,79,99.7707,4.21594
3,81,498.81,33.254
3,88,422.232,0
3,89,159.399,0
3,93,461.895,9.64169
3,95,352.165,0
3,97,126.107,2.51301
3,98,447.073,32.8393
4,3,602.269,0
4,6,504.937,10.3181
4,7,456.8,1.78881
4,8,565.7,18.6495
4,12,378.906,30.0341
4,18,262.206,0
4,19,151.208,0
4,23,528.764,29.0792
4,29,258.409,4.77063
4,33,528.878,0
4,35,505.318,13.8116
4,43,394.34,4.12535
4,46,555.302,0
4,53,317.421,0
4,62,294.924,0
4,68,369.486,0
4,69,16.4924,0
4,77,321.82,0
4,86,230.217,0
4,88,487.015,0
4,89,569.975,0
4,95,318.779,0
4,96,405.704,0
5,2,132.246,0
5,7,325.703,11.5275
5,8,225.657,0
5,16,213.707,4.05732
5,21,202.092,0
5,24,86.0233,0
5,39,40,0
5,47,294.201,0
5,57,279.723,0
5,58,99.7046,0
5,60,198.172,0
5,64,212.641,0
5,70,249.243,0
5,71,251.813,0
5,72,212.659,5.68251
5,73,141.824,0
5,84,97.5756,0
5,87,236.326,0
5,88,347.748,23.6873
5,93,169.853,0
6,3,421.07,0
6,4,504.937,10.3181
6,10,230.886,18.3542
6,17,221.54,15.8509
6,19,544.845,10.5639
6,23,313.774,24.3725
6,28,359.914,25.6103
6,33,292.746,0
6,35,327.388,28.0006
6,43,478.003,18.962
6,46,100.771,6.19099
6,48,354.263,26.608
6,68,411.149,14.7587
6,69,517.956,10.827
6,79,399.849,23.526
6,83,343.341,23.9526
6,86,510.338,11.5433
6,89,537.062,0
6,95,212.298,9.58541
6,96,550.3,24.4578
6,97,371.5,18.059
6,98,189.399,13.2706
7,2,193.542,10.729
7,3,524.755,0
7,4,456.8,1.78881
7,5,325.703,11.5275
7,8,100.918,8.48009
7,12,306.032,12.9833
7,13,234.554,5.07693
7,16,297.725,0
7,18,323.287,20.1348
7,19,600.822,2.5241
7,24,249.245,10.0186
7,33,558.168,0
7,39,331.667,14.9311
7,47,163.954,4.72141
7,53,240.655,17.4797
7,57,199.304,4.53072
7,58,227.183,11.4356
7,62,170.409,4.90729
7,64,162.435,5.53482
7,68,322.552,0
7,69,447.187,1.22175
7,72,380.636,0
7,73,198.361,13.94
7,74,277.928,4.83444
7,77,134.153,2.38876
7,78,179.367,4.68933
7,79,608.523,5.33445
7,84,334.275,21.2172
7,88,112.712,0
7,89,383.343,0
7,93,327.81,23.7896
7,94,233.895,4.63468
7,95,536.302,0
8,2,93.4345,0
8,3,525.342,15.8778
8,4,565.7,18.6495
8,5,225.657,0
8,7,100.918,8.48009
8,13,237.929,0
8,16,130.414,9.73354
8,18,362.103,31.0051
8,24,152.856,0
8,33,591.213,15.1703
8,39,224.662,0
8,47,146.168,0
8,53,274.616,21.6445
8,57,168.44,0
8,58,126.063,0
8,60,310.71,0
8,62,256.965,20.3741
8,64,103.078,0
8,68,384,13.5385
8,69,554.639,18.8446
8,72,187.754,14.9412
8,73,90.3383,0
8,74,305.122,3.49744
8,77,237.444,16.6117
8,78,172.235,0
8,84,214.411,0
8,88,130.01,9.67975
8,89,366.982,15.2712
8,93,147.665,0
8,94,235.306,0
9,22,208.393,17.0476
9,26,112.681,0
9,34,245.122,0
9,54,245.042,7.89701
9,55,53.535,0
9,81,143.745,2.88355
10,6,230.886,18.3542
10,17,13.3417,0
10,23,233.206,0
10,28,262.122,0
10,31,288.295,0
10,33,483.331,28.8096
10,35,244.641,0
10,43,378.724,26.2736
10,46,122.262,4.55593
10,48,254.855,20.3648
10,83,216.116,0
10,95,409.143,32.5024
10,98,146.001,11.0448
11,14,381.997,31.2806
11,20,313.967,26.8549
11,27,183.416,14.095
11,32,51.614,0
11,36,341.495,29.2952
11,37,141.397,0
11,38,275.147,0
11,41,270.801,0
11,42,251.34,0
11,49,277.2,0
11,51,290.553,0
11,59,147.122,0
11,63,161.059,0
11,65,223.707,0
11,75,75.0267,0
11,80,112.004,0
11,82,63.4114,0
11,85,417.314,35.0357
11,91,128.16,3.738
12,4,378.906,30.0341
12,7,306.032,12.9833
12,13,180.602,0
12,18,137.251,6.51971
12,19,338.249,28.0013
12,25,251.104,0
12,29,236.655,3.87036
12,37,309.871,0
12,41,191.672,0
12,42,236.349,0
12,47,246.045,0
12,49,169.047,0
12,52,298.429,0
12,53,158.588,9.15203
12,57,276.443,0
12,62,282.78,23.565
12,63,305.144,0
12,65,260.849,0
12,69,363.905,29.262
12,74,120.806,0
12,77,338.009,28.9916
12,78,220,0
12,86,433.461,37.0614
12,94,189.805,0
13,2,289.558,0
13,7,234.554,5.07693
13,8,237.929,0
13,12,180.602,0
13,18,243.26,11.8252
13,24,303.145,0
13,47,98.6154,0
13,53,194.569,6.07959
13,57,109.481,0
13,58,313.129,0
13,62,269.637,18.3814
13,64,179.011,0
13,73,304.646,0
13,74,77.6209,0
13,77,275.745,16.1979
13,78,68.0661,0
13,88,341.621,24.3013
13,94,9.21954,0
14,11,381.997,31.2806
14,15,277.372,23.655
14,20,308.354,11.8475
14,27,162.664,13.9143
14,30,339.864,26.3227
14,32,395.699,33.8891
14,36,68.0184,5.23397
14,37,446.989,35.9124
14,40,289.914,19.3276
14,45,286.403,24.4765
14,50,107.872,8.0007
14,56,250.772,21.4335
14,66,202.535,13.4369
14,75,282.736,22.5879
14,80,236.095,18.6844
14,82,391.606,33.5913
14,85,194.57,8.99909
14,90,299.421,24.7754
14,91,211.064,17.4282
15,14,277.372,23.655
15,20,242.06,15.7265
15,23,203.924,0
15,27,457.992,37.3025
15,28,161.771,0
15,30,66.4831,0
15,35,216.982,0
15,36,321.039,26.5718
15,40,59.8832,3.10304
15,43,298.89,21.8519
15,45,26.8328,0
15,50,203.194,0
15,56,96.1041,0
15,83,210.152,0
15,85,125.936,0
15,90,54.037,0
15,96,295.851,21.7922
16,2,114.069,3.82264
16,3,432.453,0
16,5,213.707,4.05732
16,7,297.725,0
16,8,130.414,9.73354
16,24,176.7,3.82468
16,33,529.513,0
16,39,196.132,4.87462
16,47,269.916,9.44349
16,53,541.118,21.6707
16,57,279.263,6.01874
16,58,131.039,3.74095
16,60,292.975,24.2317
16,62,458.397,2.56308
16,64,204.227,5.88115
16,68,389.718,0
16,72,84.5931,0
16,73,88.7664,3.66793
16,77,408.725,0
16,78,298.609,10.2091
16,79,478.144,3.07712
16,84,162.523,5.77446
16,88,213.242,0
16,89,278.007,0
16,93,80.4984,6.88709
16,97,517.271,10.0053
17,6,221.54,15.8509
17,10,13.3417,0
17,23,234.77,0
17,28,265.831,0
17,31,288.139,0
17,33,469.951,25.2534
17,35,244.272,0
17,43,378.547,27.0439
17,46,155.646,12.7505
17,48,271.286,23.2702
17,83,222.639,0
17,95,388.822,31.1294
17,97,508.324,33.6202
17,98,142.581,11.6485
18,4,262.206,0
18,7,323.287,20.1348
18,8,362.103,31.0051
18,12,137.251,6.51971
18,13,243.26,11.8252
18,19,336.856,0
18,29,308.417,16.5224
18,41,298.421,7.55677
18,43,620.355,0
18,47,285.963,20.7752
18,49,266.034,7.48896
18,53,97.6729,0
18,57,325.407,21.3291
18,62,186.637,9.60809
18,64,379.843,31.2084
18,68,481.066,3.61921
18,69,245.862,0
18,74,219.134,9.8198
18,77,253.372,7.08312
18,78,267.216,19.0404
18,86,435.33,0
18,88,420.966,17.4198
18,94,251.645,12.2736
18,95,547.609,0
18,96,590.827,0
19,4,151.208,0
19,6,544.845,10.5639
19,7,600.822,2.5241
19,12,338.249,28.0013
19,18,336.856,0
19,20,480.675,27.4763
19,23,452.878,23.6424
19,28,491.011,33.2693
19,29,132.911,3.97863
19,35,416.664,11.5374
19,37,373.409,27.8733
19,43,283.591,0
19,46,555.862,3.89463
19,49,366.756,28.4114
19,53,417.809,0
19,56,503.245,32.8574
19,62,424.405,4.0008
19,68,509.784,0
19,69,158.493,0
19,77,466.648,0
19,86,98.5089,0
19,95,403.113,0
19,96,264.764,0
20,11,313.967,26.8549
20,14,308.354,11.8475
20,15,242.06,15.7265
20,19,480.675,27.4763
20,23,362.232,27.8483
20,27,338.012,10.1648
20,28,302.307,11.3308
20,29,281.098,19.9074
20,30,291.77,16.2446
20,32,284.577,21.462
20,35,367.586,31.0797
20,36,310.613,24.8565
20,37,172.887,0
20,40,275.127,20.766
20,43,368.136,24.6199
20,45,225.277,15.3321
20,49,311.006,0
20,50,394.51,28.9524
20,56,148.525,12.5222
20,63,288.903,0
20,75,362.497,16.2509
20,80,391.339,28.0222
20,82,259.291,18.6778
20,85,159.697,10.8756
20,86,459.492,17.606
20,90,221.09,14.971
20,91,356.242,10.4913
20,96,328.996,12.958
21,1,134.837,0
21,2,301.652,0
21,5,202.092,0
21,24,282.016,0
21,34,244.168,0
21,39,176.026,0
21,54,278.002,0
21,58,273.247,0
21,60,118.072,0
21,61,165.849,0
21,70,63.2535,0
21,71,60.1415,0
21,72,313.335,13.926
21,73,295.779,0
21,84,170.88,0
21,87,35.2278,0
21,93,258.242,0
22,3,412.717,34.6294
22,9,208.393,17.0476
22,26,233.891,19.859
22,34,119.507,0
22,54,186.254,9.00151
22,55,222.822,17.8645
22,60,272.883,0
22,61,317.897,5.06679
22,71,308.715,0
22,79,306.331,20.0382
22,81,153.543,6.54194
22,97,316.974,19.9735
23,4,528.764,29.0792
23,6,313.774,24.3725
23,10,233.206,0
23,15,203.924,0
23,17,234.77,0
23,19,452.878,23.6424
23,20,362.232,27.8483
23,28,50.6063,0
23,29,473.325,32.2042
23,30,162.742,0
23,35,36.2215,0
23,40,259.215,1.63317
23,43,185.23,15.3901
23,45,184.394,0
23,46,219.238,10.7445
23,56,208.54,0
23,69,545.371,29.0634
23,83,89.7385,0
23,85,275.309,0.498736
23,86,346.583,23.7929
23,90,158.382,0
23,95,399.21,34.2427
23,96,261.796,19.2475
24,2,67.2681,0
24,5,86.0233,0
24,7,249.245,10.0186
24,8,152.856,0
24,13,303.145,0
24,16,176.7,3.82468
24,21,282.016,0
24,39,106.17,0
24,47,208.37,0
24,57,196.064,0
24,58,46.5725,0
24,60,252.286,0
24,64,126.649,0
24,72,198.994,7.64403
24,73,89.0056,0
24,77,372.622,28.2679
24,78,238.872,0
24,84,137.306,0
24,88,277.421,19.9079
24,89,455.473,38.3656
24,93,157.08,0
24,94,296.422,0
25,12,251.104,0
25,32,307.782,0
25,37,294.532,0
25,38,114.856,0
25,41,137.321,0
25,42,117.516,0
25,49,169.499,0
25,51,142.804,0
25,52,99.1817,0
25,59,247.032,0
25,63,198.116,0
25,65,138.293,0
25,67,70.3278,0
25,74,283.099,0
25,82,306.615,0
25,99,216.393,0
26,9,112.681,0
26,22,233.891,19.859
26,31,293.956,0
26,34,353.75,27.818
26,44,307.669,0
26,48,283.425,0
26,54,297.738,1.02658
26,55,68.4471,0
26,76,285.687,0
26,79,463.807,37.9277
26,81,89.4604,2.67093
26,92,291.671,0
26,97,411.571,35.0924
27,11,183.416,14.095
27,14,162.664,13.9143
27,15,457.992,37.3025
27,20,338.012,10.1648
27,32,257.534,21.9946
27,36,121.933,9.40172
27,37,289.082,23.1188
27,40,422.583,35.1589
27,45,456.934,37.1353
27,50,216.926,12.6723
27,56,403.771,27.3146
27,59,316.795,11.6535
27,63,362.267,26.1404
27,66,268.284,19.2049
27,75,96.828,8.14822
27,80,89.9157,6.15874
27,82,253.793,21.5572
27,85,335.353,11.4115
27,90,468.175,38.8758
27,91,44.7214,2.98142
28,6,359.914,25.6103
28,10,262.122,0
28,15,161.771,0
28,17,265.831,0
28,19,491.011,33.2693
28,20,302.307,11.3308
28,23,50.6063,0
28,30,113.991,0
28,35,80.6536,0
28,40,214.302,1.04517
28,43,217.762,18.6653
28,45,145.774,0
28,46,261.736,10.1785
28,56,185.348,0
28,83,70.8378,0
28,85,249.736,0.509649
28,86,401.03,28.994
28,90,123.037,0
28,96,267.458,22.8793
29,4,258.409,4.77063
29,12,236.655,3.87036
29,18,308.417,16.5224
29,19,132.911,3.97863
29,20,281.098,19.9074
29,23,473.325,32.2042
29,35,439.8,23.2304
29,37,241.009,5.68581
29,41,271.031,3.82864
29,42,308.96,1.82404
29,43,290.103,13.7519
29,49,235.997,4.52327
29,53,396.323,19.7676
29,56,425.744,34.1506
29,62,491.932,6.39595
29,63,317.935,3.6089
29,65,310.601,0
29,69,258.904,4.85117
29,77,538.296,5.48795
29,82,325.082,6.23073
29,85,462.091,38.6538
29,86,167.31,4.81041
29,90,431.855,36.9804
29,95,536.03,4.40724
29,96,238.996,9.84256
30,14,339.864,26.3227
30,15,66.4831,0
30,20,291.77,16.2446
30,23,162.742,0
30,28,113.991,0
30,35,184.946,0
30,36,395.032,31.1264
30,40,106.118,0
30,43,290.606,21.7013
30,45,69.3109,0
30,50,288.008,10.9094
30,56,143.694,0
30,83,148.862,0
30,85,188.043,0
30,90,71.6938,0
30,96,281.647,16.2014
31,0,264.17,0
31,10,288.295,0
31,17,288.139,0
31,26,293.956,0
31,44,193.003,0
31,48,146.219,0
31,76,126.384,0
31,92,31.7805,0
31,98,204.788,0
32,11,51.614,0
32,14,395.699,33.8891
32,20,284.577,21.462
32,25,307.782,0
32,27,257.534,21.9946
32,36,395.204,33.9014
32,37,103.175,0
32,38,233.944,0
32,41,219.201,0
32,42,200.449,0
32,49,226.345,0
32,51,254.183,0
32,59,122.413,0
32,63,110.725,0
32,65,173.254,0
32,75,121.297,0
32,80,162.791,0
32,82,20.2237,0
32,85,436.419,36.9079
32,91,193.085,12.0342
33,3,130.384,0
33,4,528.878,0
33,6,292.746,0
33,7,558.168,0
33,8,591.213,15.1703
33,10,483.331,28.8096
33,16,529.513,0
33,17,469.951,25.2534
33,46,386.797,10.3816
33,48,422.986,28.7322
33,62,558.702,0
33,68,244.573,0
33,69,536.492,0
33,72,532.635,0
33,77,518.536,0
33,79,193.077,4.75179
33,88,470.608,0
33,89,252.872,0
33,93,575.164,9.13207
33,95,220.043,8.76833
33,97,180.174,0.978966
33,98,402.637,23.0649
34,1,226.374,0
34,9,245.122,0
34,21,244.168,0
34,22,119.507,0
34,26,353.75,27.818
34,54,93.5361,0
34,55,331.163,22.224
34,60,180.314,0
34,61,192.354,0
34,70,274.053,0
34,71,191.69,0
34,72,334.228,13.3782
34,79,375.445,25.8829
34,81,263.676,21.06
34,84,290.203,0
34,87,240.027,0
34,93,354.955,21.0322
35,4,505.318,13.8116
35,6,327.388,28.0006
35,10,244.641,0
35,15,216.982,0
35,17,244.272,0
35,19,416.664,11.5374
35,20,367.586,31.0797
35,23,36.2215,0
35,28,80.6536,0
35,29,439.8,23.2304
35,30,184.946,0
35,40,276.763,3.45487
35,43,152.44,8.89609
35,45,194.589,0
35,46,219.373,12.7771
35,56,205.078,0
35,69,520.736,13.8457
35,83,125.718,0
35,85,271.981,0.499952
35,86,309.658,14.7185
35,90,166.82,0
35,95,440.112,25.9288
35,96,234.276,10.7648
36,11,341.495,29.2952
36,14,68.0184,5.23397
36,15,321.039,26.5718
36,20,310.613,24.8565
36,27,121.933,9.40172
36,30,395.032,31.1264
36,32,395.204,33.9014
36,37,389.472,31.2255
36,40,346.651,24.2562
36,45,354.371,30.3911
36,50,90.824,0
36,56,307.173,26.3469
36,66,140.616,0
36,75,216.541,17.2449
36,80,194.864,14.017
36,82,387.305,33.185
36,85,242.526,17.9705
36,90,380.162,32.6127
36,91,160.947,13.1864
37,11,141.397,0
37,12,309.871,0
37,14,446.989,35.9124
37,19,373.409,27.8733
37,20,172.887,0
37,25,294.532,0
37,27,289.082,23.1188
37,29,241.009,5.68581
37,32,103.175,0
37,36,389.472,31.2255
37,38,258.66,0
37,41,171.47,0
37,42,177.023,0
37,49,161.929,0
37,51,290.947,0
37,56,303.928,10.1851
37,59,198.177,0
37,63,117.597,0
37,65,159.831,0
37,75,182.631,0
37,80,232.659,0
37,82,83.4865,0
37,85,370.927,31.8201
37,86,435.671,37.1929
37,91,269.52,21.2176
37,96,382.628,32.7439
38,11,275.147,0
38,25,114.856,0
38,32,233.944,0
38,37,258.66,0
38,41,163.625,0
38,42,116.73,0
38,49,200.385,0
38,51,41.4367,0
38,52,187,0
38,59,143.377,0
38,63,141.852,0
38,65,111.396,0
38,67,106.254,0
38,82,239.535,0
38,99,228.232,0
39,1,310.232,0
39,2,133.27,0
39,5,40,0
39,7,331.667,14.9311
39,8,224.662,0
39,16,196.132,4.87462
39,21,176.026,0
39,24,106.17,0
39,47,311.708,0
39,57,302.002,0
39,58,101.769,0
39,60,159.022,0
39,64,229.713,0
39,70,229.072,0
39,71,220.839,0
39,72,185.504,5.35432
39,73,135.418,0
39,84,59.203,0
39,87,211.116,0
39,88,343.529,25.019
39,93,143.003,0
40,14,289.914,19.3276
40,15,59.8832,3.10304
40,20,275.127,20.766
40,23,259.215,1.63317
40,27,422.583,35.1589
40,28,214.302,1.04517
40,30,106.118,0
40,35,276.763,3.45487
40,36,346.651,24.2562
40,43,359.686,26.0769
40,45,85.365,3.688
40,50,159.156,0.497323
40,56,138.565,5.92263
40,66,270.168,0.500297
40,83,254.867,0
40,85,150.311,9.18558
40,90,113.589,3.74468
40,91,478.017,37.7281
40,96,369.52,29.776
41,11,270.801,0
41,12,191.672,0
41,18,298.421,7.55677
41,25,137.321,0
41,29,271.031,3.82864
41,32,219.201,0
41,37,171.47,0
41,38,163.625,0
41,42,48.5077,0
41,49,37.2156,0
41,51,205.056,0
41,52,232.28,0
41,59,217.697,0
41,63,117.801,0
41,65,69.4262,0
41,67,199.201,0
41,74,279.256,0
41,82,210.305,0
42,11,251.34,0
42,12,236.349,0
42,25,117.516,0
42,29,308.96,1.82404
42,32,200.449,0
42,37,177.023,0
42,38,116.73,0
42,41,48.5077,0
42,49,84.119,0
42,51,157.991,0
42,52,216.668,0
42,59,176.706,0
42,63,90.5539,0
42,65,29,0
42,67,168.19,0
42,82,195.758,0
43,4,394.34,4.12535
43,6,478.003,18.962
43,10,378.724,26.2736
43,15,298.89,21.8519
43,17,378.547,27.0439
43,18,620.355,0
43,19,283.591,0
43,20,368.136,24.6199
43,23,185.23,15.3901
43,28,217.762,18.6653
43,29,290.103,13.7519
43,30,290.606,21.7013
43,35,152.44,8.89609
43,40,359.686,26.0769
43,45,273.469,21.24
43,46,428.612,14.0161
43,56,297.495,23.7819
43,69,410.026,3.10476
43,83,274.578,21.9701
43,85,359.901,30.8416
43,86,185.084,0
43,90,244.409,19.799
43,95,480.321,0
43,96,96.6023,0
44,0,71.3863,0
44,26,307.669,0
44,31,193.003,0
44,76,66.7308,0
44,92,161.555,0
45,14,286.403,24.4765
45,15,26.8328,0
45,20,225.277,15.3321
45,23,184.394,0
45,27,456.934,37.1353
45,28,145.774,0
45,30,69.3109,0
45,35,194.589,0
45,36,354.371,30.3911
45,40,85.365,3.688
45,43,273.469,21.24
45,50,247.528,12.4462
45,56,76.9675,0
45,83,200.569,0
45,85,119.281,0
45,86,417.437,35.7835
45,90,28.4253,0
45,96,268.94,20.8961
46,3,519.914,8.94031
46,4,555.302,0
46,6,100.771,6.19099
46,10,122.262,4.55593
46,17,155.646,12.7505
46,19,555.862,3.89463
46,23,219.238,10.7445
46,28,261.736,10.1785
46,33,386.797,10.3816
46,35,219.373,12.7771
46,43,428.612,14.0161
46,48,333.558,28.4574
46,68,497.04,19.1989
46,69,570.929,0
46,79,501.862,29.2086
46,83,238.827,7.15346
46,86,486.534,11.7238
46,95,310.928,0
46,96,530.168,11.2732
46,97,482.609,20.6976
46,98,220.88,18.5936
47,2,190.948,0
47,5,294.201,0
47,7,163.954,4.72141
47,8,146.168,0
47,12,246.045,0
47,13,98.6154,0
47,16,269.916,9.44349
47,18,285.963,20.7752
47,24,208.37,0
47,39,311.708,0
47,53,201.305,7.47709
47,57,42.5793,0
47,58,215.009,0
47,62,221.027,12.6455
47,64,82.0366,0
47,72,322.259,14.7453
47,73,206.32,0
47,74,170.95,0
47,77,229.094,14.742
47,78,31.0161,0
47,88,258.288,20.2263
47,93,284.675,0
47,94,93.7443,0
48,3,507.319,22.6922
48,6,354.263,26.608
48,10,254.855,20.3648
48,17,271.286,23.2702
48,26,283.425,0
48,31,146.219,0
48,33,422.986,28.7322
48,46,333.558,28.4574
48,76,260.156,0
48,79,454.286,22.01
48,81,348.586,21.7439
48,92,175.368,0
48,97,415.528,15.6768
48,98,143.838,8.36198
49,11,277.2,0
49,12,169.047,0
49,18,266.034,7.48896
49,19,366.756,28.4114
49,20,311.006,0
49,25,169.499,0
49,29,235.997,4.52327
49,32,226.345,0
49,37,161.929,0
49,38,200.385,0
49,41,37.2156,0
49,42,84.119,0
49,51,241.779,0
49,52,260.716,0
49,53,315.101,13.1435
49,59,242.786,0
49,63,136.308,0
49,65,100.125,0
49,67,234.068,0
49,74,268.002,0
49,82,214.516,0
50,14,107.872,8.0007
50,15,203.194,0
50,20,394.51,28.9524
50,27,216.926,12.6723
50,30,288.008,10.9094
50,36,90.824,0
50,40,159.156,0.497323
50,45,247.528,12.4462
50,56,233.612,8.16084
50,66,114.56,0
50,75,314.812,22.017
50,80,327.231,26.9273
50,85,255.178,19.9433
50,90,278.716,14.7054
50,91,254.103,16.5416
51,11,290.553,0
51,25,142.804,0
51,32,254.183,0
51,37,290.947,0
51,38,41.4367,0
51,41,205.056,0
51,42,157.991,0
51,49,241.779,0
51,52,197.307,0
51,59,148.486,0
51,63,173.358,0
51,65,150.904,0
51,67,112.929,0
51,82,262.488,0
51,99,207.781,0
52,12,298.429,0
52,25,99.1817,0
52,38,187,0
52,41,232.28,0
52,42,216.668,0
52,49,260.716,0
52,51,197.307,0
52,63,295.427,0
52,65,237.019,0
52,67,84.386,0
52,74,289.527,0
52,99,155.438,0
53,2,359.664,22.5828
53,4,317.421,0
53,7,240.655,17.4797
53,8,274.616,21.6445
53,12,158.588,9.15203
53,13,194.569,6.07959
53,16,541.118,21.6707
53,18,97.6729,0
53,19,417.809,0
53,29,396.323,19.7676
53,47,201.305,7.47709
53,49,315.101,13.1435
53,57,241.394,7.01173
53,62,123.386,8.68463
53,64,283.172,17.7914
53,68,460.682,0
53,69,301.125,0
53,73,364.131,23.9122
53,74,199.664,9.36551
53,77,180.127,9.87982
53,78,188.139,6.63309
53,86,515.787,0
53,88,378.179,5.63343
53,89,584.469,12.4042
53,94,201.829,6.50264
53,95,563.603,0
54,1,210.447,0
54,9,245.042,7.89701
54,21,278.002,0
54,22,186.254,9.00151
54,26,297.738,1.02658
54,34,93.5361,0
54,55,272.118,0
54,60,249.648,0
54,61,164.368,0
54,70,287.851,0
54,71,218.325,0
54,81,347.297,29.7553
54,87,262.088,0
55,9,53.535,0
55,22,222.822,17.8645
55,26,68.4471,0
55,34,331.163,22.224
55,54,272.118,0
55,81,127.623,2.19458
56,14,250.772,21.4335
56,15,96.1041,0
56,19,503.245,32.8574
56,20,148.525,12.5222
56,23,208.54,0
56,27,403.771,27.3146
56,28,185.348,0
56,29,425.744,34.1506
56,30,143.694,0
56,35,205.078,0
56,36,307.173,26.3469
56,37,303.928,10.1851
56,40,138.565,5.92263
56,43,297.495,23.7819
56,45,76.9675,0
56,50,233.612,8.16084
56,75,434.65,35.8654
56,83,251.603,0
56,85,67.0308,0.49265
56,86,427.808,29.4336
56,90,74.9667,0
56,91,464.376,22.9557
56,96,254.926,21.4555
57,2,192.899,0
57,5,279.723,0
57,7,199.304,4.53072
57,8,168.44,0
57,12,276.443,0
57,13,109.481,0
57,16,279.263,6.01874
57,18,325.407,21.3291
57,24,196.064,0
57,39,302.002,0
57,47,42.5793,0
57,53,241.394,7.01173
57,58,211.811,0
57,62,264.243,13.4501
57,64,79.4796,0
57,72,333.709,13.5222
57,73,212.323,0
57,74,186.893,0
57,77,269.893,15.2694
57,78,57.3847,0
57,88,286.607,20.3697
57,93,295.237,0
57,94,101.868,0
58,2,32.6497,0
58,5,99.7046,0
58,7,227.183,11.4356
58,8,126.063,0
58,13,313.129,0
58,16,131.039,3.74095
58,21,273.247,0
58,24,46.5725,0
58,39,101.769,0
58,47,215.009,0
58,57,211.811,0
58,60,225,0
58,62,375.3,29.9129
58,64,134.451,0
58,68,493.753,36.5026
58,71,311.006,0
58,72,152.64,7.41999
58,73,45.8803,0
58,77,375.102,32.0901
58,78,246.018,0
58,84,111.463,0
58,87,308.449,0
58,88,248.09,20.1059
58,89,409.012,32.2624
58,93,111.414,0
58,94,307.417,0
59,11,147.122,0
59,25,247.032,0
59,27,316.795,11.6535
59,32,122.413,0
59,37,198.177,0
59,38,143.377,0
59,41,217.697,0
59,42,176.706,0
59,49,242.786,0
59,51,148.486,0
59,63,110.114,0
59,65,149.466,0
59,67,249.562,0
59,75,219.672,0
59,80,244.008,0
59,82,137.361,0
59,91,274.528,4.41769
60,1,208.432,0
60,2,244.632,0
60,5,198.172,0
60,8,310.71,0
60,16,292.975,24.2317
60,21,118.072,0
60,22,272.883,0
60,24,252.286,0
60,34,180.314,0
60,39,159.022,0
60,54,249.648,0
60,58,225,0
60,61,214.002,0
60,70,177.859,0
60,71,112.898,0
60,72,237.497,19.1439
60,73,229.787,0
60,84,115.156,0
60,87,140.72,0
60,89,447.9,36.3721
60,93,188.194,9.35574
61,1,48.7545,0
61,21,165.849,0
61,22,317.897,5.06679
61,34,192.354,0
61,54,164.368,0
61,60,214.002,0
61,70,145.041,0
61,71,114.983,0
61,87,135.532,0
62,2,340.229,27.9418
62,3,567.665,0
62,4,294.924,0
62,7,170.409,4.90729
62,8,256.965,20.3741
62,12,282.78,23.565
62,13,269.637,18.3814
62,16,458.397,2.56308
62,18,186.637,9.60809
62,19,424.405,4.0008
62,29,491.932,6.39595
62,33,558.702,0
62,47,221.027,12.6455
62,53,123.386,8.68463
62,57,264.243,13.4501
62,58,375.3,29.9129
62,64,257.387,15.3206
62,68,317.345,0
62,69,281.887,0
62,72,541.827,0
62,73,368.398,31.4064
62,74,289.1,19.4024
62,77,58,0
62,78,226.419,14.1086
62,86,522.475,0
62,88,252.293,0
62,89,461.133,0
62,93,518.176,22.5892
62,94,273.897,18.5604
62,95,458.345,0
63,11,161.059,0
63,12,305.144,0
63,20,288.903,0
63,25,198.116,0
63,27,362.267,26.1404
63,29,317.935,3.6089
63,32,110.725,0
63,37,117.597,0
63,38,141.852,0
63,41,117.801,0
63,42,90.5539,0
63,49,136.308,0
63,51,173.358,0
63,52,295.427,0
63,59,110.114,0
63,65,62.6498,0
63,67,231.465,0
63,75,231.821,0
63,80,273.029,0
63,82,108.503,0
63,91,308.041,15.2245
64,2,113.6,0
64,5,212.641,0
64,7,162.435,5.53482
64,8,103.078,0
64,13,179.011,0
64,16,204.227,5.88115
64,18,379.843,31.2084
64,24,126.649,0
64,39,229.713,0
64,47,82.0366,0
64,53,283.172,17.7914
64,57,79.4796,0
64,58,134.451,0
64,62,257.387,15.3206
64,68,481.139,37.361
64,72,254.486,12.2154
64,73,132.914,0
64,74,252.907,0
64,77,246.498,14.6725
64,78,112.872,0
64,84,245.717,0
64,88,230.458,18.1078
64,89,468.114,37.9403
64,93,216.449,0
64,94,173.072,0
65,11,223.707,0
65,12,260.849,0
65,25,138.293,0
65,29,310.601,0
65,32,173.254,0
65,37,159.831,0
65,38,111.396,0
65,41,69.4262,0
65,42,29,0
65,49,100.125,0
65,51,150.904,0
65,52,237.019,0
65,59,149.466,0
65,63,62.6498,0
65,67,180.646,0
65,75,294.109,0
65,82,169.8,0
66,14,202.535,13.4369
66,27,268.284,19.2049
66,36,140.616,0
66,40,270.168,0.500297
66,50,114.56,0
66,75,389.356,33.222
66,80,352.069,30.1647
66,85,390.491,33.3135
66,91,330.905,28.2704
67,25,70.3278,0
67,38,106.254,0
67,41,199.201,0
67,42,168.19,0
67,49,234.068,0
67,51,112.929,0
67,52,84.386,0
67,59,249.562,0
67,63,231.465,0
67,65,180.646,0
67,99,150,0
68,2,460.23,31.9852
68,3,257.029,0
68,4,369.486,0
68,6,411.149,14.7587
68,7,322.552,0
68,8,384,13.5385
68,16,389.718,0
68,18,481.066,3.61921
68,19,509.784,0
68,33,244.573,0
68,46,497.04,19.1989
68,53,460.682,0
68,58,493.753,36.5026
68,62,317.345,0
68,64,481.139,37.361
68,69,370.567,0
68,72,429.963,0
68,73,449.198,26.1957
68,77,274.416,0
68,79,356.275,4.99526
68,86,556.085,1.12564
68,88,254.008,0
68,89,201.157,0
68,93,467.986,8.68234
68,95,244.859,0
68,97,378.714,1.67546
69,3,606.953,0
69,4,16.4924,0
69,6,517.956,10.827
69,7,447.187,1.22175
69,8,554.639,18.8446
69,12,363.905,29.262
69,18,245.862,0
69,19,158.493,0
69,23,545.371,29.0634
69,29,258.904,4.85117
69,33,536.492,0
69,35,520.736,13.8457
69,43,410.026,3.10476
69,46,570.929,0
69,53,301.125,0
69,62,281.887,0
69,68,370.567,0
69,77,310.664,0
69,86,241.479,0
69,88,479.416,0
69,89,570.34,0
69,95,326.801,1.71961
69,96,416.581,0
70,1,101.242,0
70,5,249.243,0
70,21,63.2535,0
70,34,274.053,0
70,39,229.072,0
70,54,287.851,0
70,60,177.859,0
70,61,145.041,0
70,71,84.3801,0
70,84,231.692,0
70,87,38.6264,0
71,1,97.4166,0
71,5,251.813,0
71,21,60.1415,0
71,22,308.715,0
71,34,191.69,0
71,39,220.839,0
71,54,218.325,0
71,58,311.006,0
71,60,112.898,0
71,61,114.983,0
71,70,84.3801,0
71,72,346.339,21.4086
71,84,201.636,0
71,87,48.3735,0
71,93,290.219,7.06359
72,2,148.178,8.54357
72,3,421.716,0
72,5,212.659,5.68251
72,7,380.636,0
72,8,187.754,14.9412
72,16,84.5931,0
72,21,313.335,13.926
72,24,198.994,7.64403
72,33,532.635,0
72,34,334.228,13.3782
72,39,185.504,5.35432
72,47,322.259,14.7453
72,57,333.709,13.5222
72,58,152.64,7.41999
72,60,237.497,19.1439
72,62,541.827,0
72,64,254.486,12.2154
72,68,429.963,0
72,71,346.339,21.4086
72,73,122.737,8.2389
72,77,485.72,0
72,79,450.052,2.4722
72,84,139.385,5.27972
72,87,352.559,17.3341
72,88,289.614,0
72,89,281.46,0
72,93,42.4327,3.60506
72,97,479.068,14.8283
73,2,25.9422,0
73,3,522.538,26.9003
73,5,141.824,0
73,7,198.361,13.94
73,8,90.3383,0
73,13,304.646,0
73,16,88.7664,3.66793
73,21,295.779,0
73,24,89.0056,0
73,39,135.418,0
73,47,206.32,0
73,53,364.131,23.9122
73,57,212.323,0
73,58,45.8803,0
73,60,229.787,0
73,62,368.398,31.4064
73,64,132.914,0
73,68,449.198,26.1957
73,72,122.737,8.2389
73,77,344.592,28.8215
73,78,236.58,0
73,84,125.718,0
73,88,205.36,17.6108
73,89,363.858,24.3349
73,93,85.276,0
73,94,300.06,0
74,7,277.928,4.83444
74,8,305.122,3.49744
74,12,120.806,0
74,13,77.6209,0
74,18,219.134,9.8198
74,25,283.099,0
74,41,279.256,0
74,47,170.95,0
74,49,268.002,0
74,52,289.527,0
74,53,199.664,9.36551
74,57,186.893,0
74,62,289.1,19.4024
74,64,252.907,0
74,77,338.79,27.2344
74,78,140.036,0
74,94,85.9069,0
75,11,75.0267,0
75,14,282.736,22.5879
75,20,362.497,16.2509
75,27,96.828,8.14822
75,32,121.297,0
75,36,216.541,17.2449
75,37,182.631,0
75,50,314.812,22.017
75,56,434.65,35.8654
75,59,219.672,0
75,63,231.821,0
75,65,294.109,0
75,66,389.356,33.222
75,80,50.4777,0
75,82,125.3,0
75,85,444.978,8.4641
75,91,54.8467,3.65645
76,0,137.786,0
76,26,285.687,0
76,31,126.384,0
76,44,66.7308,0
76,48,260.156,0
76,92,95.1262,0
77,2,341.284,29.2209
77,3,518.652,0
77,4,321.82,0
77,7,134.153,2.38876
77,8,237.444,16.6117
77,12,338.009,28.9916
77,13,275.745,16.1979
77,16,408.725,0
77,18,253.372,7.08312
77,19,466.648,0
77,24,372.622,28.2679
77,29,538.296,5.48795
77,33,518.536,0
77,47,229.094,14.742
77,53,180.127,9.87982
77,57,269.893,15.2694
77,58,375.102,32.0901
77,62,58,0
77,64,246.498,14.6725
77,68,274.416,0
77,69,310.664,0
77,72,485.72,0
77,73,344.592,28.8215
77,74,338.79,27.2344
77,78,234.907,14.9049
77,79,613.774,5.06496
77,86,551.949,0
77,88,196.163,0
77,89,406.163,0
77,93,476.986,17.9345
77,94,277.907,15.9564
77,95,440.931,0
78,2,221.732,0
78,7,179.367,4.68933
78,8,172.235,0
78,12,220,0
78,13,68.0661,0
78,16,298.609,10.2091
78,18,267.216,19.0404
78,24,238.872,0
78,47,31.0161,0
78,53,188.139,6.63309
78,57,57.3847,0
78,58,246.018,0
78,62,226.419,14.1086
78,64,112.872,0
78,73,236.58,0
78,74,140.036,0
78,77,234.907,14.9049
78,88,285.712,22.8052
78,94,63.8905,0
79,3,99.7707,4.21594
79,6,399.849,23.526
79,7,608.523,5.33445
79,16,478.144,3.07712
79,22,306.331,20.0382
79,26,463.807,37.9277
79,33,193.077,4.75179
79,34,375.445,25.8829
79,46,501.862,29.2086
79,48,454.286,22.01
79,68,356.275,4.99526
79,72,450.052,2.4722
79,77,613.774,5.06496
79,81,400.675,28.1961
79,88,501.427,5.21837
79,89,227.932,4.77917
79,93,486.509,11.735
79,95,413.455,12.9338
79,97,30.4138,0
79,98,468.673,24.3238
80,11,112.004,0
80,14,236.095,18.6844
80,20,391.339,28.0222
80,27,89.9157,6.15874
80,32,162.791,0
80,36,194.864,14.017
80,37,232.659,0
80,50,327.231,26.9273
80,59,244.008,0
80,63,273.029,0
80,66,352.069,30.1647
80,75,50.4777,0
80,82,170.294,0
80,85,445.604,23.6198
80,91,64.4294,4.53118
81,3,498.81,33.254
81,9,143.745,2.88355
81,22,153.543,6.54194
81,26,89.4604,2.67093
81,34,263.676,21.06
81,48,348.586,21.7439
81,54,347.297,29.7553
81,55,127.623,2.19458
81,79,400.675,28.1961
81,97,426.426,24.1705
82,11,63.4114,0
82,14,391.606,33.5913
82,20,259.291,18.6778
82,25,306.615,0
82,27,253.793,21.5572
82,29,325.082,6.23073
82,32,20.2237,0
82,36,387.305,33.185
82,37,83.4865,0
82,38,239.535,0
82,41,210.305,0
82,42,195.758,0
82,49,214.516,0
82,51,262.488,0
82,59,137.361,0
82,63,108.503,0
82,65,169.8,0
82,75,125.3,0
82,80,170.294,0
82,85,434.127,35.2682
82,91,202.329,14.4479
83,6,343.341,23.9526
83,10,216.116,0
83,15,210.152,0
83,17,222.639,0
83,23,89.7385,0
83,28,70.8378,0
83,30,148.862,0
83,35,125.718,0
83,40,254.867,0
83,43,274.578,21.9701
83,45,200.569,0
83,46,238.827,7.15346
83,56,251.603,0
83,85,313.491,0.52598
83,86,434.677,37.0714
83,90,182.964,0
83,96,341.417,29.0514
84,1,297.424,0
84,2,135.033,0
84,5,97.5756,0
84,7,334.275,21.2172
84,8,214.411,0
84,16,162.523,5.77446
84,21,170.88,0
84,24,137.306,0
84,34,290.203,0
84,39,59.203,0
84,58,111.463,0
84,60,115.156,0
84,64,245.717,0
84,70,231.692,0
84,71,201.636,0
84,72,139.385,5.27972
84,73,125.718,0
84,87,205.234,0
84,88,339.625,28.5542
84,89,417.747,32.7805
84,93,98.2293,0
85,11,417.314,35.0357
85,14,194.57,8.99909
85,15,125.936,0
85,20,159.697,10.8756
85,23,275.309,0.498736
85,27,335.353,11.4115
85,28,249.736,0.509649
85,29,462.091,38.6538
85,30,188.043,0
85,32,436.419,36.9079
85,35,271.981,0.499952
85,36,242.526,17.9705
85,37,370.927,31.8201
85,40,150.311,9.18558
85,43,359.901,30.8416
85,45,119.281,0
85,50,255.178,19.9433
85,56,67.0308,0.49265
85,66,390.491,33.3135
85,75,444.978,8.4641
85,80,445.604,23.6198
85,82,434.127,35.2682
85,83,313.491,0.52598
85,86,473.192,38.404
85,90,131.083,0.537153
85,91,391.138,5.75646
85,96,326.366,27.8153
86,4,230.217,0
86,6,510.338,11.5433
86,12,433.461,37.0614
86,18,435.33,0
86,19,98.5089,0
86,20,459.492,17.606
86,23,346.583,23.7929
86,28,401.03,28.994
86,29,167.31,4.81041
86,35,309.658,14.7185
86,37,435.671,37.1929
86,43,185.084,0
86,45,417.437,35.7835
86,46,486.534,11.7238
86,53,515.787,0
86,56,427.808,29.4336
86,62,522.475,0
86,68,556.085,1.12564
86,69,241.479,0
86,77,551.949,0
86,83,434.677,37.0714
86,85,473.192,38.404
86,90,385.58,33.0755
86,95,409.414,0
86,96,175.602,0
87,1,100.807,0
87,5,236.326,0
87,21,35.2278,0
87,34,240.027,0
87,39,211.116,0
87,54,262.088,0
87,58,308.449,0
87,60,140.72,0
87,61,135.532,0
87,70,38.6264,0
87,71,48.3735,0
87,72,352.559,17.3341
87,84,205.234,0
87,93,290.241,0
88,2,214.595,17.9717
88,3,422.232,0
88,4,487.015,0
88,5,347.748,23.6873
88,7,112.712,0
88,8,130.01,9.67975
88,13,341.621,24.3013
88,16,213.242,0
88,18,420.966,17.4198
88,24,277.421,19.9079
88,33,470.608,0
88,39,343.529,25.019
88,47,258.288,20.2263
88,53,378.179,5.63343
88,57,286.607,20.3697
88,58,248.09,20.1059
88,62,252.293,0
88,64,230.458,18.1078
88,68,254.008,0
88,69,479.416,0
88,72,289.614,0
88,73,205.36,17.6108
88,77,196.163,0
88,78,285.712,22.8052
88,79,501.427,5.21837
88,84,339.625,28.5542
88,89,274.357,0
88,93,290.89,13.4505
88,94,340.556,24.0494
88,95,490.897,0
88,97,541.548,4.87546
89,2,392.44,28.6178
89,3,159.399,0
89,4,569.975,0
89,6,537.062,0
89,7,383.343,0
89,8,366.982,15.2712
89,16,278.007,0
89,24,455.473,38.3656
89,33,252.872,0
89,53,584.469,12.4042
89,58,409.012,32.2624
89,60,447.9,36.3721
89,62,461.133,0
89,64,468.114,37.9403
89,68,201.157,0
89,69,570.34,0
89,72,281.46,0
89,73,363.858,24.3349
89,77,406.163,0
89,79,227.932,4.77917
89,84,417.747,32.7805
89,88,274.357,0
89,93,324.644,8.39067
89,95,400.345,0
89,97,268.802,5.81823
90,14,299.421,24.7754
90,15,54.037,0
90,20,221.09,14.971
90,23,158.382,0
90,27,468.175,38.8758
90,28,123.037,0
90,29,431.855,36.9804
90,30,71.6938,0
90,35,166.82,0
90,36,380.162,32.6127
90,40,113.589,3.74468
90,43,244.409,19.799
90,45,28.4253,0
90,50,278.716,14.7054
90,56,74.9667,0
90,83,182.964,0
90,85,131.083,0.537153
90,86,385.58,33.0755
90,96,221.816,14.3277
91,11,128.16,3.738
91,14,211.064,17.4282
91,20,356.242,10.4913
91,27,44.7214,2.98142
91,32,193.085,12.0342
91,36,160.947,13.1864
91,37,269.52,21.2176
91,40,478.017,37.7281
91,50,254.103,16.5416
91,56,464.376,22.9557
91,59,274.528,4.41769
91,63,308.041,15.2245
91,66,330.905,28.2704
91,75,54.8467,3.65645
91,80,64.4294,4.53118
91,82,202.329,14.4479
91,85,391.138,5.75646
92,0,232.835,0
92,26,291.671,0
92,31,31.7805,0
92,44,161.555,0
92,48,175.368,0
92,76,95.1262,0
92,98,236.415,0
93,2,109.604,0
93,3,461.895,9.64169
93,5,169.853,0
93,7,327.81,23.7896
93,8,147.665,0
93,16,80.4984,6.88709
93,21,258.242,0
93,24,157.08,0
93,33,575.164,9.13207
93,34,354.955,21.0322
93,39,143.003,0
93,47,284.675,0
93,57,295.237,0
93,58,111.414,0
93,60,188.194,9.35574
93,62,518.176,22.5892
93,64,216.449,0
93,68,467.986,8.68234
93,71,290.219,7.06359
93,72,42.4327,3.60506
93,73,85.276,0
93,77,476.986,17.9345
93,79,486.509,11.735
93,84,98.2293,0
93,87,290.241,0
93,88,290.89,13.4505
93,89,324.644,8.39067
93,97,513.388,23.1609
94,2,284.417,0
94,7,233.895,4.63468
94,8,235.306,0
94,12,189.805,0
94,13,9.21954,0
94,18,251.645,12.2736
94,24,296.422,0
94,47,93.7443,0
94,53,201.829,6.50264
94,57,101.868,0
94,58,307.417,0
94,62,273.897,18.5604
94,64,173.072,0
94,73,300.06,0
94,74,85.9069,0
94,77,277.907,15.9564
94,78,63.8905,0
94,88,340.556,24.0494
95,3,352.165,0
95,4,318.779,0
95,6,212.298,9.58541
95,7,536.302,0
95,10,409.143,32.5024
95,17,388.822,31.1294
95,18,547.609,0
95,19,403.113,0
95,23,399.21,34.2427
95,29,536.03,4.40724
95,33,220.043,8.76833
95,35,440.112,25.9288
95,43,480.321,0
95,46,310.928,0
95,53,563.603,0
95,62,458.345,0
95,68,244.859,0
95,69,326.801,1.71961
95,77,440.931,0
95,79,413.455,12.9338
95,86,409.414,0
95,88,490.897,0
95,89,400.345,0
95,96,513.092,13.1701
95,97,399.584,10.3071
95,98,414.225,32.9701
96,4,405.704,0
96,6,550.3,24.4578
96,15,295.851,21.7922
96,18,590.827,0
96,19,264.764,0
96,20,328.996,12.958
96,23,261.796,19.2475
96,28,267.458,22.8793
96,29,238.996,9.84256
96,30,281.647,16.2014
96,35,234.276,10.7648
96,37,382.628,32.7439
96,40,369.52,29.776
96,43,96.6023,0
96,45,268.94,20.8961
96,46,530.168,11.2732
96,56,254.926,21.4555
96,69,416.581,0
96,83,341.417,29.0514
96,85,326.366,27.8153
96,86,175.602,0
96,90,221.816,14.3277
96,95,513.092,13.1701
97,3,126.107,2.51301
97,6,371.5,18.059
97,16,517.271,10.0053
97,17,508.324,33.6202
97,22,316.974,19.9735
97,26,411.571,35.0924
97,33,180.174,0.978966
97,46,482.609,20.6976
97,48,415.528,15.6768
97,68,378.714,1.67546
97,72,479.068,14.8283
97,79,30.4138,0
97,81,426.426,24.1705
97,88,541.548,4.87546
97,89,268.802,5.81823
97,93,513.388,23.1609
97,95,399.584,10.3071
97,98,436.306,15.113
98,3,447.073,32.8393
98,6,189.399,13.2706
98,10,146.001,11.0448
98,17,142.581,11.6485
98,31,204.788,0
98,33,402.637,23.0649
98,46,220.88,18.5936
98,48,143.838,8.36198
98,79,468.673,24.3238
98,92,236.415,0
98,95,414.225,32.9701
98,97,436.306,15.113
99,25,216.393,0
99,38,228.232,0
99,51,207.781,0
99,52,155.438,0
99,67,150,0
