0,10,33.2415,0
0,54,50.9117,0
0,70,211.944,15.8516
0,96,156.939,9.106
1,2,136,0
1,8,280.492,0
1,11,299.125,0
1,26,337.165,0
1,30,42.0476,0
1,31,340.094,0
1,34,192.413,16.2755
1,35,235.915,0
1,36,178.125,15.2734
1,41,257.781,4.9408
1,44,207.894,0
1,55,263.5,22.013
1,61,410.583,13.8163
1,64,234.828,0
1,65,23.3238,0
1,71,222.342,19.0612
1,72,124.868,0
1,78,378.73,3.8416
1,82,165.116,3.85874
1,85,348.527,3.94337
2,1,136,0
2,8,414.367,0
2,11,318.904,0
2,21,220.271,18.649
2,30,174.929,0
2,34,145.144,10.6114
2,35,320.188,6.17625
2,36,122.156,10.3383
2,41,382.256,0
2,44,87.9318,0
2,47,374.55,0
2,55,191.039,15.5779
2,61,377.878,0
2,64,127.279,0
2,65,125.603,0
2,71,200.865,13.6706
2,72,260.722,0
2,82,289.061,5.66041
2,85,199.467,8.78113
2,88,297.614,25.5273
2,94,295.433,12.8534
2,98,233.71,17.7462
3,12,45.2217,0
3,16,86.3134,0
3,22,113.455,0
3,23,155.801,0
3,32,195.533,0
3,33,80.6536,0
3,37,213.434,0
3,39,167.386,0
3,48,99.2018,0
3,50,218.289,0
3,52,212.009,0
3,58,153.6,0
3,59,92.6984,0
3,68,169.446,0
3,76,18.0278,0
3,79,53.1413,0
3,84,200.96,0
3,86,165.109,0
3,87,181.246,0
3,92,49.7393,0
4,5,108.185,8.14898
4,6,222.007,10.8643
4,7,337.043,15.4568
4,9,85.6221,6.81467
4,11,266.091,11.604
4,16,188.939,0
4,17,22.8035,0
4,23,156.952,0
4,28,150.426,0
4,29,98.8838,0
4,39,167.601,0
4,48,163.478,0
4,59,169.248,0
4,60,60.0333,0
4,61,272.285,14.5051
4,62,217.54,17.0255
4,63,78.2943,0
4,68,97.6524,0
4,81,126.905,0
4,84,171.129,0
4,86,186.893,0
4,90,154.253,0
5,4,108.185,8.14898
5,6,118.068,0
5,7,227.301,6.9821
5,9,174.72,5.40801
5,11,257.752,0
5,16,260.382,16.9913
5,17,124.851,10.6329
5,23,215.028,17.2557
5,25,351.574,0
5,28,283.761,23.8789
5,29,209.805,17.3636
5,39,221.757,18.0617
5,44,403.179,18.241
5,47,347.209,4.49615
5,48,245.018,15.3906
5,53,346.699,0
5,56,418.617,0
5,59,248.763,15.7427
5,60,174.354,12.0318
5,61,168.337,5.48473
5,62,194.833,0
5,63,213.189,8.64469
5,64,364.821,17.4266
5,68,190.823,14.3656
5,81,248.725,21.2957
5,86,241.169,19.2167
5,89,360.383,24.112
5,90,246.641,0.533834
6,4,222.007,10.8643
6,5,118.068,0
6,7,114.057,4.85959
6,9,297.846,0
6,11,300.452,6.19204
6,14,435.917,0
6,17,230.706,15.9815
6,23,245.213,20.976
6,25,244.049,0
6,29,333.226,27.0523
6,39,253.854,21.5788
6,43,335.07,6.11666
6,44,406.841,6.79617
6,47,247.446,5.81082
6,49,342.654,0
6,53,241.868,0
6,56,328.42,0
6,60,293.803,13.4185
6,61,104.917,5.85663
6,62,144.679,0
6,63,317.592,12.3004
6,64,364.275,6.76062
6,68,277.14,23.7631
6,86,273.967,23.304
6,89,330.912,16.5255
6,90,208.373,0.498478
6,94,404.677,13.198
7,4,337.043,15.4568
7,5,227.301,6.9821
7,6,114.057,4.85959
7,9,388.017,11.9538
7,11,312.607,23.5896
7,14,387.221,0
7,17,342.942,21.5443
7,23,326.297,26.7269
7,25,165.276,0
7,39,320.034,25.5166
7,43,227.059,0
7,44,396.043,5.64767
7,47,169.753,0
7,49,254.055,0
7,53,170.88,0
7,56,276.926,0
7,60,391.907,21.4593
7,61,146.014,0
7,62,185.262,5.54574
7,64,353.258,6.04267
7,66,401.656,1.05693
7,67,381.534,0
7,69,428.714,1.98444
7,85,390.142,2.62799
7,86,332.704,26.8264
7,88,356.854,18.1212
7,89,329.095,14.5568
7,90,243.282,4.57552
7,94,304.957,16.5279
7,95,359,1.47514
8,1,280.492,0
8,2,414.367,0
8,11,379.701,0.540875
8,13,243.045,18.8046
8,19,261.164,19.4672
8,20,243.455,6.02375
8,26,149.091,0
8,28,285.207,24.4668
8,30,239.708,0
8,31,97.591,0
8,35,287.34,0
8,38,153.311,11.0064
8,41,244.663,0
8,57,358.87,17.0186
8,65,296.978,0
8,72,164.305,0
8,77,299.781,10.2838
8,78,127.122,0
8,82,182.362,0
9,4,85.6221,6.81467
9,5,174.72,5.40801
9,6,297.846,0
9,7,388.017,11.9538
9,11,187.446,0
9,13,200.777,4.72744
9,17,101.257,6.79704
9,19,208.381,4.48625
9,23,243.563,9.26026
9,28,107.418,4.39436
9,29,88.4523,3.28083
9,31,322.535,27.2758
9,48,238.908,7.21808
9,60,34.374,2.82858
9,61,303.646,1.47373
9,62,375.217,0
9,63,32.6337,2.56991
9,64,399.397,17.0169
9,68,167.373,6.23303
9,81,96.7564,3.28115
9,84,205.949,4.29902
9,90,392.01,11.7417
10,0,33.2415,0
10,54,17.6918,0
10,66,219.738,0
10,67,278.455,21.7162
10,70,168.196,9.68713
10,75,216.945,0
10,91,204.299,0
10,96,124.635,8.75486
11,1,299.125,0
11,2,318.904,0
11,4,266.091,11.604
11,5,257.752,0
11,6,300.452,6.19204
11,7,312.607,23.5896
11,8,379.701,0.540875
11,9,187.446,0
11,13,231.371,6.66583
11,17,283.398,18.6363
11,28,156.009,6.74002
11,29,207.972,15.6499
11,30,286.81,0
11,31,351.323,3.05835
11,44,279.948,6.48934
11,47,363.362,13.0925
11,60,215.548,8.99722
11,61,178.649,15.2817
11,62,442.163,0
11,63,179.537,12.1638
11,64,271.33,0
11,65,318.427,0
11,72,340.288,0
11,78,367.279,13.4943
11,81,188.827,12.4378
11,82,410.474,2.91683
11,85,427.22,1.50768
12,3,45.2217,0
12,16,88.8876,0
12,22,158.521,0
12,23,148.003,0
12,32,155.39,0
12,33,79.511,0
12,39,154.935,0
12,45,222.812,0
12,48,122.589,0
12,58,198.806,0
12,59,113.111,0
12,68,192.023,0
12,76,61.2699,0
12,79,45.8803,0
12,86,147.628,0
12,87,140.602,0
12,92,20.8087,0
13,8,243.045,18.8046
13,9,200.777,4.72744
13,11,231.371,6.66583
13,15,161.276,0
13,19,18.3576,0
13,20,358.47,21.5734
13,28,93.2363,0
13,29,152.201,0
13,31,145.638,1.36009
13,38,233.906,17.4314
13,40,204.416,0
13,46,224.058,0
13,57,205.682,0
13,60,183.153,0
13,63,168.122,0
13,73,202.2,0
13,74,221.551,0
13,77,344.055,27.8616
13,78,158.572,10.1522
13,81,116.765,0
14,6,435.917,0
14,7,387.221,0
14,23,224.357,11.1132
14,25,225.282,0
14,32,179.136,9.48977
14,39,205.481,10.9194
14,45,108.894,8.34618
14,49,175.191,0
14,51,142.66,9.35399
14,53,217.007,0
14,56,110.725,0
14,62,326.833,0
14,66,56,0.931034
14,67,113.719,0
14,69,49.5435,1.80942
14,70,353.202,21.5244
14,75,62.2445,5.30974
14,86,193.75,9.98275
14,87,192.053,9.38452
14,89,91.6464,7.7562
14,90,240.51,16.5942
14,91,133.045,7.59389
14,96,200.528,16.7688
15,13,161.276,0
15,19,156.847,0
15,20,229.142,18.2087
15,31,307.456,26.3368
15,38,210.107,16.6752
15,57,109.403,0
15,77,197.03,12.7441
15,78,284.059,24.2943
15,99,136.132,0
16,3,86.3134,0
16,4,188.939,0
16,5,260.382,16.9913
16,12,88.8876,0
16,17,169.499,0
16,22,149.753,0
16,23,70.7107,0
16,32,160.801,0
16,33,161.447,0
16,37,219.864,0
16,39,84.7585,0
16,45,206.814,0
16,48,53.0377,0
16,58,188.905,0
16,59,41.7732,0
16,62,209.889,10.966
16,68,110.86,0
16,76,99.6243,0
16,79,43.0116,0
16,84,186.003,0
16,86,87.5728,0
16,87,150.333,0
16,89,190.024,0
16,90,162.247,0
16,92,108.849,0
17,4,22.8035,0
17,5,124.851,10.6329
17,6,230.706,15.9815
17,7,342.942,21.5443
17,9,101.257,6.79704
17,11,283.398,18.6363
17,16,169.499,0
17,22,223.517,0
17,23,143.618,0
17,28,158.354,0
17,29,97.7446,0
17,37,208.389,0
17,39,156.109,0
17,48,141.51,0
17,59,147.706,0
17,60,71.8053,0
17,61,292.295,19.4863
17,62,174.417,12.2573
17,63,91.0055,0
17,68,74.8866,0
17,79,211.603,0
17,81,130.096,0
17,84,152.345,0
17,86,175.377,0
17,90,153.942,0
18,21,95.8593,0
18,27,137.179,0
18,42,19.2354,0
18,43,228.551,17.485
18,47,256.133,18.6924
18,55,170.294,0
18,80,169.248,0
18,85,155.631,0
18,88,83.863,0
18,94,126.846,0
18,95,178.043,1.02886
18,97,62.6259,0
18,98,126.764,0
19,8,261.164,19.4672
19,9,208.381,4.48625
19,13,18.3576,0
19,15,156.847,0
19,20,358.893,26.0814
19,28,101.597,0
19,29,153.219,0
19,31,163.402,1.32774
19,38,246.024,19.8312
19,40,189.275,0
19,46,209.172,0
19,57,211.092,0
19,60,189.13,0
19,63,175.317,0
19,73,185.925,0
19,74,207.06,0
19,78,193.407,15.3247
19,81,119.604,0
20,8,243.455,6.02375
20,13,358.47,21.5734
20,15,229.142,18.2087
20,19,358.893,26.0814
20,26,221,3.28509
20,31,176.368,15.0063
20,38,137.768,0
20,41,375.868,3.37953
20,57,146.645,8.64982
20,72,399.491,3.15223
20,77,59.1169,3.07775
20,78,206.624,6.24846
20,82,380.563,3.91977
20,99,216.793,18.2249
21,2,220.271,18.649
21,18,95.8593,0
21,24,223.329,0
21,27,189.18,0
21,34,167.275,0
21,36,146.755,0
21,42,114.791,0
21,43,235.203,20.0956
21,44,194.019,16.4072
21,47,248.66,19.946
21,55,99.0404,0
21,64,217.797,18.4584
21,65,333.657,27.7125
21,83,202.406,0
21,85,67.72,0
21,88,78.1025,0
21,94,72.0069,0
21,95,209.18,1.50785
21,97,73.736,0
21,98,81.5966,0
22,3,113.455,0
22,12,158.521,0
22,16,149.753,0
22,17,223.517,0
22,23,211.854,0
22,33,163.233,0
22,37,106.405,0
22,40,188.788,0
22,46,172.792,0
22,48,113.159,0
22,50,106.93,0
22,52,199.97,0
22,58,41.1461,0
22,59,118.714,0
22,68,151.208,0
22,73,209.824,0
22,74,168.155,0
22,76,99.7647,0
22,79,147.078,0
22,84,114.983,0
22,92,161.276,0
23,3,155.801,0
23,4,156.952,0
23,5,215.028,17.2557
23,6,245.213,20.976
23,7,326.297,26.7269
23,9,243.563,9.26026
23,12,148.003,0
23,14,224.357,11.1132
23,16,70.7107,0
23,17,143.618,0
23,22,211.854,0
23,25,296.073,24.6271
23,32,146.25,0
23,39,18.9737,0
23,45,167.2,0
23,48,100.045,0
23,51,205.779,0
23,53,280.67,23.6645
23,56,238.727,19.8369
23,59,93.1933,0
23,60,215.058,0
23,62,141.667,10.174
23,68,116.662,0
23,69,195.758,0
23,75,216.002,0
23,76,170.038,0
23,79,106.066,0
23,84,217.81,0
23,86,34.6554,0
23,87,141.873,0
23,89,131.7,0
23,90,91.586,0
23,92,168.808,0
24,21,223.329,0
24,34,179.769,0
24,36,198.457,0
24,55,148.273,0
24,71,204.01,0
24,83,36.0555,0
24,93,31.9061,0
24,97,184.133,0
24,98,141.739,0
25,5,351.574,0
25,6,244.049,0
25,7,165.276,0
25,14,225.282,0
25,23,296.073,24.6271
25,27,390.477,20.1189
25,39,277.177,22.8461
25,43,272.969,0
25,45,272.307,22.4569
25,47,296.196,0
25,49,98.813,0
25,51,320.927,27.4764
25,53,15.6205,0
25,56,118.271,0
25,61,295.088,6.20886
25,62,200.489,0
25,66,236.407,1.04588
25,67,219.244,0
25,69,270.029,1.94181
25,75,288.487,11.2362
25,86,269.885,22.993
25,89,193.44,13.4823
25,90,214.842,0.509082
25,95,338.999,0
26,1,337.165,0
26,8,149.091,0
26,20,221,3.28509
26,30,305.588,0
26,31,233.238,0
26,35,222.225,0
26,38,226.473,8.50424
26,41,156.179,0
26,57,376.304,9.79182
26,65,344.859,0
26,71,339.473,26.1884
26,72,215.128,0
26,77,279.958,3.80281
26,78,209.444,11.5796
26,82,172.708,0
27,18,137.179,0
27,21,189.18,0
27,25,390.477,20.1189
27,42,136.499,0
27,43,162.055,13.9004
27,47,275.269,22.2612
27,49,356.869,20.2089
27,70,240.757,11.1209
27,80,49.4065,0
27,85,211.436,0
27,88,114.285,0
27,94,157.137,0
27,95,52.8015,0
27,97,196.499,0
28,4,150.426,0
28,5,283.761,23.8789
28,8,285.207,24.4668
28,9,107.418,4.39436
28,11,156.009,6.74002
28,13,93.2363,0
28,17,158.354,0
28,19,101.597,0
28,29,75.0067,0
28,31,192.42,12.9693
28,38,266.845,22.3448
28,40,208.214,0
28,46,223.681,0
28,60,90.9065,0
28,63,75.0067,0
28,68,204.519,0
28,73,216.449,0
28,74,218.248,0
28,78,170.153,2.42642
28,81,39.8121,0
28,84,194.24,0
29,4,98.8838,0
29,5,209.805,17.3636
29,6,333.226,27.0523
29,9,88.4523,3.28083
29,11,207.972,15.6499
29,13,152.201,0
29,17,97.7446,0
29,19,153.219,0
29,28,75.0067,0
29,37,175.454,0
29,40,175.684,0
29,46,185.884,0
29,48,198.225,0
29,59,208.031,0
29,60,57.2189,0
29,63,59.0931,0
29,68,130.729,0
29,73,191.05,0
29,74,178.846,0
29,81,37.108,0
29,84,128.456,0
30,1,42.0476,0
30,2,174.929,0
30,8,239.708,0
30,11,286.81,0
30,26,305.588,0
30,31,298.06,0
30,34,233.402,19.8842
30,35,232.31,0
30,36,216.019,18.122
30,38,407.437,7.97033
30,41,238.866,6.75873
30,44,240.508,0
30,55,305.288,26.1704
30,64,263.181,0
30,65,62.8013,0
30,71,247.17,21.0924
30,72,90.5097,0
30,78,336.686,3.82175
30,82,143.962,3.40962
30,85,387.083,3.3158
31,1,340.094,0
31,8,97.591,0
31,9,322.535,27.2758
31,11,351.323,3.05835
31,13,145.638,1.36009
31,15,307.456,26.3368
31,19,163.402,1.32774
31,20,176.368,15.0063
31,26,233.238,0
31,28,192.42,12.9693
31,30,298.06,0
31,35,381.16,1.22156
31,38,136.521,2.76442
31,41,342.24,0
31,57,332.026,14.7567
31,63,249.785,16.2701
31,65,360.022,0
31,72,241.081,0
31,77,285.744,13.134
31,78,32.8217,2.762
31,81,232.246,13.637
31,82,274.875,0
32,3,195.533,0
32,12,155.39,0
32,14,179.136,9.48977
32,16,160.801,0
32,23,146.25,0
32,33,219.672,0
32,39,133.33,0
32,45,73.4098,0
32,48,213.49,0
32,51,78.8543,0
32,56,217.9,14.2874
32,59,202.425,0
32,62,242.701,13.6012
32,66,216.141,14.0246
32,67,293.554,25.0415
32,69,135.204,0
32,75,139.786,0
32,76,213.41,0
32,79,152.279,0
32,86,114.018,0
32,87,15.1327,0
32,89,116.284,0
32,90,178.34,0
32,91,127.283,0
32,92,167.108,0
33,3,80.6536,0
33,12,79.511,0
33,16,161.447,0
33,22,163.233,0
33,32,219.672,0
33,48,179.805,0
33,52,165.339,0
33,58,195.862,0
33,59,173.297,0
33,76,78.2304,0
33,79,120.42,0
33,87,204.561,0
33,92,59.6406,0
34,1,192.413,16.2755
34,2,145.144,10.6114
34,21,167.275,0
34,24,179.769,0
34,30,233.402,19.8842
34,35,162.007,5.40478
34,36,30.5941,0
34,41,232.571,17.6694
34,44,217.256,18.4787
34,55,82.6801,0
34,64,257.96,21.2014
34,65,169.409,13.7096
34,71,77.026,0
34,72,275.296,22.712
34,82,231.134,18.9172
34,83,143.781,0
34,85,161.941,0
34,93,211.294,0
34,94,212.777,0
34,97,196.229,0
34,98,133.36,0
35,1,235.915,0
35,2,320.188,6.17625
35,8,287.34,0
35,26,222.225,0
35,30,232.31,0
35,31,381.16,1.22156
35,34,162.007,5.40478
35,36,170.823,5.91076
35,41,69.857,0
35,44,410.686,4.72119
35,65,227.561,0
35,71,116.213,5.35689
35,72,162.44,8.3624
35,78,413.323,0
35,82,115.603,0
36,1,178.125,15.2734
36,2,122.156,10.3383
36,21,146.755,0
36,24,198.457,0
36,30,216.019,18.122
36,34,30.5941,0
36,35,170.823,5.91076
36,41,244.72,19.2201
36,44,186.219,14.5567
36,55,77.2787,0
36,64,226.656,16.3981
36,65,154.091,13.0164
36,71,102.142,0
36,72,273.018,21.0997
36,82,245.322,21.0448
36,83,163.135,0
36,85,133.645,0
36,88,219.009,0
36,94,185.995,0
36,97,185.607,0
36,98,127.613,0
37,3,213.434,0
37,16,219.864,0
37,17,208.389,0
37,22,106.405,0
37,29,175.454,0
37,40,82.8553,0
37,46,68.7677,0
37,48,168.609,0
37,50,79.2465,0
37,58,81.0247,0
37,59,179.011,0
37,60,223.271,0
37,68,159.154,0
37,73,104.862,0
37,74,63.0079,0
37,76,202.566,0
37,81,196.207,0
37,84,56.0446,0
38,8,153.311,11.0064
38,13,233.906,17.4314
38,15,210.107,16.6752
38,19,246.024,19.8312
38,20,137.768,0
38,26,226.473,8.50424
38,28,266.845,22.3448
38,30,407.437,7.97033
38,31,136.521,2.76442
38,41,378.322,7.53903
38,57,196.934,10.9019
38,72,317.619,14.0472
38,77,170.2,7.17726
38,78,96.3328,0
38,82,350.925,5.2204
38,99,284.624,24.3884
39,3,167.386,0
39,4,167.601,0
39,5,221.757,18.0617
39,6,253.854,21.5788
39,7,320.034,25.5166
39,12,154.935,0
39,14,205.481,10.9194
39,16,84.7585,0
39,17,156.109,0
39,23,18.9737,0
39,25,277.177,22.8461
39,32,133.33,0
39,45,149.305,0
39,48,118.343,0
39,49,322.175,26.3002
39,51,189.095,0
39,53,260.308,21.9004
39,56,219.676,18.5514
39,59,111,0
39,62,132.871,9.61986
39,66,262.302,19.933
39,68,134.618,0
39,69,176.785,0
39,75,197.091,0
39,76,182.529,0
39,79,115.802,0
39,86,19.3132,0
39,87,130.507,0
39,89,112.805,0
39,90,80.7217,0
39,92,175.568,0
40,13,204.416,0
40,19,189.275,0
40,22,188.788,0
40,28,208.214,0
40,29,175.684,0
40,37,82.8553,0
40,46,20.3961,0
40,50,127.142,0
40,58,158.928,0
40,68,215.037,0
40,73,23.6008,0
40,74,21.3776,0
40,81,180.71,0
40,84,110.788,0
41,1,257.781,4.9408
41,2,382.256,0
41,8,244.663,0
41,20,375.868,3.37953
41,26,156.179,0
41,30,238.866,6.75873
41,31,342.24,0
41,34,232.571,17.6694
41,35,69.857,0
41,36,244.72,19.2201
41,38,378.322,7.53903
41,65,265.646,0
41,71,185.241,15.6116
41,72,179.169,2.36636
41,77,421.07,8.68098
41,78,363.545,1.25348
41,82,108.019,0
42,18,19.2354,0
42,21,114.791,0
42,27,136.499,0
42,43,238.872,17.6093
42,47,274.834,19.9532
42,55,185.284,0
42,80,163.6,0
42,85,174.828,0
42,88,99.4032,0
42,94,144.734,0
42,95,181.549,1.06763
42,97,73.7835,0
42,98,139.617,0
43,6,335.07,6.11666
43,7,227.059,0
43,18,228.551,17.485
43,21,235.203,20.0956
43,25,272.969,0
43,27,162.055,13.9004
43,42,238.872,17.6093
43,44,391.225,6.15194
43,47,138.924,0
43,49,292.062,0
43,53,288.062,0
43,56,379.289,0
43,61,305.791,0
43,62,394.747,8.45327
43,64,355.859,8.53537
43,67,402.974,0
43,80,209.323,17.2926
43,85,295.072,3.8767
43,88,151.754,12.9022
43,94,201.009,2.37875
43,95,161.914,0
43,97,266.362,18.8596
44,1,207.894,0
44,2,87.9318,0
44,5,403.179,18.241
44,6,406.841,6.79617
44,7,396.043,5.64767
44,11,279.948,6.48934
44,21,194.019,16.4072
44,30,240.508,0
44,34,217.256,18.4787
44,35,410.686,4.72119
44,36,186.219,14.5567
44,43,391.225,6.15194
44,47,286.754,0
44,55,208.484,17.4739
44,61,300.832,0
44,64,42.7551,0
44,65,203.657,0
44,71,271.717,22.304
44,72,330.606,0
44,82,369.794,4.9559
44,85,157.413,1.965
44,88,273.349,22.2925
44,94,242.568,6.23382
44,97,260.654,18.4069
44,98,233.901,17.8222
45,12,222.812,0
45,14,108.894,8.34618
45,16,206.814,0
45,23,167.2,0
45,25,272.307,22.4569
45,32,73.4098,0
45,39,149.305,0
45,49,264.506,20.8298
45,51,48.0521,0
45,53,258.059,21.6647
45,56,160.188,13.0378
45,62,234.896,17.7962
45,66,118.389,4.40267
45,67,215.563,17.5326
45,69,62.426,0
45,75,66.9403,0
45,79,210.49,0
45,86,132.88,0
45,87,88.0227,0
45,89,69.2604,0
45,90,158.24,0
45,91,79.2465,0
45,96,226.071,11.3135
46,13,224.058,0
46,19,209.172,0
46,22,172.792,0
46,28,223.681,0
46,29,185.884,0
46,37,68.7677,0
46,40,20.3961,0
46,50,106.794,0
46,58,141.06,0
46,68,212.361,0
46,73,37.1618,0
46,74,8.06226,0
46,81,194.196,0
46,84,105.688,0
47,2,374.55,0
47,5,347.209,4.49615
47,6,247.446,5.81082
47,7,169.753,0
47,11,363.362,13.0925
47,18,256.133,18.6924
47,21,248.66,19.946
47,25,296.196,0
47,27,275.269,22.2612
47,42,274.834,19.9532
47,43,138.924,0
47,44,286.754,0
47,49,354.739,0
47,53,307.766,0
47,56,414.343,0
47,61,146.056,11.0579
47,62,357.036,4.34852
47,64,251.348,0
47,85,230.305,1.00995
47,88,172.808,14.8121
47,90,410.615,5.78955
47,94,166.816,5.64621
47,95,300.593,0
48,3,99.2018,0
48,4,163.478,0
48,5,245.018,15.3906
48,9,238.908,7.21808
48,12,122.589,0
48,16,53.0377,0
48,17,141.51,0
48,22,113.159,0
48,23,100.045,0
48,29,198.225,0
48,32,213.49,0
48,33,179.805,0
48,37,168.609,0
48,39,118.343,0
48,50,209.268,0
48,58,148.054,0
48,59,11.4018,0
48,60,205.01,0
48,62,223.493,10.9084
48,63,223.305,0
48,68,70.5762,0
48,76,104.278,0
48,79,81.9085,0
48,84,132.966,0
48,86,127.883,0
48,87,203.295,0
48,90,183.6,0
48,92,139,0
49,6,342.654,0
49,7,254.055,0
49,14,175.191,0
49,25,98.813,0
49,27,356.869,20.2089
49,39,322.175,26.3002
49,43,292.062,0
49,45,264.506,20.8298
49,47,354.739,0
49,51,318.156,25.6773
49,53,103.769,0
49,56,106.508,0
49,61,399.97,0
49,62,289.109,0
49,66,164.012,0.975974
49,67,129.244,0
49,69,224.74,2.04166
49,70,384.586,2.12425
49,75,226.886,12.4595
49,80,341.093,27.5393
49,86,318.256,26.1262
49,89,210.222,11.7349
49,90,289.11,0.496741
49,91,295.557,24.9876
49,95,306.966,0
49,96,332.729,10.0261
50,3,218.289,0
50,22,106.93,0
50,37,79.2465,0
50,40,127.142,0
50,46,106.794,0
50,48,209.268,0
50,52,217.058,0
50,58,65.7951,0
50,59,217.368,0
50,68,222.032,0
50,73,140.014,0
50,74,107.079,0
50,76,202.852,0
50,84,131.548,0
51,14,142.66,9.35399
51,23,205.779,0
51,25,320.927,27.4764
51,32,78.8543,0
51,39,189.095,0
51,45,48.0521,0
51,49,318.156,25.6773
51,53,306.548,26.2951
51,56,208.765,16.1258
51,66,134.402,0
51,67,183.18,7.44802
51,69,92.5743,0
51,75,83.6301,0
51,86,171.143,0
51,87,93.2148,0
51,89,117.098,0
51,90,205.866,0
51,91,48.5077,0
51,96,221.87,10.8698
52,3,212.009,0
52,22,199.97,0
52,33,165.339,0
52,50,217.058,0
52,58,200.811,0
52,76,196.726,0
52,92,219.986,0
53,5,346.699,0
53,6,241.868,0
53,7,170.88,0
53,14,217.007,0
53,23,280.67,23.6645
53,25,15.6205,0
53,39,260.308,21.9004
53,43,288.062,0
53,45,258.059,21.6647
53,47,307.766,0
53,49,103.769,0
53,51,306.548,26.2951
53,56,108.074,0
53,61,287.86,10.2785
53,62,189.526,0
53,66,231.55,1.0718
53,67,218.687,0
53,69,260.477,1.94295
53,75,279.886,11.2177
53,86,254.822,21.8247
53,89,178.526,13.0626
53,90,200.98,0.504948
53,91,350.798,27.1609
53,95,354.249,0
54,0,50.9117,0
54,10,17.6918,0
54,66,202.089,0
54,67,259.087,20.6396
54,69,221.382,0
54,70,154.72,8.59177
54,75,200.125,0
54,91,190.318,0
54,96,107.914,8.39237
55,1,263.5,22.013
55,2,191.039,15.5779
55,18,170.294,0
55,21,99.0404,0
55,24,148.273,0
55,30,305.288,26.1704
55,34,82.6801,0
55,36,77.2787,0
55,42,185.284,0
55,44,208.484,17.4739
55,64,235.658,20.0487
55,65,241.782,19.4312
55,71,154.871,0
55,83,118.512,0
55,85,124.423,0
55,88,177.124,0
55,93,178.966,0
55,94,161.524,0
55,97,113.851,0
55,98,51.0784,0
56,5,418.617,0
56,6,328.42,0
56,7,276.926,0
56,14,110.725,0
56,23,238.727,19.8369
56,25,118.271,0
56,32,217.9,14.2874
56,39,219.676,18.5514
56,43,379.289,0
56,45,160.188,13.0378
56,47,414.343,0
56,49,106.508,0
56,51,208.765,16.1258
56,53,108.074,0
56,61,393.541,9.09532
56,62,232.998,0
56,66,137.742,0.643539
56,67,148.647,0
56,69,152.449,1.90304
56,75,173.504,9.74789
56,86,191.579,13.0555
56,87,229.293,14.5838
56,89,104.022,8.47242
56,90,208.918,2.02671
56,91,242.723,20.7643
56,95,412.412,0
56,96,301.96,22.857
57,8,358.87,17.0186
57,13,205.682,0
57,15,109.403,0
57,19,211.092,0
57,20,146.645,8.64982
57,26,376.304,9.79182
57,31,332.026,14.7567
57,38,196.934,10.9019
57,77,88.7051,7.57787
57,78,286.446,13.7913
57,99,85.703,0
58,3,153.6,0
58,12,198.806,0
58,16,188.905,0
58,22,41.1461,0
58,33,195.862,0
58,37,81.0247,0
58,40,158.928,0
58,46,141.06,0
58,48,148.054,0
58,50,65.7951,0
58,52,200.811,0
58,59,155.081,0
58,68,173.566,0
58,73,178.138,0
58,74,137.641,0
58,76,138.946,0
58,79,188.162,0
58,84,109.179,0
58,92,200.322,0
59,3,92.6984,0
59,4,169.248,0
59,5,248.763,15.7427
59,12,113.111,0
59,16,41.7732,0
59,17,147.706,0
59,22,118.714,0
59,23,93.1933,0
59,29,208.031,0
59,32,202.425,0
59,33,173.297,0
59,37,179.011,0
59,39,111,0
59,48,11.4018,0
59,50,217.368,0
59,58,155.081,0
59,60,212.85,0
59,62,221.487,11.1268
59,68,79.0253,0
59,76,99.4786,0
59,79,71.3092,0
59,84,144.257,0
59,86,119.365,0
59,87,192.096,0
59,89,222.41,0
59,90,179.324,0
59,92,130.188,0
60,4,60.0333,0
60,5,174.354,12.0318
60,6,293.803,13.4185
60,7,391.907,21.4593
60,9,34.374,2.82858
60,11,215.548,8.99722
60,13,183.153,0
60,17,71.8053,0
60,19,189.13,0
60,23,215.058,0
60,28,90.9065,0
60,29,57.2189,0
60,37,223.271,0
60,48,205.01,0
60,59,212.85,0
60,61,333.087,7.67629
60,62,312.838,22.9375
60,63,19.2354,0
60,68,134.536,0
60,81,72.9178,0
60,84,171.058,0
60,90,219.126,3.27388
61,1,410.583,13.8163
61,2,377.878,0
61,4,272.285,14.5051
61,5,168.337,5.48473
61,6,104.917,5.85663
61,7,146.014,0
61,9,303.646,1.47373
61,11,178.649,15.2817
61,17,292.295,19.4863
61,25,295.088,6.20886
61,43,305.791,0
61,44,300.832,0
61,47,146.056,11.0579
61,49,399.97,0
61,53,287.86,10.2785
61,56,393.541,9.09532
61,60,333.087,7.67629
61,62,251.331,5.55978
61,63,332.173,10.7825
61,64,258.24,0
61,85,340.964,0.684645
61,88,362.608,21.7479
61,90,316.064,5.66141
61,94,334.543,2.20014
62,4,217.54,17.0255
62,5,194.833,0
62,6,144.679,0
62,7,185.262,5.54574
62,9,375.217,0
62,11,442.163,0
62,14,326.833,0
62,16,209.889,10.966
62,17,174.417,12.2573
62,23,141.667,10.174
62,25,200.489,0
62,32,242.701,13.6012
62,39,132.871,9.61986
62,43,394.747,8.45327
62,45,234.896,17.7962
62,47,357.036,4.34852
62,48,223.493,10.9084
62,49,289.109,0
62,53,189.526,0
62,56,232.998,0
62,59,221.487,11.1268
62,60,312.838,22.9375
62,61,251.331,5.55978
62,63,355.128,21.8255
62,66,367.701,0.649632
62,67,380.063,0
62,68,201.163,11.4144
62,69,274.502,21.7858
62,75,297.643,25.0761
62,79,246.55,11.1713
62,86,145.415,10.2554
62,87,245.584,13.3742
62,89,170.49,14.6207
62,90,63.7644,0.490252
63,4,78.2943,0
63,5,213.189,8.64469
63,6,317.592,12.3004
63,9,32.6337,2.56991
63,11,179.537,12.1638
63,13,168.122,0
63,17,91.0055,0
63,19,175.317,0
63,28,75.0067,0
63,29,59.0931,0
63,31,249.785,16.2701
63,48,223.305,0
63,60,19.2354,0
63,61,332.173,10.7825
63,62,355.128,21.8255
63,68,152.742,0
63,78,244.83,10.5261
63,81,64.1327,0
63,84,181.728,0
64,1,234.828,0
64,2,127.279,0
64,5,364.821,17.4266
64,6,364.275,6.76062
64,7,353.258,6.04267
64,9,399.397,17.0169
64,11,271.33,0
64,21,217.797,18.4584
64,30,263.181,0
64,34,257.96,21.2014
64,36,226.656,16.3981
64,43,355.859,8.53537
64,44,42.7551,0
64,47,251.348,0
64,55,235.658,20.0487
64,61,258.24,0
64,65,233.94,0
64,72,353.655,0
64,82,399.882,4.12482
64,85,161,1.44512
64,88,278.251,21.0508
64,94,234.369,4.90392
64,97,283.969,22.5764
64,98,256.973,20.5874
65,1,23.3238,0
65,2,125.603,0
65,8,296.978,0
65,11,318.427,0
65,21,333.657,27.7125
65,26,344.859,0
65,30,62.8013,0
65,31,360.022,0
65,34,169.409,13.7096
65,35,227.561,0
65,36,154.091,13.0164
65,41,265.646,0
65,44,203.657,0
65,55,241.782,19.4312
65,64,233.94,0
65,71,201.114,17.0115
65,72,137.084,0
65,78,398.174,3.84404
65,82,166.031,4.77365
65,85,322.282,10.556
66,7,401.656,1.05693
66,10,219.738,0
66,14,56,0.931034
66,25,236.407,1.04588
66,32,216.141,14.0246
66,39,262.302,19.933
66,45,118.389,4.40267
66,49,164.012,0.975974
66,51,134.402,0
66,53,231.55,1.0718
66,54,202.089,0
66,56,137.742,0.643539
66,62,367.701,0.649632
66,67,53.7401,3.68925
66,69,68.8935,5.78681
66,70,298.23,19.5657
66,75,51.4782,0
66,86,251.712,19.2605
66,87,234.184,15.5057
66,89,148.513,11.958
66,90,321.286,8.29209
66,91,119.369,0
66,95,430.418,3.36092
66,96,157.098,12.2414
67,7,381.534,0
67,10,278.455,21.7162
67,14,113.719,0
67,25,219.244,0
67,32,293.554,25.0415
67,43,402.974,0
67,45,215.563,17.5326
67,49,129.244,0
67,51,183.18,7.44802
67,53,218.687,0
67,54,259.087,20.6396
67,56,148.647,0
67,62,380.063,0
67,66,53.7401,3.68925
67,69,147.966,3.92658
67,70,269.424,15.391
67,75,97.9231,6.04819
67,86,309.201,26.4699
67,89,200.575,13.213
67,90,356.078,2.59417
67,91,159.321,4.99244
67,95,374.833,0
67,96,193.158,13.4765
68,3,169.446,0
68,4,97.6524,0
68,5,190.823,14.3656
68,6,277.14,23.7631
68,9,167.373,6.23303
68,12,192.023,0
68,16,110.86,0
68,17,74.8866,0
68,22,151.208,0
68,23,116.662,0
68,28,204.519,0
68,29,130.729,0
68,37,159.154,0
68,39,134.618,0
68,40,215.037,0
68,46,212.361,0
68,48,70.5762,0
68,50,222.032,0
68,58,173.566,0
68,59,79.0253,0
68,60,134.536,0
68,62,201.163,11.4144
68,63,152.742,0
68,74,204.402,0
68,76,173,0
68,79,148.862,0
68,81,167.836,0
68,84,107.28,0
68,86,151.212,0
68,90,170.839,0
68,92,209.194,0
69,7,428.714,1.98444
69,14,49.5435,1.80942
69,23,195.758,0
69,25,270.029,1.94181
69,32,135.204,0
69,39,176.785,0
69,45,62.426,0
69,49,224.74,2.04166
69,51,92.5743,0
69,53,260.477,1.94295
69,54,221.382,0
69,56,152.449,1.90304
69,62,274.502,21.7858
69,66,68.8935,5.78681
69,67,147.966,3.92658
69,70,339.634,27.1616
69,75,24.4131,0
69,86,164.924,0
69,87,149.375,0
69,89,65.8635,0
69,90,159.046,2.01894
69,91,90.2718,0
69,96,180.79,11.6126
70,0,211.944,15.8516
70,10,168.196,9.68713
70,14,353.202,21.5244
70,27,240.757,11.1209
70,49,384.586,2.12425
70,54,154.72,8.59177
70,66,298.23,19.5657
70,67,269.424,15.391
70,69,339.634,27.1616
70,75,325.17,25.914
70,80,211.603,11.2049
70,95,263.677,22.3035
70,96,144.501,11.4269
71,1,222.342,19.0612
71,2,200.865,13.6706
71,24,204.01,0
71,26,339.473,26.1884
71,30,247.17,21.0924
71,34,77.026,0
71,35,116.213,5.35689
71,36,102.142,0
71,41,185.241,15.6116
71,44,271.717,22.304
71,55,154.871,0
71,65,201.114,17.0115
71,72,252.929,21.4478
71,82,192.428,15.0532
71,83,170.294,0
71,98,202.943,0
72,1,124.868,0
72,2,260.722,0
72,8,164.305,0
72,11,340.288,0
72,20,399.491,3.15223
72,26,215.128,0
72,30,90.5097,0
72,31,241.081,0
72,34,275.296,22.712
72,35,162.44,8.3624
72,36,273.018,21.0997
72,38,317.619,14.0472
72,41,179.169,2.36636
72,44,330.606,0
72,64,353.655,0
72,65,137.084,0
72,71,252.929,21.4478
72,78,277.065,2.90355
72,82,70.2178,2.53418
73,13,202.2,0
73,19,185.925,0
73,22,209.824,0
73,28,216.449,0
73,29,191.05,0
73,37,104.862,0
73,40,23.6008,0
73,46,37.1618,0
73,50,140.014,0
73,58,178.138,0
73,74,41.8808,0
73,81,192.2,0
73,84,134.302,0
74,13,221.551,0
74,19,207.06,0
74,22,168.155,0
74,28,218.248,0
74,29,178.846,0
74,37,63.0079,0
74,40,21.3776,0
74,46,8.06226,0
74,50,107.079,0
74,58,137.641,0
74,68,204.402,0
74,73,41.8808,0
74,81,188.045,0
74,84,97.8621,0
75,10,216.945,0
75,14,62.2445,5.30974
75,23,216.002,0
75,25,288.487,11.2362
75,32,139.786,0
75,39,197.091,0
75,45,66.9403,0
75,49,226.886,12.4595
75,51,83.6301,0
75,53,279.886,11.2177
75,54,200.125,0
75,56,173.504,9.74789
75,62,297.643,25.0761
75,66,51.4782,0
75,67,97.9231,6.04819
75,69,24.4131,0
75,70,325.17,25.914
75,86,184.054,0
75,87,154.638,0
75,89,88.6002,0
75,90,179.067,0
75,91,70.3491,0
75,96,161.534,10.5311
76,3,18.0278,0
76,12,61.2699,0
76,16,99.6243,0
76,22,99.7647,0
76,23,170.038,0
76,32,213.41,0
76,33,78.2304,0
76,37,202.566,0
76,39,182.529,0
76,48,104.278,0
76,50,202.852,0
76,52,196.726,0
76,58,138.946,0
76,59,99.4786,0
76,68,173,0
76,79,70.0928,0
76,84,194.366,0
76,86,181.24,0
76,87,199.06,0
76,92,61.5224,0
77,8,299.781,10.2838
77,13,344.055,27.8616
77,15,197.03,12.7441
77,20,59.1169,3.07775
77,26,279.958,3.80281
77,31,285.744,13.134
77,38,170.2,7.17726
77,41,421.07,8.68098
77,57,88.7051,7.57787
77,78,267.11,5.45267
77,99,157.521,11.0909
78,1,378.73,3.8416
78,8,127.122,0
78,11,367.279,13.4943
78,13,158.572,10.1522
78,15,284.059,24.2943
78,19,193.407,15.3247
78,20,206.624,6.24846
78,26,209.444,11.5796
78,28,170.153,2.42642
78,30,336.686,3.82175
78,31,32.8217,2.762
78,35,413.323,0
78,38,96.3328,0
78,41,363.545,1.25348
78,57,286.446,13.7913
78,63,244.83,10.5261
78,65,398.174,3.84404
78,72,277.065,2.90355
78,77,267.11,5.45267
78,81,209.564,2.44531
78,82,309.386,0
79,3,53.1413,0
79,12,45.8803,0
79,16,43.0116,0
79,17,211.603,0
79,22,147.078,0
79,23,106.066,0
79,32,152.279,0
79,33,120.42,0
79,39,115.802,0
79,45,210.49,0
79,48,81.9085,0
79,58,188.162,0
79,59,71.3092,0
79,62,246.55,11.1713
79,68,148.862,0
79,76,70.0928,0
79,84,208.665,0
79,86,112.254,0
79,87,139.205,0
79,89,207.714,0
79,90,196.311,0
79,92,65.9242,0
80,18,169.248,0
80,27,49.4065,0
80,42,163.6,0
80,43,209.323,17.2926
80,49,341.093,27.5393
80,70,211.603,11.2049
80,88,161.722,0
80,94,206.303,0
80,95,82.0549,0
81,4,126.905,0
81,5,248.725,21.2957
81,9,96.7564,3.28115
81,11,188.827,12.4378
81,13,116.765,0
81,17,130.096,0
81,19,119.604,0
81,28,39.8121,0
81,29,37.108,0
81,31,232.246,13.637
81,37,196.207,0
81,40,180.71,0
81,46,194.196,0
81,60,72.9178,0
81,63,64.1327,0
81,68,167.836,0
81,73,192.2,0
81,74,188.045,0
81,78,209.564,2.44531
81,84,155.261,0
82,1,165.116,3.85874
82,2,289.061,5.66041
82,8,182.362,0
82,11,410.474,2.91683
82,20,380.563,3.91977
82,26,172.708,0
82,30,143.962,3.40962
82,31,274.875,0
82,34,231.134,18.9172
82,35,115.603,0
82,36,245.322,21.0448
82,38,350.925,5.2204
82,41,108.019,0
82,44,369.794,4.9559
82,64,399.882,4.12482
82,65,166.031,4.77365
82,71,192.428,15.0532
82,72,70.2178,2.53418
82,78,309.386,0
83,21,202.406,0
83,24,36.0555,0
83,34,143.781,0
83,36,163.135,0
83,55,118.512,0
83,71,170.294,0
83,93,67.5426,0
83,97,174.106,0
83,98,121.926,0
84,3,200.96,0
84,4,171.129,0
84,9,205.949,4.29902
84,16,186.003,0
84,17,152.345,0
84,22,114.983,0
84,23,217.81,0
84,28,194.24,0
84,29,128.456,0
84,37,56.0446,0
84,40,110.788,0
84,46,105.688,0
84,48,132.966,0
84,50,131.548,0
84,58,109.179,0
84,59,144.257,0
84,60,171.058,0
84,63,181.728,0
84,68,107.28,0
84,73,134.302,0
84,74,97.8621,0
84,76,194.366,0
84,79,208.665,0
84,81,155.261,0
85,1,348.527,3.94337
85,2,199.467,8.78113
85,7,390.142,2.62799
85,11,427.22,1.50768
85,18,155.631,0
85,21,67.72,0
85,27,211.436,0
85,30,387.083,3.3158
85,34,161.941,0
85,36,133.645,0
85,42,174.828,0
85,43,295.072,3.8767
85,44,157.413,1.965
85,47,230.305,1.00995
85,55,124.423,0
85,61,340.964,0.684645
85,64,161,1.44512
85,65,322.282,10.556
85,88,100.688,0
85,94,55.2178,0
85,95,266.954,20.4606
85,97,141.354,0
85,98,132.966,0
86,3,165.109,0
86,4,186.893,0
86,5,241.169,19.2167
86,6,273.967,23.304
86,7,332.704,26.8264
86,12,147.628,0
86,14,193.75,9.98275
86,16,87.5728,0
86,17,175.377,0
86,23,34.6554,0
86,25,269.885,22.993
86,32,114.018,0
86,39,19.3132,0
86,45,132.88,0
86,48,127.883,0
86,49,318.256,26.1262
86,51,171.143,0
86,53,254.822,21.8247
86,56,191.579,13.0555
86,59,119.365,0
86,62,145.415,10.2554
86,66,251.712,19.2605
86,67,309.201,26.4699
86,68,151.212,0
86,69,164.924,0
86,75,184.054,0
86,76,181.24,0
86,79,112.254,0
86,87,111.324,0
86,89,103.238,0
86,90,89.4036,0
86,91,211.634,0
86,92,167.836,0
87,3,181.246,0
87,12,140.602,0
87,14,192.053,9.38452
87,16,150.333,0
87,23,141.873,0
87,32,15.1327,0
87,33,204.561,0
87,39,130.507,0
87,45,88.0227,0
87,48,203.295,0
87,51,93.2148,0
87,56,229.293,14.5838
87,59,192.096,0
87,62,245.584,13.3742
87,66,234.184,15.5057
87,69,149.375,0
87,75,154.638,0
87,76,199.06,0
87,79,139.205,0
87,86,111.324,0
87,89,126.4,0
87,90,181.868,0
87,91,141.718,0
87,92,152.053,0
88,2,297.614,25.5273
88,7,356.854,18.1212
88,18,83.863,0
88,21,78.1025,0
88,27,114.285,0
88,36,219.009,0
88,42,99.4032,0
88,43,151.754,12.9022
88,44,273.349,22.2925
88,47,172.808,14.8121
88,55,177.124,0
88,61,362.608,21.7479
88,64,278.251,21.0508
88,80,161.722,0
88,85,100.688,0
88,94,52.3927,0
88,95,131.132,1.48848
88,97,114.039,0
88,98,153.264,0
89,5,360.383,24.112
89,6,330.912,16.5255
89,7,329.095,14.5568
89,14,91.6464,7.7562
89,16,190.024,0
89,23,131.7,0
89,25,193.44,13.4823
89,32,116.284,0
89,39,112.805,0
89,45,69.2604,0
89,49,210.222,11.7349
89,51,117.098,0
89,53,178.526,13.0626
89,56,104.022,8.47242
89,59,222.41,0
89,62,170.49,14.6207
89,66,148.513,11.958
89,67,200.575,13.213
89,69,65.8635,0
89,75,88.6002,0
89,79,207.714,0
89,86,103.238,0
89,87,126.4,0
89,90,93.4933,0
89,91,138.654,0
89,96,270.165,20.3533
90,4,154.253,0
90,5,246.641,0.533834
90,6,208.373,0.498478
90,7,243.282,4.57552
90,9,392.01,11.7417
90,14,240.51,16.5942
90,16,162.247,0
90,17,153.942,0
90,23,91.586,0
90,25,214.842,0.509082
90,32,178.34,0
90,39,80.7217,0
90,45,158.24,0
90,47,410.615,5.78955
90,48,183.6,0
90,49,289.11,0.496741
90,51,205.866,0
90,53,200.98,0.504948
90,56,208.918,2.02671
90,59,179.324,0
90,60,219.126,3.27388
90,61,316.064,5.66141
90,62,63.7644,0.490252
90,66,321.286,8.29209
90,67,356.078,2.59417
90,68,170.839,0
90,69,159.046,2.01894
90,75,179.067,0
90,79,196.311,0
90,86,89.4036,0
90,87,181.868,0
90,89,93.4933,0
91,10,204.299,0
91,14,133.045,7.59389
91,32,127.283,0
91,45,79.2465,0
91,49,295.557,24.9876
91,51,48.5077,0
91,53,350.798,27.1609
91,54,190.318,0
91,56,242.723,20.7643
91,66,119.369,0
91,67,159.321,4.99244
91,69,90.2718,0
91,75,70.3491,0
91,86,211.634,0
91,87,141.718,0
91,89,138.654,0
91,96,178.676,10.4361
92,3,49.7393,0
92,12,20.8087,0
92,16,108.849,0
92,22,161.276,0
92,23,168.808,0
92,32,167.108,0
92,33,59.6406,0
92,39,175.568,0
92,48,139,0
92,52,219.986,0
92,58,200.322,0
92,59,130.188,0
92,68,209.194,0
92,76,61.5224,0
92,79,65.9242,0
92,86,167.836,0
92,87,152.053,0
93,24,31.9061,0
93,34,211.294,0
93,55,178.966,0
93,83,67.5426,0
93,97,203.855,0
93,98,168.155,0
94,2,295.433,12.8534
94,6,404.677,13.198
94,7,304.957,16.5279
94,18,126.846,0
94,21,72.0069,0
94,27,157.137,0
94,34,212.777,0
94,36,185.995,0
94,42,144.734,0
94,43,201.009,2.37875
94,44,242.568,6.23382
94,47,166.816,5.64621
94,55,161.524,0
94,61,334.543,2.20014
94,64,234.369,4.90392
94,80,206.303,0
94,85,55.2178,0
94,88,52.3927,0
94,95,165.666,4.27568
94,97,136.029,0
94,98,153.235,0
95,7,359,1.47514
95,18,178.043,1.02886
95,21,209.18,1.50785
95,25,338.999,0
95,27,52.8015,0
95,42,181.549,1.06763
95,43,161.914,0
95,47,300.593,0
95,49,306.966,0
95,53,354.249,0
95,56,412.412,0
95,66,430.418,3.36092
95,67,374.833,0
95,70,263.677,22.3035
95,80,82.0549,0
95,85,266.954,20.4606
95,88,131.132,1.48848
95,94,165.666,4.27568
96,0,156.939,9.106
96,10,124.635,8.75486
96,14,200.528,16.7688
96,45,226.071,11.3135
96,49,332.729,10.0261
96,51,221.87,10.8698
96,54,107.914,8.39237
96,56,301.96,22.857
96,66,157.098,12.2414
96,67,193.158,13.4765
96,69,180.79,11.6126
96,70,144.501,11.4269
96,75,161.534,10.5311
96,89,270.165,20.3533
96,91,178.676,10.4361
97,18,62.6259,0
97,21,73.736,0
97,24,184.133,0
97,27,196.499,0
97,34,196.229,0
97,36,185.607,0
97,42,73.7835,0
97,43,266.362,18.8596
97,44,260.654,18.4069
97,55,113.851,0
97,64,283.969,22.5764
97,83,174.106,0
97,85,141.354,0
97,88,114.039,0
97,93,203.855,0
97,94,136.029,0
97,98,66.0681,0
98,2,233.71,17.7462
98,18,126.764,0
98,21,81.5966,0
98,24,141.739,0
98,34,133.36,0
98,36,127.613,0
98,42,139.617,0
98,44,233.901,17.8222
98,55,51.0784,0
98,64,256.973,20.5874
98,71,202.943,0
98,83,121.926,0
98,85,132.966,0
98,88,153.264,0
98,93,168.155,0
98,94,153.235,0
98,97,66.0681,0
99,15,136.132,0
99,20,216.793,18.2249
99,38,284.624,24.3884
99,57,85.703,0
99,77,157.521,11.0909
