0,20,56.8507,0
0,54,113.534,0
0,83,110.164,0
0,94,137.981,2.50132
0,98,146.584,5.48455
1,3,87.0803,6.93302
1,8,233.633,4.45368
1,14,182.306,14.4487
1,15,144.395,9.36413
1,16,145.907,7.97755
1,19,148.533,12.7249
1,27,135.751,11.6411
1,30,78.629,6.7428
1,39,150.343,9.68068
1,41,158,11.6327
1,47,125.86,7.41034
1,49,253.084,12.9979
1,59,150.17,11.0015
1,61,104.056,6.34767
1,65,160.136,5.60264
1,68,217.916,6.41283
1,69,94.4423,7.02817
1,80,208.117,15.4436
1,85,233.582,18.0774
1,87,208.941,14.3822
2,4,256.008,0
2,7,122.016,0
2,14,285.487,1.48144
2,26,118.828,0
2,29,262.084,0
2,43,156.461,0
2,48,201.375,0
2,50,198.01,0
2,53,161.555,0
2,56,162.69,0
2,57,239.394,8.93521
2,60,201.117,11.8531
2,71,249.572,7.83129
2,89,82.8734,0
2,93,200.998,0
3,1,87.0803,6.93302
3,5,134.034,0
3,15,54.0833,0
3,16,60.8112,0
3,19,147.719,0
3,27,129.541,0
3,30,72.0347,0
3,39,112.308,0
3,41,90.4849,1.30897
3,47,195.504,16.7575
3,59,140.817,12.0223
3,61,101.229,8.38766
3,65,86.3539,0
3,69,12.1655,0
3,84,170.25,11.7369
3,87,110.924,3.14449
3,92,121.771,2.86159
4,2,256.008,0
4,7,184.481,1.03614
4,8,216.065,8.04369
4,10,217.215,16.2469
4,11,194.584,15.3635
4,14,144.76,9.55343
4,19,129.207,11.0778
4,21,186.058,15.5333
4,26,137.361,0
4,27,150.716,12.6509
4,29,110.491,5.82832
4,34,190.666,10.8239
4,36,76.3884,5.76849
4,42,133.425,11.0903
4,43,173.401,0
4,48,100.755,8.13787
4,50,178.538,0.980731
4,53,136.81,0.990945
4,56,93.723,0
4,57,100.918,4.81583
4,60,151.114,10.6848
4,63,210.718,11.1806
4,68,154.51,7.87698
4,71,165.852,5.01087
4,82,171.588,14.7103
4,89,185.3,0
4,93,72.9405,0.958303
5,3,134.034,0
5,15,94.921,0
5,16,74.7061,0
5,38,200.187,17.1445
5,41,156.496,5.74987
5,65,49.5782,0
5,69,123.227,0
5,70,135.666,9.48993
5,84,163.66,12.8477
5,87,133.077,3.33096
5,92,91.1976,0
5,99,49.2443,0
6,9,82.8553,0
6,18,103.233,0
6,22,49.5782,0
6,25,129.449,0
6,28,106.963,0
6,31,92.5419,0
6,32,133.147,0
6,35,57.3847,0
6,40,25.318,0
6,46,41.2311,0
6,52,68.7095,0
6,72,147.757,0
6,75,109.041,0
6,76,108.019,0
6,77,139.946,0
6,78,130.3,0
6,81,106.231,0
6,86,108.167,0
6,88,110.114,0
6,95,110.309,0
6,96,10,0
7,2,122.016,0
7,4,184.481,1.03614
7,14,164.833,1.47953
7,19,202.98,13.6155
7,26,93.0376,0
7,27,211.669,15.34
7,29,147.648,0
7,36,260.919,2.30749
7,43,189.251,0
7,48,202.625,0.524907
7,50,76.1052,0
7,53,52.4976,0
7,56,116.43,0
7,57,213.623,11.3673
7,60,248.468,4.62491
7,71,262.627,7.44496
7,89,120.88,0
7,93,113.596,0
8,1,233.633,4.45368
8,4,216.065,8.04369
8,10,75.7911,6.25123
8,11,136.885,7.16542
8,12,126.742,10.7805
8,14,188.994,16.1797
8,19,125.098,9.514
8,21,118.578,6.63076
8,24,121.816,7.4541
8,27,138.345,9.75888
8,29,209.735,15.0063
8,30,194.593,16.6905
8,34,94.2371,7.06779
8,36,139.542,0
8,42,155.722,13.2012
8,47,114.623,7.39276
8,49,130.459,4.14667
8,51,186.035,15.8167
8,57,275.921,11.1884
8,58,204.006,17.2308
8,62,184.044,15.6474
8,66,153.132,8.73009
8,67,178.988,14.8567
8,68,77.8974,0
8,73,132.505,10.949
8,79,137,9.45133
8,80,243.093,17.9397
8,82,127.207,10.8659
8,91,163.067,9.61464
8,93,286.803,0
9,6,82.8553,0
9,12,132.412,0
9,18,31.4006,0
9,22,113,0
9,25,58.8218,0
9,28,87.4185,0
9,31,104.293,0
9,32,145.055,0
9,33,141.032,0
9,35,59.6154,0
9,40,72.4431,0
9,46,123.713,0
9,51,119.218,0
9,52,109.59,0
9,58,139.316,0
9,62,105.005,0
9,64,143.003,0
9,66,133.405,0
9,67,128.876,0
9,72,132.563,0
9,73,133.544,0
9,75,96.8762,0
9,76,108.208,0
9,77,60,0
9,78,95.8593,0
9,79,120,0
9,81,91.9239,0
9,88,50.9902,0
9,91,102.65,0
9,95,27.5136,0
9,96,81.1234,0
10,4,217.215,16.2469
10,8,75.7911,6.25123
10,11,67.0075,0
10,12,50.448,0
10,19,194,15.5467
10,21,51.1077,0
10,23,180.294,12.3166
10,24,46.8722,0
10,25,143.136,0
10,34,34.6223,2.64728
10,36,160.253,9.75171
10,42,74.4312,0
10,47,191.669,11.7034
10,49,70.0286,0
10,51,117.324,0
10,57,207.464,17.7792
10,58,151.608,0
10,62,106.066,0
10,64,122.776,0
10,66,75.9539,0
10,67,112.539,0
10,68,118.07,9.98294
10,73,56.3028,0
10,77,134.358,0
10,79,63.9062,0
10,82,46.8722,0
10,91,88.8426,0
11,4,194.584,15.3635
11,8,136.885,7.16542
11,10,67.0075,0
11,12,85.0235,0
11,21,17.4929,0
11,23,114.046,9.75337
11,24,27.074,0
11,25,133.004,0
11,34,66.9329,1.61052
11,36,168.892,14.0743
11,42,53.3104,0
11,49,130.3,0
11,57,182.194,15.0032
11,62,146.342,0
11,63,169.728,13.6812
11,64,74.6726,0
11,66,53.2635,0
11,68,217.212,17.2553
11,71,220.987,18.6236
11,73,100.499,0
11,79,77.3692,0
11,82,32.7567,0
11,91,84.5991,0
11,94,208.64,17.81
11,97,179.224,13.1193
12,8,126.742,10.7805
12,9,132.412,0
12,10,50.448,0
12,11,85.0235,0
12,13,147.489,0
12,18,116.211,0
12,21,77.1038,0
12,24,58,0
12,25,99.1817,0
12,34,84.085,3.18504
12,36,203.518,17.4572
12,42,115.953,0
12,47,195.62,14.7494
12,49,55.9017,0
12,51,79.0063,0
12,58,117.516,0
12,62,62.1691,0
12,64,106.775,0
12,66,56.8507,0
12,67,77.7817,0
12,68,181.628,15.5754
12,73,17,0
12,77,84.22,0
12,78,152.591,0
12,79,23.2594,0
12,82,83.5703,0
12,88,129.958,0
12,91,50,0
12,95,105.309,0
13,12,147.489,0
13,17,31.0644,0
13,32,145.908,0
13,33,84.3801,0
13,44,101.98,0
13,45,107.201,0
13,47,180.995,15.3373
13,49,112.792,0
13,51,68.884,0
13,55,72.2011,0
13,58,30.0167,0
13,59,181.309,12.3644
13,62,89.2861,0
13,67,70.0071,0
13,72,100.225,0
13,73,132.061,0
13,74,64.6607,0
13,75,116.52,0
13,77,109.481,0
13,80,56.5685,0
13,81,116.155,0
13,85,131.066,7.74844
13,88,105.991,0
13,90,126.115,0
13,95,139.445,0
14,1,182.306,14.4487
14,2,285.487,1.48144
14,4,144.76,9.55343
14,7,164.833,1.47953
14,8,188.994,16.1797
14,19,41.7732,0
14,26,206.489,1.49564
14,27,46.5725,0
14,29,43.8406,1.74697
14,30,100.125,0
14,36,136.635,11.6131
14,39,96.8762,0
14,43,295.062,1.59742
14,48,257.88,9.16252
14,50,93.369,1.53535
14,53,127.06,1.43145
14,56,188.208,1.59402
14,57,259.618,9.74885
14,68,113.157,6.68666
14,89,258.047,1.48262
14,93,128.26,1.64203
15,1,144.395,9.36413
15,3,54.0833,0
15,5,94.921,0
15,16,26.2488,0
15,30,111.212,0
15,39,120.067,0
15,41,119.62,0
15,59,135.059,0
15,61,146.581,11.8864
15,65,58.8558,0
15,69,49.366,0
15,84,177.476,10.9209
15,87,129.702,2.98749
15,92,116.211,0
15,99,144.101,0
16,1,145.907,7.97755
16,3,60.8112,0
16,5,74.7061,0
16,15,26.2488,0
16,30,127.941,0
16,38,209.542,17.9676
16,39,145.055,0
16,41,104.346,0
16,59,121.926,0
16,61,137.407,11.1915
16,65,33.0606,0
16,69,51.4004,0
16,70,157.498,10.6072
16,84,162.256,12.6811
16,87,109.82,3.20308
16,92,91.214,0
16,99,122.931,0
17,13,31.0644,0
17,32,153.805,0
17,33,90.802,0
17,41,196.004,15.795
17,44,82.7345,0
17,45,89.0674,0
17,47,182.924,14.6095
17,49,135.532,0
17,51,98.0816,0
17,55,41.2311,0
17,58,58.8218,0
17,59,170.312,13.5551
17,61,194.018,14.8568
17,62,119.269,0
17,67,97.6729,0
17,72,109.179,0
17,74,58.6686,0
17,75,133.843,0
17,77,140.417,0
17,80,51.7397,0
17,81,134.495,0
17,85,106.173,7.76858
17,88,133.69,0
17,90,113.569,0
18,6,103.233,0
18,9,31.4006,0
18,12,116.211,0
18,22,122.004,0
18,24,143.056,0
18,25,28.178,0
18,28,68.8186,0
18,31,95.2103,0
18,35,90.4434,0
18,40,86.3134,0
18,46,141.834,0
18,49,153.16,0
18,51,122.772,0
18,52,139.714,0
18,58,150.083,0
18,62,104.403,0
18,64,111.946,0
18,66,106.775,0
18,67,131.32,0
18,73,121.062,0
18,75,127.252,0
18,76,93.9415,0
18,77,63.1348,0
18,78,70.1783,0
18,79,99.8098,0
18,81,122.262,0
18,88,74.8465,0
18,91,78.2368,0
18,95,30.4138,0
18,96,103.966,0
19,1,148.533,12.7249
19,3,147.719,0
19,4,129.207,11.0778
19,7,202.98,13.6155
19,8,125.098,9.514
19,10,194,15.5467
19,14,41.7732,0
19,26,212.096,16.0448
19,27,21.2603,0
19,29,55.3998,2.69305
19,30,76.4853,0
19,34,222.156,16.0953
19,36,123.289,9.03215
19,39,103.817,0
19,47,171.636,14.6741
19,50,136.536,11.0811
19,53,156.44,12.1679
19,56,175.903,14.809
19,57,224.849,18.5262
19,68,79.0895,5.97502
19,93,114.184,9.17386
20,0,56.8507,0
20,23,151.327,0
20,54,73.3894,0
20,78,192.981,15.3572
20,83,62.2896,0
20,94,83.5844,2.72015
20,97,132.197,0
20,98,108.669,6.46841
21,4,186.058,15.5333
21,8,118.578,6.63076
21,10,51.1077,0
21,11,17.4929,0
21,12,77.1038,0
21,23,131.077,10.8413
21,24,22.2036,0
21,25,138.809,0
21,34,49.4358,1.562
21,36,156.101,13.3871
21,42,45.3431,0
21,49,117.388,0
21,57,171.686,13.9724
21,62,139.262,0
21,63,155.006,9.37282
21,64,89.0056,0
21,66,58.5235,0
21,67,153.013,0
21,68,199.281,14.2905
21,71,215.872,18.2193
21,73,91.1373,0
21,79,74.2428,0
21,82,17.1172,0
21,91,86.977,0
22,6,49.5782,0
22,9,113,0
22,18,122.004,0
22,25,142.468,0
22,28,94.2603,0
22,31,64.8845,0
22,35,105.475,0
22,40,41.7732,0
22,46,43.1045,0
22,52,115.122,0
22,76,82.7647,0
22,78,120.416,0
22,86,147.411,0
22,88,151.832,0
22,95,139.291,0
22,96,59.4138,0
22,98,173,12.8417
23,10,180.294,12.3166
23,11,114.046,9.75337
23,20,151.327,0
23,21,131.077,10.8413
23,24,134.689,10.6201
23,34,179.904,13.6054
23,42,161.447,13.7517
23,63,163.919,12.7431
23,64,98.597,8.12272
23,66,132.428,10.1472
23,78,193.701,15.1958
23,79,169.267,11.1876
23,82,143.593,11.6282
23,91,159.287,10.4775
23,94,116.478,9.78624
23,97,64.622,0
24,8,121.816,7.4541
24,10,46.8722,0
24,11,27.074,0
24,12,58,0
24,18,143.056,0
24,21,22.2036,0
24,23,134.689,10.6201
24,25,117.886,0
24,34,58.0894,1.85471
24,36,183.156,15.5336
24,42,67.1789,0
24,49,104.389,0
24,51,137.004,0
24,57,193.226,14.8309
24,62,119.604,0
24,63,179.155,10.5134
24,64,77.8781,0
24,66,38.6264,0
24,67,135.447,0
24,68,178.549,15.2456
24,73,73.437,0
24,77,132.85,0
24,78,152.971,0
24,79,52.3927,0
24,82,36.0555,0
24,91,65.1153,0
24,95,143.534,0
25,6,129.449,0
25,9,58.8218,0
25,10,143.136,0
25,11,133.004,0
25,12,99.1817,0
25,18,28.178,0
25,21,138.809,0
25,22,142.468,0
25,24,117.886,0
25,28,70.6116,0
25,31,104.043,0
25,35,118.33,0
25,40,110.436,0
25,49,143.611,0
25,51,123.81,0
25,62,102.927,0
25,64,84.2021,0
25,66,80.4301,0
25,67,130.924,0
25,73,107.378,0
25,75,152.082,0
25,76,97.8621,0
25,77,70,0
25,78,61.2944,0
25,79,79.6241,0
25,81,147.085,0
25,82,153.938,0
25,88,95.352,0
25,91,54.7814,0
25,94,184.294,15.3579
25,95,47.676,0
25,96,130.969,0
26,2,118.828,0
26,4,137.361,0
26,7,93.0376,0
26,14,206.489,1.49564
26,19,212.096,16.0448
26,27,240.798,17.1385
26,29,170.575,0
26,36,225.377,2.94558
26,43,98.9949,0
26,48,110.538,0.506965
26,50,145.602,0
26,53,86.093,0
26,56,43.8634,0
26,57,133.266,8.5614
26,60,155.407,4.41926
26,63,240.72,11.6641
26,68,293.183,4.68447
26,71,173.829,5.78852
26,89,54.5894,0
26,93,91.7824,0
27,1,135.751,11.6411
27,3,129.541,0
27,4,150.716,12.6509
27,7,211.669,15.34
27,8,138.345,9.75888
27,14,46.5725,0
27,19,21.2603,0
27,26,240.798,17.1385
27,29,70.2273,3.49518
27,30,57.5674,0
27,36,144.222,12.152
27,39,84.2021,0
27,47,169.19,14.4937
27,50,139.21,11.7849
27,53,171.705,13.6424
27,56,199.339,16.8323
27,68,93.8972,5.81506
27,69,141.651,0
27,93,138.852,11.571
28,6,106.963,0
28,9,87.4185,0
28,18,68.8186,0
28,22,94.2603,0
28,25,70.6116,0
28,31,37,0
28,35,129.074,0
28,40,81.7435,0
28,46,131.229,0
28,54,160.499,13.5871
28,64,113.225,0
28,66,136.561,0
28,76,27.2947,0
28,77,131.765,0
28,78,26.1725,0
28,79,147.003,0
28,83,150.704,12.9196
28,88,138.224,0
28,91,120.104,0
28,94,190.224,14.6414
28,95,98.8585,0
28,96,113.6,0
28,98,133.973,11.4132
29,2,262.084,0
29,4,110.491,5.82832
29,7,147.648,0
29,8,209.735,15.0063
29,14,43.8406,1.74697
29,19,55.3998,2.69305
29,26,170.575,0
29,27,70.2273,3.49518
29,30,128.208,4.22664
29,34,259.726,13.759
29,36,125.691,8.75204
29,39,140.602,8.2399
29,43,254.275,0
29,48,212.6,8.26957
29,50,91.6079,0
29,53,100.578,0
29,56,147.363,0
29,57,218.523,7.05119
29,60,260.473,12.6183
29,68,131.165,11.1602
29,71,272.246,9.5594
29,89,224.08,0
29,93,86.1626,0
30,1,78.629,6.7428
30,3,72.0347,0
30,8,194.593,16.6905
30,14,100.125,0
30,15,111.212,0
30,16,127.941,0
30,19,76.4853,0
30,27,57.5674,0
30,29,128.208,4.22664
30,36,166.749,8.69769
30,39,71.5542,0
30,41,188.51,15.7092
30,47,179.485,14.0709
30,50,186.001,14.7425
30,59,219.335,17.5682
30,61,165.521,13.3386
30,68,128.634,5.43561
30,69,84.1724,0
31,6,92.5419,0
31,9,104.293,0
31,18,95.2103,0
31,22,64.8845,0
31,25,104.043,0
31,28,37,0
31,35,130.25,0
31,40,68.4471,0
31,46,106.32,0
31,54,149.431,12.8122
31,64,149.04,0
31,76,17.8885,0
31,78,61.4003,0
31,83,162.562,13.5468
31,88,154.302,0
31,94,210.335,17.8579
31,95,122.654,0
31,96,101.272,0
31,98,117.151,10.0199
32,6,133.147,0
32,9,145.055,0
32,13,145.908,0
32,17,153.805,0
32,33,63.0635,0
32,35,91.9837,0
32,37,34.1321,0
32,40,152.948,0
32,44,119.871,0
32,45,115.694,0
32,46,151.486,0
32,52,67.1789,0
32,72,45.6946,0
32,74,99.1262,0
32,75,51.8652,0
32,81,56.6127,0
32,86,66.1211,0
32,88,113.547,0
32,90,93.4773,0
32,96,123.175,0
33,9,141.032,0
33,13,84.3801,0
33,17,90.802,0
33,32,63.0635,0
33,35,108.977,0
33,37,76.5768,0
33,44,76.4199,0
33,45,75.6042,0
33,51,127.534,0
33,52,112.641,0
33,55,115.849,0
33,58,102.552,0
33,62,138.578,0
33,67,134.302,0
33,72,19.105,0
33,74,39.5601,0
33,75,55,0
33,77,129.035,0
33,80,138.159,0
33,81,58.1378,0
33,86,127.566,0
33,88,93.8616,0
33,90,70.8308,0
33,95,141.439,0
34,4,190.666,10.8239
34,8,94.2371,7.06779
34,10,34.6223,2.64728
34,11,66.9329,1.61052
34,12,84.085,3.18504
34,19,222.156,16.0953
34,21,49.4358,1.562
34,23,179.904,13.6054
34,24,58.0894,1.85471
34,29,259.726,13.759
34,36,134.808,4.03541
34,42,56.525,2.27604
34,47,194.189,15.2021
34,48,240.053,18.0881
34,49,112.079,7.32863
34,51,152.704,4.04471
34,57,175.066,14.9508
34,62,141.515,3.78386
34,63,168.259,10.0154
34,64,134.565,1.48263
34,66,94.6995,1.92533
34,67,147.241,3.95192
34,68,147.785,2.47342
34,71,217.9,18.0658
34,73,90.9411,3.28209
34,79,93.2952,2.72111
34,82,36.0117,1.26964
34,91,115.321,2.56233
34,93,275.036,6.98341
35,6,57.3847,0
35,9,59.6154,0
35,18,90.4434,0
35,22,105.475,0
35,25,118.33,0
35,28,129.074,0
35,31,130.25,0
35,32,91.9837,0
35,33,108.977,0
35,37,125.936,0
35,40,67.897,0
35,46,93.771,0
35,51,146.031,0
35,52,50.4777,0
35,58,151,0
35,62,139.714,0
35,72,94.3663,0
35,74,145.427,0
35,75,54.5619,0
35,76,141.156,0
35,77,99.5691,0
35,78,145.344,0
35,81,50.9117,0
35,86,98.0051,0
35,88,59.4811,0
35,95,80.604,0
35,96,49.0408,0
36,4,76.3884,5.76849
36,7,260.919,2.30749
36,8,139.542,0
36,10,160.253,9.75171
36,11,168.892,14.0743
36,12,203.518,17.4572
36,14,136.635,11.6131
36,19,123.289,9.03215
36,21,156.101,13.3871
36,24,183.156,15.5336
36,26,225.377,2.94558
36,27,144.222,12.152
36,29,125.691,8.75204
36,30,166.749,8.69769
36,34,134.808,4.03541
36,42,125.712,10.5198
36,43,222.456,14.4168
36,47,234.594,9.49815
36,48,164.594,13.4763
36,49,261.821,6.20103
36,50,230.311,2.97385
36,53,210.178,1.70321
36,56,175.306,5.71179
36,57,164.049,5.57543
36,60,227.168,12.3206
36,63,245.929,13.5902
36,68,86.093,0
36,71,241.677,0
36,73,193.75,16.18
36,82,138.281,11.7259
36,89,263.362,7.6814
36,93,147.272,2.93477
37,32,34.1321,0
37,33,76.5768,0
37,35,125.936,0
37,44,110.164,0
37,45,104.48,0
37,52,96.0417,0
37,72,65,0
37,74,103.619,0
37,75,84.1724,0
37,81,89.1067,0
37,86,78.7718,0
37,88,145.279,0
37,90,76.4003,0
37,96,154.289,0
38,5,200.187,17.1445
38,16,209.542,17.9676
38,41,150,8.68966
38,55,206.971,16.9934
38,59,152.013,11.6403
38,61,205.027,14.0462
38,65,184.636,15.6438
38,69,206.161,17.371
38,70,69.4246,1.38346
38,84,45.6508,0
38,85,179.622,0
38,87,115.314,2.33498
38,92,118.068,0
38,99,213.122,18.2367
39,1,150.343,9.68068
39,3,112.308,0
39,14,96.8762,0
39,15,120.067,0
39,16,145.055,0
39,19,103.817,0
39,27,84.2021,0
39,29,140.602,8.2399
39,30,71.5542,0
39,50,211.754,11.9872
39,53,267.522,13.1682
39,69,122.56,0
40,6,25.318,0
40,9,72.4431,0
40,18,86.3134,0
40,22,41.7732,0
40,25,110.436,0
40,28,81.7435,0
40,31,68.4471,0
40,32,152.948,0
40,35,67.897,0
40,46,56.2228,0
40,52,91.444,0
40,75,122.348,0
40,76,83.2166,0
40,77,132.242,0
40,78,105.475,0
40,81,118.802,0
40,86,133.015,0
40,88,110.164,0
40,95,99.4636,0
40,96,33.0606,0
40,98,184.794,12.6981
41,1,158,11.6327
41,3,90.4849,1.30897
41,5,156.496,5.74987
41,15,119.62,0
41,16,104.346,0
41,17,196.004,15.795
41,30,188.51,15.7092
41,38,150,8.68966
41,47,196.971,16.8185
41,55,196.51,16.1345
41,59,20.2485,0
41,61,54.0788,4.6013
41,65,103.621,1.46378
41,69,80.8084,0
41,70,191.423,2.05628
41,80,144.908,10.681
41,84,133.767,0.983137
41,85,132.722,8.11069
41,87,58.7502,1.01026
41,92,100.553,8.47906
42,4,133.425,11.0903
42,8,155.722,13.2012
42,10,74.4312,0
42,11,53.3104,0
42,12,115.953,0
42,21,45.3431,0
42,23,161.447,13.7517
42,24,67.1789,0
42,34,56.525,2.27604
42,36,125.712,10.5198
42,43,246.355,15.4533
42,48,178.719,14.6527
42,49,144.125,0
42,56,217.479,16.6642
42,57,127.152,10.735
42,60,182.5,14.974
42,63,106.357,5.29334
42,64,126.846,0
42,66,103.6,0
42,68,182.932,12.4088
42,71,167.652,11.623
42,73,127.13,0
42,79,117.644,0
42,82,32.7567,0
42,91,132.246,0
42,93,208.078,17.2059
43,2,156.461,0
43,4,173.401,0
43,7,189.251,0
43,14,295.062,1.59742
43,26,98.9949,0
43,29,254.275,0
43,36,222.456,14.4168
43,42,246.355,15.4533
43,48,56.6392,0
43,50,244.049,0
43,53,183.663,0
43,56,106.977,0
43,57,113.523,2.4572
43,60,58.0762,4.8782
43,63,134.007,11.4798
43,71,92.2103,6.30088
43,89,79.6241,0
43,93,168.238,0
44,13,101.98,0
44,17,82.7345,0
44,32,119.871,0
44,33,76.4199,0
44,37,110.164,0
44,45,7.2111,0
44,55,75.7166,0
44,58,131.381,0
44,72,91.6788,0
44,74,47.1275,0
44,75,130.908,0
44,80,132.061,0
44,81,134.358,0
44,85,153.417,11.0637
44,90,38.2753,0
45,13,107.201,0
45,17,89.0674,0
45,32,115.694,0
45,33,75.6042,0
45,37,104.48,0
45,44,7.2111,0
45,55,82.9277,0
45,58,136.312,0
45,72,89.8276,0
45,74,49.6488,0
45,75,129.418,0
45,80,138.809,0
45,81,133.056,0
45,85,160.578,11.2796
45,90,31.3209,0
46,6,41.2311,0
46,9,123.713,0
46,18,141.834,0
46,22,43.1045,0
46,28,131.229,0
46,31,106.32,0
46,32,151.486,0
46,35,93.771,0
46,40,56.2228,0
46,52,84.5044,0
46,75,139.463,0
46,76,123.968,0
46,81,137.641,0
46,86,108.259,0
46,88,150.083,0
46,95,151.222,0
46,96,46.0435,0
47,1,125.86,7.41034
47,3,195.504,16.7575
47,8,114.623,7.39276
47,10,191.669,11.7034
47,12,195.62,14.7494
47,13,180.995,15.3373
47,17,182.924,14.6095
47,19,171.636,14.6741
47,27,169.19,14.4937
47,30,179.485,14.0709
47,34,194.189,15.2021
47,36,234.594,9.49815
47,41,196.971,16.8185
47,49,128.271,5.11136
47,51,156.431,13.4193
47,58,164.906,14.1348
47,59,191.678,14.6374
47,61,187.209,8.85711
47,62,161.137,13.3999
47,67,146.246,12.4446
47,68,146.852,9.20223
47,69,207.207,17.7751
47,73,178.077,12.6518
47,79,218.692,18.2243
47,80,127.15,10.831
47,85,233,18.0912
48,2,201.375,0
48,4,100.755,8.13787
48,7,202.625,0.524907
48,14,257.88,9.16252
48,26,110.538,0.506965
48,29,212.6,8.26957
48,34,240.053,18.0881
48,36,164.594,13.4763
48,42,178.719,14.6527
48,43,56.6392,0
48,50,232.044,5.07113
48,53,174.622,3.82679
48,56,83.024,4.63451
48,57,51.497,3.61735
48,60,51.6826,3.22656
48,63,130.181,9.20471
48,68,246.922,17.3448
48,71,62.1915,4.37741
48,82,199.042,16.6598
48,89,118.878,0
48,93,130.797,6.71467
49,1,253.084,12.9979
49,8,130.459,4.14667
49,10,70.0286,0
49,11,130.3,0
49,12,55.9017,0
49,13,112.792,0
49,17,135.532,0
49,18,153.16,0
49,21,117.388,0
49,24,104.389,0
49,25,143.611,0
49,34,112.079,7.32863
49,36,261.821,6.20103
49,42,144.125,0
49,47,128.271,5.11136
49,51,57.28,0
49,58,84.5044,0
49,62,57.7754,0
49,66,112.486,0
49,67,49.2037,0
49,68,196.09,8.26902
49,73,40.2244,0
49,77,100.896,0
49,79,78.4092,0
49,80,104.547,0
49,82,116.52,0
49,88,138.636,0
49,91,103.078,0
49,95,132.85,0
50,2,198.01,0
50,4,178.538,0.980731
50,7,76.1052,0
50,14,93.369,1.53535
50,19,136.536,11.0811
50,26,145.602,0
50,27,139.21,11.7849
50,29,91.6079,0
50,30,186.001,14.7425
50,36,230.311,2.97385
50,39,211.754,11.9872
50,43,244.049,0
50,48,232.044,5.07113
50,53,60.8276,0
50,56,147.635,0
50,57,238.466,11.4731
50,60,293.992,4.22677
50,68,222.442,15.6354
50,89,187.883,0
50,93,109.142,0
51,8,186.035,15.8167
51,9,119.218,0
51,10,117.324,0
51,12,79.0063,0
51,13,68.884,0
51,17,98.0816,0
51,18,122.772,0
51,24,137.004,0
51,25,123.81,0
51,33,127.534,0
51,34,152.704,4.04471
51,35,146.031,0
51,47,156.431,13.4193
51,49,57.28,0
51,55,137.084,0
51,58,39.2938,0
51,62,22.2036,0
51,66,128.445,0
51,67,10.198,0
51,72,136.015,0
51,73,64.3817,0
51,74,125.132,0
51,75,131.4,0
51,77,60.4401,0
51,79,91.6788,0
51,80,89.9389,0
51,81,128.456,0
51,88,86.5852,0
51,91,105.119,0
51,95,95.6033,0
52,6,68.7095,0
52,9,109.59,0
52,18,139.714,0
52,22,115.122,0
52,32,67.1789,0
52,33,112.641,0
52,35,50.4777,0
52,37,96.0417,0
52,40,91.444,0
52,46,84.5044,0
52,72,93.9202,0
52,74,152.201,0
52,75,64.0078,0
52,77,147.411,0
52,81,64.2806,0
52,86,47.927,0
52,88,103.47,0
52,95,131.015,0
52,96,59.1354,0
53,2,161.555,0
53,4,136.81,0.990945
53,7,52.4976,0
53,14,127.06,1.43145
53,19,156.44,12.1679
53,26,86.093,0
53,27,171.705,13.6424
53,29,100.578,0
53,36,210.178,1.70321
53,39,267.522,13.1682
53,43,183.663,0
53,48,174.622,3.82679
53,50,60.8276,0
53,56,87.818,0
53,57,181.475,10.843
53,60,233.583,4.09691
53,68,242.044,9.90179
53,71,223.733,12.3289
53,89,132.966,0
53,93,64.0312,0
54,0,113.534,0
54,20,73.3894,0
54,28,160.499,13.5871
54,31,149.431,12.8122
54,76,140.093,11.5243
54,78,154.637,13.2168
54,83,20.2485,0
54,94,133.922,11.4859
54,98,33.0374,2.57434
55,13,72.2011,0
55,17,41.2311,0
55,33,115.849,0
55,38,206.971,16.9934
55,41,196.51,16.1345
55,44,75.7166,0
55,45,82.9277,0
55,51,137.084,0
55,58,98.387,0
55,59,172.082,14.1418
55,61,199.054,17.0719
55,67,135.351,0
55,72,134.952,0
55,74,77.0584,0
55,80,67.2681,0
55,84,237.079,14.9614
55,85,78.0134,6.66781
55,87,233.155,14.3745
55,90,113.252,0
56,2,162.69,0
56,4,93.723,0
56,7,116.43,0
56,14,188.208,1.59402
56,19,175.903,14.809
56,26,43.8634,0
56,27,199.339,16.8323
56,29,147.363,0
56,36,175.306,5.71179
56,42,217.479,16.6642
56,43,106.977,0
56,48,83.024,4.63451
56,50,147.635,0
56,53,87.818,0
56,57,97.2018,7.95551
56,60,146.393,4.13338
56,63,201.093,14.8871
56,68,253.936,4.05379
56,71,136.044,10.0805
56,89,93.0376,0
56,93,61.6117,0
57,2,239.394,8.93521
57,4,100.918,4.81583
57,7,213.623,11.3673
57,8,275.921,11.1884
57,10,207.464,17.7792
57,11,182.194,15.0032
57,14,259.618,9.74885
57,19,224.849,18.5262
57,21,171.686,13.9724
57,24,193.226,14.8309
57,26,133.266,8.5614
57,29,218.523,7.05119
57,34,175.066,14.9508
57,36,164.049,5.57543
57,42,127.152,10.735
57,43,113.523,2.4572
57,48,51.497,3.61735
57,50,238.466,11.4731
57,53,181.475,10.843
57,56,97.2018,7.95551
57,60,69.4872,4.85547
57,63,101.25,8.01683
57,68,253.055,4.63766
57,71,65.7875,0
57,82,157.915,13.2677
57,89,156.475,8.13495
57,93,139.362,7.97176
58,8,204.006,17.2308
58,9,139.316,0
58,10,151.608,0
58,12,117.516,0
58,13,30.0167,0
58,17,58.8218,0
58,18,150.083,0
58,33,102.552,0
58,35,151,0
58,44,131.381,0
58,45,136.312,0
58,47,164.906,14.1348
58,49,84.5044,0
58,51,39.2938,0
58,55,98.387,0
58,62,60.5392,0
58,67,40,0
58,72,115.256,0
58,73,102.044,0
58,74,91.1811,0
58,75,122.09,0
58,77,87.4586,0
58,79,130.969,0
58,80,61.0983,0
58,81,120.503,0
58,85,149.767,8.02321
58,88,95.5249,0
58,90,153.212,0
58,91,143.673,0
58,95,120.416,0
59,1,150.17,11.0015
59,3,140.817,12.0223
59,13,181.309,12.3644
59,15,135.059,0
59,16,121.926,0
59,17,170.312,13.5551
59,30,219.335,17.5682
59,38,152.013,11.6403
59,41,20.2485,0
59,47,191.678,14.6374
59,55,172.082,14.1418
59,61,52.8722,4.29108
59,65,120.354,0
59,69,113.046,8.04585
59,70,208.704,6.88034
59,80,122.525,9.49025
59,84,146.751,5.42442
59,85,111.25,6.67067
59,87,80.1509,4.77089
59,92,134.334,10.6812
60,2,201.117,11.8531
60,4,151.114,10.6848
60,7,248.468,4.62491
60,26,155.407,4.41926
60,29,260.473,12.6183
60,36,227.168,12.3206
60,42,182.5,14.974
60,43,58.0762,4.8782
60,48,51.6826,3.22656
60,50,293.992,4.22677
60,53,233.583,4.09691
60,56,146.393,4.13338
60,57,69.4872,4.85547
60,63,66.0913,3.79472
60,71,20.63,0.568842
60,82,214.179,18.3645
60,89,144.17,5.461
60,93,181.201,10.2708
61,1,104.056,6.34767
61,3,101.229,8.38766
61,15,146.581,11.8864
61,16,137.407,11.1915
61,17,194.018,14.8568
61,30,165.521,13.3386
61,38,205.027,14.0462
61,41,54.0788,4.6013
61,47,187.209,8.85711
61,55,199.054,17.0719
61,59,52.8722,4.29108
61,65,138.149,9.84381
61,69,101.111,8.02469
61,70,240.965,10.4925
61,80,171.113,13.5953
61,84,188.455,8.44502
61,85,172.534,8.69024
61,87,111.5,7.27069
61,92,129.058,10.4102
62,8,184.044,15.6474
62,9,105.005,0
62,10,106.066,0
62,11,146.342,0
62,12,62.1691,0
62,13,89.2861,0
62,17,119.269,0
62,18,104.403,0
62,21,139.262,0
62,24,119.604,0
62,25,102.927,0
62,33,138.578,0
62,34,141.515,3.78386
62,35,139.714,0
62,47,161.137,13.3999
62,49,57.7754,0
62,51,22.2036,0
62,58,60.5392,0
62,64,150.306,0
62,66,107.708,0
62,67,28.0179,0
62,72,144.475,0
62,73,50.1597,0
62,74,141.354,0
62,75,133.69,0
62,77,45.0111,0
62,79,71.5681,0
62,80,111.732,0
62,81,130.108,0
62,82,145.207,0
62,88,81.0062,0
62,91,83.1925,0
62,95,79.404,0
63,4,210.718,11.1806
63,11,169.728,13.6812
63,21,155.006,9.37282
63,23,163.919,12.7431
63,24,179.155,10.5134
63,26,240.72,11.6641
63,34,168.259,10.0154
63,36,245.929,13.5902
63,42,106.357,5.29334
63,43,134.007,11.4798
63,48,130.181,9.20471
63,56,201.093,14.8871
63,57,101.25,8.01683
63,60,66.0913,3.79472
63,71,59.0938,5.06944
63,82,137.572,5.59078
63,89,222.298,15.4874
63,93,240.652,16.4054
63,97,142.225,0
64,9,143.003,0
64,10,122.776,0
64,11,74.6726,0
64,12,106.775,0
64,18,111.946,0
64,21,89.0056,0
64,23,98.597,8.12272
64,24,77.8781,0
64,25,84.2021,0
64,28,113.225,0
64,31,149.04,0
64,34,134.565,1.48263
64,42,126.846,0
64,62,150.306,0
64,66,50.6063,0
64,73,123.11,0
64,76,134.183,0
64,77,138.311,0
64,78,87.6641,0
64,79,85.1469,0
64,82,106.042,0
64,83,209.928,17.4049
64,91,67.1193,0
64,94,108.687,9.02065
64,95,128.876,0
64,97,154.071,9.17087
64,98,248.021,18.3132
65,1,160.136,5.60264
65,3,86.3539,0
65,5,49.5782,0
65,15,58.8558,0
65,16,33.0606,0
65,38,184.636,15.6438
65,41,103.621,1.46378
65,59,120.354,0
65,61,138.149,9.84381
65,69,74.9466,0
65,70,128.062,9.60469
65,84,150.049,12.8636
65,87,96.7564,3.28115
65,92,66.6108,0
65,99,94.1541,0
66,8,153.132,8.73009
66,9,133.405,0
66,10,75.9539,0
66,11,53.2635,0
66,12,56.8507,0
66,18,106.775,0
66,21,58.5235,0
66,23,132.428,10.1472
66,24,38.6264,0
66,25,80.4301,0
66,28,136.561,0
66,34,94.6995,1.92533
66,42,103.6,0
66,49,112.486,0
66,51,128.445,0
66,62,107.708,0
66,64,50.6063,0
66,67,129.808,0
66,73,73.6003,0
66,77,108.06,0
66,78,115.117,0
66,79,37.1618,0
66,82,74.2428,0
66,88,151.476,0
66,91,32.311,0
66,94,159.181,10.6713
66,95,111.508,0
67,8,178.988,14.8567
67,9,128.876,0
67,10,112.539,0
67,12,77.7817,0
67,13,70.0071,0
67,17,97.6729,0
67,18,131.32,0
67,21,153.013,0
67,24,135.447,0
67,25,130.924,0
67,33,134.302,0
67,34,147.241,3.95192
67,47,146.246,12.4446
67,49,49.2037,0
67,51,10.198,0
67,55,135.351,0
67,58,40,0
67,62,28.0179,0
67,66,129.808,0
67,72,143.68,0
67,73,62.0725,0
67,74,129.283,0
67,75,140.663,0
67,77,69.6348,0
67,79,92.6984,0
67,80,84.22,0
67,81,137.844,0
67,88,96.7729,0
67,91,108.453,0
67,95,104.785,0
68,1,217.916,6.41283
68,4,154.51,7.87698
68,8,77.8974,0
68,10,118.07,9.98294
68,11,217.212,17.2553
68,12,181.628,15.5754
68,14,113.157,6.68666
68,19,79.0895,5.97502
68,21,199.281,14.2905
68,24,178.549,15.2456
68,26,293.183,4.68447
68,27,93.8972,5.81506
68,29,131.165,11.1602
68,30,128.634,5.43561
68,34,147.785,2.47342
68,36,86.093,0
68,42,182.932,12.4088
68,47,146.852,9.20223
68,48,246.922,17.3448
68,49,196.09,8.26902
68,50,222.442,15.6354
68,53,242.044,9.90179
68,56,253.936,4.05379
68,57,253.055,4.63766
68,73,202.779,14.9778
68,79,193.597,15.7421
68,82,185.251,10.894
68,93,203.966,5.27767
69,1,94.4423,7.02817
69,3,12.1655,0
69,5,123.227,0
69,15,49.366,0
69,16,51.4004,0
69,27,141.651,0
69,30,84.1724,0
69,38,206.161,17.371
69,39,122.56,0
69,41,80.8084,0
69,47,207.207,17.7751
69,59,113.046,8.04585
69,61,101.111,8.02469
69,65,74.9466,0
69,70,195.887,16.405
69,84,159.25,11.3344
69,87,101.68,3.2465
69,92,109.139,2.40373
70,5,135.666,9.48993
70,16,157.498,10.6072
70,38,69.4246,1.38346
70,41,191.423,2.05628
70,59,208.704,6.88034
70,61,240.965,10.4925
70,65,128.062,9.60469
70,69,195.887,16.405
70,84,66.5385,1.27532
70,85,232.957,5.17612
70,87,132.693,1.03613
70,92,81.3158,1.431
70,99,138.006,9.98254
71,2,249.572,7.83129
71,4,165.852,5.01087
71,7,262.627,7.44496
71,11,220.987,18.6236
71,21,215.872,18.2193
71,26,173.829,5.78852
71,29,272.246,9.5594
71,34,217.9,18.0658
71,36,241.677,0
71,42,167.652,11.623
71,43,92.2103,6.30088
71,48,62.1915,4.37741
71,53,223.733,12.3289
71,56,136.044,10.0805
71,57,65.7875,0
71,60,20.63,0.568842
71,63,59.0938,5.06944
71,82,200.007,16.8042
71,89,171.01,6.96316
71,93,191.489,9.30849
72,6,147.757,0
72,9,132.563,0
72,13,100.225,0
72,17,109.179,0
72,32,45.6946,0
72,33,19.105,0
72,35,94.3663,0
72,37,65,0
72,44,91.6788,0
72,45,89.8276,0
72,51,136.015,0
72,52,93.9202,0
72,55,134.952,0
72,58,115.256,0
72,62,144.475,0
72,67,143.68,0
72,74,58.4637,0
72,75,39.8246,0
72,77,128.891,0
72,81,43.8292,0
72,86,108.904,0
72,88,89.0898,0
72,90,79.1581,0
72,95,136.528,0
72,96,138.058,0
73,8,132.505,10.949
73,9,133.544,0
73,10,56.3028,0
73,11,100.499,0
73,12,17,0
73,13,132.061,0
73,18,121.062,0
73,21,91.1373,0
73,24,73.437,0
73,25,107.378,0
73,34,90.9411,3.28209
73,36,193.75,16.18
73,42,127.13,0
73,47,178.077,12.6518
73,49,40.2244,0
73,51,64.3817,0
73,58,102.044,0
73,62,50.1597,0
73,64,123.11,0
73,66,73.6003,0
73,67,62.0725,0
73,68,202.779,14.9778
73,77,80.2122,0
73,79,38.2884,0
73,80,137.753,0
73,82,95.5667,0
73,88,124.523,0
73,91,63.0635,0
73,95,106.042,0
74,13,64.6607,0
74,17,58.6686,0
74,32,99.1262,0
74,33,39.5601,0
74,35,145.427,0
74,37,103.619,0
74,44,47.1275,0
74,45,49.6488,0
74,51,125.132,0
74,52,152.201,0
74,55,77.0584,0
74,58,91.1811,0
74,62,141.354,0
74,67,129.283,0
74,72,58.4637,0
74,75,93.0591,0
74,77,144.309,0
74,80,109.859,0
74,81,95.5249,0
74,85,155.018,9.80267
74,88,118.849,0
74,90,62.0322,0
75,6,109.041,0
75,9,96.8762,0
75,13,116.52,0
75,17,133.843,0
75,18,127.252,0
75,25,152.082,0
75,32,51.8652,0
75,33,55,0
75,35,54.5619,0
75,37,84.1724,0
75,40,122.348,0
75,44,130.908,0
75,45,129.418,0
75,46,139.463,0
75,51,131.4,0
75,52,64.0078,0
75,58,122.09,0
75,62,133.69,0
75,67,140.663,0
75,72,39.8246,0
75,74,93.0591,0
75,77,106.888,0
75,81,5,0
75,86,94.414,0
75,88,61.6847,0
75,90,118.338,0
75,95,105.802,0
75,96,99.5691,0
76,6,108.019,0
76,9,108.208,0
76,18,93.9415,0
76,22,82.7647,0
76,25,97.8621,0
76,28,27.2947,0
76,31,17.8885,0
76,35,141.156,0
76,40,83.2166,0
76,46,123.968,0
76,54,140.093,11.5243
76,64,134.183,0
76,78,47.4342,0
76,83,148.472,11.341
76,91,147.003,0
76,94,192.404,15.649
76,95,123.175,0
76,96,116.276,0
76,98,107.138,9.08253
77,6,139.946,0
77,9,60,0
77,10,134.358,0
77,12,84.22,0
77,13,109.481,0
77,17,140.417,0
77,18,63.1348,0
77,24,132.85,0
77,25,70,0
77,28,131.765,0
77,33,129.035,0
77,35,99.5691,0
77,40,132.242,0
77,49,100.896,0
77,51,60.4401,0
77,52,147.411,0
77,58,87.4586,0
77,62,45.0111,0
77,64,138.311,0
77,66,108.06,0
77,67,69.6348,0
77,72,128.891,0
77,73,80.2122,0
77,74,144.309,0
77,75,106.888,0
77,78,129.418,0
77,79,80.4984,0
77,80,146.813,0
77,81,102.421,0
77,88,46.0435,0
77,91,76.531,0
77,95,35.171,0
77,96,136.312,0
78,6,130.3,0
78,9,95.8593,0
78,12,152.591,0
78,18,70.1783,0
78,20,192.981,15.3572
78,22,120.416,0
78,23,193.701,15.1958
78,24,152.971,0
78,25,61.2944,0
78,28,26.1725,0
78,31,61.4003,0
78,35,145.344,0
78,40,105.475,0
78,54,154.637,13.2168
78,64,87.6641,0
78,66,115.117,0
78,76,47.4342,0
78,77,129.418,0
78,79,130.25,0
78,83,111.697,5.5857
78,88,144.475,0
78,91,102.956,0
78,94,166.862,10.4622
78,95,100.21,0
78,96,136.125,0
78,98,136.03,11.6094
79,8,137,9.45133
79,9,120,0
79,10,63.9062,0
79,11,77.3692,0
79,12,23.2594,0
79,18,99.8098,0
79,21,74.2428,0
79,23,169.267,11.1876
79,24,52.3927,0
79,25,79.6241,0
79,28,147.003,0
79,34,93.2952,2.72111
79,42,117.644,0
79,47,218.692,18.2243
79,49,78.4092,0
79,51,91.6788,0
79,58,130.969,0
79,62,71.5681,0
79,64,85.1469,0
79,66,37.1618,0
79,67,92.6984,0
79,68,193.597,15.7421
79,73,38.2884,0
79,77,80.4984,0
79,78,130.25,0
79,82,85,0
79,88,126.27,0
79,91,27.2947,0
79,95,94.1754,0
80,1,208.117,15.4436
80,8,243.093,17.9397
80,13,56.5685,0
80,17,51.7397,0
80,33,138.159,0
80,41,144.908,10.681
80,44,132.061,0
80,45,138.809,0
80,47,127.15,10.831
80,49,104.547,0
80,51,89.9389,0
80,55,67.2681,0
80,58,61.0983,0
80,59,122.525,9.49025
80,61,171.113,13.5953
80,62,111.732,0
80,67,84.22,0
80,73,137.753,0
80,74,109.859,0
80,77,146.813,0
80,85,95.7676,7.13027
80,87,221.776,16.5145
81,6,106.231,0
81,9,91.9239,0
81,13,116.155,0
81,17,134.495,0
81,18,122.262,0
81,25,147.085,0
81,32,56.6127,0
81,33,58.1378,0
81,35,50.9117,0
81,37,89.1067,0
81,40,118.802,0
81,44,134.358,0
81,45,133.056,0
81,46,137.641,0
81,51,128.456,0
81,52,64.2806,0
81,58,120.503,0
81,62,130.108,0
81,67,137.844,0
81,72,43.8292,0
81,74,95.5249,0
81,75,5,0
81,77,102.421,0
81,86,96.8969,0
81,88,57.0088,0
81,90,122.674,0
81,95,100.841,0
81,96,96.8969,0
82,4,171.588,14.7103
82,8,127.207,10.8659
82,10,46.8722,0
82,11,32.7567,0
82,12,83.5703,0
82,21,17.1172,0
82,23,143.593,11.6282
82,24,36.0555,0
82,25,153.938,0
82,34,36.0117,1.26964
82,36,138.281,11.7259
82,42,32.7567,0
82,48,199.042,16.6598
82,49,116.52,0
82,57,157.915,13.2677
82,60,214.179,18.3645
82,62,145.207,0
82,63,137.572,5.59078
82,64,106.042,0
82,66,74.2428,0
82,68,185.251,10.894
82,71,200.007,16.8042
82,73,95.5667,0
82,79,85,0
82,91,100.896,0
83,0,110.164,0
83,20,62.2896,0
83,28,150.704,12.9196
83,31,162.562,13.5468
83,54,20.2485,0
83,64,209.928,17.4049
83,76,148.472,11.341
83,78,111.697,5.5857
83,94,109.375,9.3099
83,98,57.0628,3.3966
84,3,170.25,11.7369
84,5,163.66,12.8477
84,15,177.476,10.9209
84,16,162.256,12.6811
84,38,45.6508,0
84,41,133.767,0.983137
84,55,237.079,14.9614
84,59,146.751,5.42442
84,61,188.455,8.44502
84,65,150.049,12.8636
84,69,159.25,11.3344
84,70,66.5385,1.27532
84,85,160.918,7.00104
84,87,78.0256,0
84,92,77.8203,0
84,99,187.038,15.6929
85,1,233.582,18.0774
85,13,131.066,7.74844
85,17,106.173,7.76858
85,38,179.622,0
85,41,132.722,8.11069
85,44,153.417,11.0637
85,45,160.578,11.2796
85,47,233,18.0912
85,55,78.0134,6.66781
85,58,149.767,8.02321
85,59,111.25,6.67067
85,61,172.534,8.69024
85,70,232.957,5.17612
85,74,155.018,9.80267
85,80,95.7676,7.13027
85,84,160.918,7.00104
85,87,155.18,4.77662
85,92,229.671,3.32931
86,6,108.167,0
86,22,147.411,0
86,32,66.1211,0
86,33,127.566,0
86,35,98.0051,0
86,37,78.7718,0
86,40,133.015,0
86,46,108.259,0
86,52,47.927,0
86,72,108.904,0
86,75,94.414,0
86,81,96.8969,0
86,88,146.373,0
86,90,153.942,0
86,96,100,0
87,1,208.941,14.3822
87,3,110.924,3.14449
87,5,133.077,3.33096
87,15,129.702,2.98749
87,16,109.82,3.20308
87,38,115.314,2.33498
87,41,58.7502,1.01026
87,55,233.155,14.3745
87,59,80.1509,4.77089
87,61,111.5,7.27069
87,65,96.7564,3.28115
87,69,101.68,3.2465
87,70,132.693,1.03613
87,80,221.776,16.5145
87,84,78.0256,0
87,85,155.18,4.77662
87,92,59.5543,5.0446
87,99,170.2,8.63026
88,6,110.114,0
88,9,50.9902,0
88,12,129.958,0
88,13,105.991,0
88,17,133.69,0
88,18,74.8465,0
88,22,151.832,0
88,25,95.352,0
88,28,138.224,0
88,31,154.302,0
88,32,113.547,0
88,33,93.8616,0
88,35,59.4811,0
88,37,145.279,0
88,40,110.164,0
88,46,150.083,0
88,49,138.636,0
88,51,86.5852,0
88,52,103.47,0
88,58,95.5249,0
88,62,81.0062,0
88,66,151.476,0
88,67,96.7729,0
88,72,89.0898,0
88,73,124.523,0
88,74,118.849,0
88,75,61.6847,0
88,77,46.0435,0
88,78,144.475,0
88,79,126.27,0
88,81,57.0088,0
88,86,146.373,0
88,91,119.252,0
88,95,47.676,0
88,96,104.043,0
89,2,82.8734,0
89,4,185.3,0
89,7,120.88,0
89,14,258.047,1.48262
89,26,54.5894,0
89,29,224.08,0
89,36,263.362,7.6814
89,43,79.6241,0
89,48,118.878,0
89,50,187.883,0
89,53,132.966,0
89,56,93.0376,0
89,57,156.475,8.13495
89,60,144.17,5.461
89,63,222.298,15.4874
89,71,171.01,6.96316
89,93,146.328,0
90,13,126.115,0
90,17,113.569,0
90,32,93.4773,0
90,33,70.8308,0
90,37,76.4003,0
90,44,38.2753,0
90,45,31.3209,0
90,55,113.252,0
90,58,153.212,0
90,72,79.1581,0
90,74,62.0322,0
90,75,118.338,0
90,81,122.674,0
90,86,153.942,0
91,8,163.067,9.61464
91,9,102.65,0
91,10,88.8426,0
91,11,84.5991,0
91,12,50,0
91,18,78.2368,0
91,21,86.977,0
91,23,159.287,10.4775
91,24,65.1153,0
91,25,54.7814,0
91,28,120.104,0
91,34,115.321,2.56233
91,42,132.246,0
91,49,103.078,0
91,51,105.119,0
91,58,143.673,0
91,62,83.1925,0
91,64,67.1193,0
91,66,32.311,0
91,67,108.453,0
91,73,63.0635,0
91,76,147.003,0
91,77,76.531,0
91,78,102.956,0
91,79,27.2947,0
91,82,100.896,0
91,88,119.252,0
91,94,173.412,11.4391
91,95,79.6116,0
92,3,121.771,2.86159
92,5,91.1976,0
92,15,116.211,0
92,16,91.214,0
92,38,118.068,0
92,41,100.553,8.47906
92,59,134.334,10.6812
92,61,129.058,10.4102
92,65,66.6108,0
92,69,109.139,2.40373
92,70,81.3158,1.431
92,84,77.8203,0
92,85,229.671,3.32931
92,87,59.5543,5.0446
92,99,110.309,0
93,2,200.998,0
93,4,72.9405,0.958303
93,7,113.596,0
93,8,286.803,0
93,14,128.26,1.64203
93,19,114.184,9.17386
93,26,91.7824,0
93,27,138.852,11.571
93,29,86.1626,0
93,34,275.036,6.98341
93,36,147.272,2.93477
93,42,208.078,17.2059
93,43,168.238,0
93,48,130.797,6.71467
93,50,109.142,0
93,53,64.0312,0
93,56,61.6117,0
93,57,139.362,7.97176
93,60,181.201,10.2708
93,63,240.652,16.4054
93,68,203.966,5.27767
93,71,191.489,9.30849
93,89,146.328,0
94,0,137.981,2.50132
94,11,208.64,17.81
94,20,83.5844,2.72015
94,23,116.478,9.78624
94,25,184.294,15.3579
94,28,190.224,14.6414
94,31,210.335,17.8579
94,54,133.922,11.4859
94,64,108.687,9.02065
94,66,159.181,10.6713
94,76,192.404,15.649
94,78,166.862,10.4622
94,83,109.375,9.3099
94,91,173.412,11.4391
94,97,108.269,3.45685
94,98,170.791,11.386
95,6,110.309,0
95,9,27.5136,0
95,12,105.309,0
95,13,139.445,0
95,18,30.4138,0
95,22,139.291,0
95,24,143.534,0
95,25,47.676,0
95,28,98.8585,0
95,31,122.654,0
95,33,141.439,0
95,35,80.604,0
95,40,99.4636,0
95,46,151.222,0
95,49,132.85,0
95,51,95.6033,0
95,52,131.015,0
95,58,120.416,0
95,62,79.404,0
95,64,128.876,0
95,66,111.508,0
95,67,104.785,0
95,72,136.528,0
95,73,106.042,0
95,75,105.802,0
95,76,123.175,0
95,77,35.171,0
95,78,100.21,0
95,79,94.1754,0
95,81,100.841,0
95,88,47.676,0
95,91,79.6116,0
95,96,108.24,0
96,6,10,0
96,9,81.1234,0
96,18,103.966,0
96,22,59.4138,0
96,25,130.969,0
96,28,113.6,0
96,31,101.272,0
96,32,123.175,0
96,35,49.0408,0
96,37,154.289,0
96,40,33.0606,0
96,46,46.0435,0
96,52,59.1354,0
96,72,138.058,0
96,75,99.5691,0
96,76,116.276,0
96,77,136.312,0
96,78,136.125,0
96,81,96.8969,0
96,86,100,0
96,88,104.043,0
96,95,108.24,0
97,11,179.224,13.1193
97,20,132.197,0
97,23,64.622,0
97,63,142.225,0
97,64,154.071,9.17087
97,94,108.269,3.45685
98,0,146.584,5.48455
98,20,108.669,6.46841
98,22,173,12.8417
98,28,133.973,11.4132
98,31,117.151,10.0199
98,40,184.794,12.6981
98,54,33.0374,2.57434
98,64,248.021,18.3132
98,76,107.138,9.08253
98,78,136.03,11.6094
98,83,57.0628,3.3966
98,94,170.791,11.386
99,5,49.2443,0
99,15,144.101,0
99,16,122.931,0
99,38,213.122,18.2367
99,65,94.1541,0
99,70,138.006,9.98254
99,84,187.038,15.6929
99,87,170.2,8.63026
99,92,110.309,0
