0,28,218.909,0
0,47,141.223,0
0,50,109.275,0
0,55,177.485,0
0,65,192.816,0
1,5,84.0119,0
1,11,85.5862,0
1,19,154.616,8.01194
1,28,185.88,9.20735
1,29,51.0882,0
1,33,189.312,15.0903
1,35,199.082,8.27629
1,36,134.551,8.92266
1,39,162.103,9.74163
1,47,86.8332,0
1,50,114.983,0
1,55,91.2414,0
1,56,202.166,8.34441
1,65,235.915,17.5351
1,66,238.24,10.0747
1,67,204.198,0
1,95,220.599,16.404
2,14,145.014,0
2,16,64.8151,0
2,44,190.78,0
2,48,38.9487,0
2,49,78.721,0
2,59,215.824,0
2,62,137.361,0
2,77,151.238,0
2,78,215.418,0
2,79,126.004,0
2,83,185.284,0
2,85,44.0114,0
2,87,57.2713,0
2,89,190.937,0
2,98,113.031,0
3,12,272.943,21.438
3,15,121.05,0
3,17,193.837,13.4586
3,21,155.013,0
3,23,163.73,13.4005
3,25,180.661,15.4901
3,31,44.5533,0
3,32,273.951,21.9012
3,34,166.868,0
3,44,136.004,0
3,45,21.587,0
3,52,42.72,0
3,54,57.9828,0
3,59,145.062,5.42157
3,60,210.659,17.893
3,61,165.421,0
3,63,80.0999,0
3,64,45.2548,0
3,68,256.959,21.9529
3,76,64.2028,0
3,78,209.978,11.764
3,79,200.691,0
3,81,249.753,21.4247
3,83,243.378,11.0766
3,94,266.28,22.6456
3,96,296.879,24.5787
3,98,215.002,0
4,5,175.248,10.1523
4,9,55.8669,4.27911
4,10,19.3132,0
4,13,132.185,0
4,19,101.02,0
4,24,247.514,12.9531
4,28,145.207,0
4,33,112.721,0
4,35,212.969,17.6082
4,36,124.814,0.990062
4,37,169.304,9.79649
4,39,97.0824,0
4,55,247.054,18.5741
4,56,56.7539,0
4,65,182.439,0
4,66,26.0768,0
4,70,167.108,0
4,71,261.415,22.0899
4,75,172.671,6.43809
4,91,107.717,8.44792
4,93,105.043,0
4,95,128.967,7.3302
5,1,84.0119,0
5,4,175.248,10.1523
5,9,212.237,16.725
5,10,183,10.8471
5,11,122.201,0
5,13,246.182,12.5796
5,19,76.6865,6.54668
5,28,134.289,9.68432
5,29,127.122,0
5,33,94.3251,7.33285
5,35,183.156,15.5458
5,36,50.5076,2.38107
5,37,287.675,24.0722
5,39,78.6068,6.73271
5,47,147.628,0
5,50,178.697,11.7257
5,55,94.5842,6.13904
5,56,123.459,8.91928
5,65,181.681,13.1629
5,66,155.647,9.72393
5,91,184.239,13.2527
5,93,220.87,16.7141
5,95,179.123,13.0453
6,12,42.9418,0
6,14,209.171,7.57141
6,17,110.76,8.23259
6,18,144.942,10.9116
6,35,247.014,21.0037
6,37,259.178,21.8492
6,40,60.0148,5.00123
6,44,198.087,12.0171
6,45,294.286,25.1646
6,49,221.132,10.6996
6,52,299.813,20.9282
6,59,148.672,10.8277
6,62,155.941,9.90297
6,63,298.95,15.9256
6,64,268.88,21.908
6,69,242.034,16.1356
6,71,225.013,16.6306
6,75,241.867,20.3568
6,77,146.304,7.83769
6,78,97.0325,8.32387
6,79,231.516,11.7588
6,83,107.42,8.54958
6,93,296.648,24.9602
6,96,58.8218,0
6,98,210.691,11.2396
7,8,205.643,0
7,20,118.329,1.64069
7,21,261.182,18.4128
7,22,89.9444,0
7,25,198.648,0
7,26,105.361,0
7,27,108.19,0
7,32,123.223,0
7,41,199.181,0
7,42,60.8276,0
7,43,181.276,0
7,46,200.37,0
7,51,211.585,6.97531
7,53,194.743,0
7,58,168.58,8.52883
7,60,176.233,0
7,68,152.801,0
7,72,30.5287,0
7,74,176.828,0
7,80,157.191,0
7,81,206.528,17.2844
7,84,122.788,0
7,86,211.244,0
7,90,185.024,0
7,94,147.092,0
8,7,205.643,0
8,24,125.399,0
8,26,163.878,0
8,27,217.002,0
8,32,195,0
8,37,203.062,0
8,38,130.25,0
8,41,71.5122,0
8,42,168.372,0
8,43,214.336,0
8,46,212.285,0
8,53,25.1794,0
8,68,206.903,0
8,69,139.014,0
8,71,171.732,0
8,72,195.9,0
8,74,39.0512,0
8,75,205.789,0
8,80,74.9533,0
8,82,112.161,0
8,86,190.874,0
8,88,209.246,0
8,90,124.31,0
8,94,198.457,0
9,4,55.8669,4.27911
9,5,212.237,16.725
9,10,36.4583,3.1033
9,13,216.175,15.9439
9,18,202.177,1.98051
9,19,149.897,10.4742
9,24,261.452,20.4678
9,28,190.144,3.36188
9,33,167.032,9.31314
9,35,211.356,17.0457
9,36,159.272,8.70831
9,37,135.647,11.2153
9,39,142.692,9.94129
9,56,95.3046,2.98643
9,66,77.2725,4.48987
9,69,261.98,19.7482
9,70,251.184,16.7922
9,71,205.548,17.5607
9,75,140.338,9.80625
9,91,52.6693,1.16512
9,93,66.9985,1.45018
9,95,108.456,6.34845
10,4,19.3132,0
10,5,183,10.8471
10,9,36.4583,3.1033
10,13,153,1.47
10,19,109.836,0
10,24,247.045,15.2432
10,28,161.839,0
10,33,126.59,0
10,35,213.905,18.3434
10,36,131.063,0.984969
10,37,159.432,12.0447
10,39,104.938,0
10,55,263.275,20.0172
10,56,69.7711,0
10,65,200.212,0
10,66,43.1856,0
10,70,188.003,1.4757
10,71,244.108,20.9354
10,75,159.923,8.61086
10,91,73.9008,2.43629
10,93,88.093,0.494775
10,95,122.197,7.94635
11,1,85.5862,0
11,5,122.201,0
11,19,191.989,9.67014
11,29,62.9682,0
11,33,217.666,9.48177
11,35,219.3,16.8187
11,36,164.654,9.00257
11,39,215.411,16.9103
11,47,165.846,0
11,50,200.04,0
11,55,179.24,4.7853
11,56,252.886,16.3774
11,67,124.788,0
11,91,320.965,26.2643
11,92,164.177,0
11,95,242.255,19.8527
12,3,272.943,21.438
12,6,42.9418,0
12,14,181.755,1.49713
12,17,72.3673,5.83078
12,18,188.103,12.2615
12,35,269.579,22.8192
12,37,304.274,26.0869
12,40,46.07,2.46804
12,44,156.778,2.89436
12,45,254.404,20.5797
12,49,179.128,1.8139
12,52,242.297,20.5875
12,59,111.115,3.38019
12,62,114.586,1.90506
12,63,321.177,8.74968
12,64,227.688,19.2167
12,69,306.207,26.2268
12,71,250.015,18.3281
12,75,284.868,24.4363
12,77,113.949,1.57996
12,78,55,2.63265
12,79,188.574,2.51712
12,83,66.3509,1.86347
12,85,211.961,1.91399
12,96,78.5875,0
12,98,167.432,2.11645
13,4,132.185,0
13,5,246.182,12.5796
13,9,216.175,15.9439
13,10,153,1.47
13,19,169.009,0
13,28,132.257,0
13,33,144.309,0
13,36,194.826,0
13,39,171.207,0
13,55,242.45,12.2231
13,56,133.297,0
13,57,151.083,0
13,65,137.058,0
13,66,121.511,0
13,70,35.0143,0
13,91,248.29,13.6897
14,2,145.014,0
14,6,209.171,7.57141
14,12,181.755,1.49713
14,16,115.871,0
14,17,206.62,0
14,40,149.94,0
14,48,167.093,0
14,49,132.853,0
14,59,215.353,0
14,62,116.726,0
14,67,134.495,0
14,77,74.9667,0
14,78,176.918,0
14,79,194.165,0
14,83,135.945,0
14,85,135.978,0
14,87,167.371,0
14,89,62.6259,0
14,92,115.832,0
14,96,260.656,17.1855
14,98,163.417,0
15,3,121.05,0
15,21,44.6542,0
15,23,183.784,15.2682
15,25,163.632,14.0256
15,31,126.151,0
15,32,201.995,9.40064
15,34,49.0306,0
15,45,142.636,0
15,51,175.345,0
15,52,146.711,0
15,54,69.1158,0
15,58,198.91,0
15,60,187.696,15.7707
15,61,44.5982,0
15,63,200.236,15.7841
15,64,161.186,0
15,68,199.032,12.6419
15,76,82.5651,0
15,81,118.629,6.2098
15,94,204.161,11.782
16,2,64.8151,0
16,14,115.871,0
16,48,61.4003,0
16,49,122.147,0
16,62,161.595,0
16,77,154.201,0
16,79,181.687,0
16,83,204.394,0
16,85,95.0789,0
16,87,118.966,0
16,89,144,0
16,92,209.01,0
16,98,161.608,0
17,3,193.837,13.4586
17,6,110.76,8.23259
17,12,72.3673,5.83078
17,14,206.62,0
17,18,222.14,18.1708
17,23,308.732,21.961
17,25,345.341,25.9005
17,31,236.044,18.128
17,40,93.3488,0
17,44,104.087,0
17,45,170.266,11.6724
17,49,163.444,0
17,52,155.927,11.4336
17,54,250.284,14.0616
17,59,53.0377,0
17,62,108.503,0
17,63,188.379,15.8849
17,64,146.634,11.5619
17,77,132.061,0
17,78,30.0666,0
17,79,151.605,0
17,83,71,0
17,85,198.338,0
17,87,204.414,0
17,96,112.088,1.43498
17,98,139.445,0
18,6,144.942,10.9116
18,9,202.177,1.98051
18,12,188.103,12.2615
18,17,222.14,18.1708
18,35,173.014,14.8121
18,37,105.017,1.57215
18,40,166.596,14.2475
18,59,278.203,23.8537
18,63,270.609,23.1982
18,69,132.74,0
18,71,98.7512,2.33884
18,75,95.6469,3.05386
18,77,259.634,18.479
18,78,225.1,19.2529
18,83,252.982,21.561
18,91,155,0
18,93,134.213,0
18,95,272.889,14.9365
18,96,113.962,9.10288
19,1,154.616,8.01194
19,4,101.02,0
19,5,76.6865,6.54668
19,9,149.897,10.4742
19,10,109.836,0
19,11,191.989,9.67014
19,13,169.009,0
19,28,85.5102,0
19,29,204.028,10.4014
19,33,39.2046,0
19,35,172.007,12.6283
19,36,27.6579,0.598657
19,37,192.2,0
19,39,7.2111,0
19,47,227.931,15.3836
19,50,255.271,21.8961
19,55,168.867,11.5159
19,56,47.5395,0
19,65,129.294,0
19,66,79.9062,0
19,70,196.657,0
19,75,218.722,8.07079
19,91,120.917,0
19,93,149.215,0
19,95,102.712,2.04681
20,7,118.329,1.64069
20,22,98.7168,0
20,26,170,0
20,27,131.4,0
20,42,145.715,0
20,43,208.154,0
20,51,162.012,0
20,58,111.252,0
20,72,116.778,0
20,81,341.98,26.3036
20,84,132.242,0
20,99,182.044,0
21,3,155.013,0
21,7,261.182,18.4128
21,15,44.6542,0
21,23,163.594,13.5931
21,25,107.476,0.603638
21,31,167.356,0
21,32,232.178,19.1193
21,34,18.6011,0
21,45,176.139,0
21,51,138.708,0
21,52,224.078,18.0863
21,54,109.895,0
21,58,156.438,0
21,60,124.085,0
21,61,40.3113,0
21,63,286.76,19.0284
21,64,217.508,11.7402
21,68,146.986,0
21,76,125.925,0
21,81,101.677,8.63718
21,94,161.088,3.40298
22,7,89.9444,0
22,20,98.7168,0
22,26,75.9276,0
22,27,33.0606,0
22,32,211.287,0
22,41,199.06,0
22,42,71.0634,0
22,43,113,0
22,46,135.624,0
22,53,215.418,0
22,58,221.131,12.5423
22,72,65.2534,0
22,74,218.234,0
22,80,165.303,0
22,82,209.124,0
22,84,39,0
22,86,157.385,0
22,90,161.059,0
23,3,163.73,13.4005
23,15,183.784,15.2682
23,17,308.732,21.961
23,21,163.594,13.5931
23,25,27.0185,0
23,31,204.451,17.4662
23,32,121.388,6.61428
23,34,186.237,15.306
23,44,266.848,18.6162
23,45,165.293,14.1638
23,52,129.793,11.0971
23,54,142.717,10.1834
23,59,260.848,22.0115
23,60,64.0139,5.33449
23,61,212.535,17.9776
23,63,93.1873,7.87296
23,64,152.49,12.9385
23,68,95.0475,6.525
23,69,237.922,19.7396
23,76,165.448,11.0299
23,78,319.082,27.1563
23,81,116.789,7.73834
23,94,103.198,6.55681
23,96,268.651,22.874
24,4,247.514,12.9531
24,8,125.399,0
24,9,261.452,20.4678
24,10,247.045,15.2432
24,30,119.549,0
24,38,73.8241,0
24,41,126.21,0
24,53,126.921,0
24,57,181.554,0
24,74,164.195,0
24,80,164.478,0
24,82,125.399,0
24,86,218.33,0
24,88,188.597,0
24,90,170.699,0
24,97,212.8,0
25,3,180.661,15.4901
25,7,198.648,0
25,15,163.632,14.0256
25,17,345.341,25.9005
25,21,107.476,0.603638
25,23,27.0185,0
25,31,186.696,9.83543
25,32,93.723,3.55011
25,34,124.852,0
25,45,191.252,16.2387
25,52,158.079,13.483
25,54,164.109,13.514
25,58,265.013,18.2289
25,59,296.575,24.9925
25,60,37.2068,2.83712
25,61,172.427,11.6513
25,63,119.184,9.84293
25,64,180.088,14.8093
25,68,69.9403,3.39987
25,69,230.492,17.2869
25,76,185.533,14.2766
25,81,91.9785,7.33911
25,94,78.8905,3.46361
26,7,105.361,0
26,8,163.878,0
26,20,170,0
26,22,75.9276,0
26,27,53.2353,0
26,32,197.841,0
26,38,199.922,0
26,41,123.167,0
26,42,45.618,0
26,43,83.7377,0
26,46,98.8585,0
26,53,142.78,0
26,72,76.2955,0
26,74,154.379,0
26,80,91.2688,0
26,82,135.248,0
26,84,67.6757,0
26,86,106.042,0
26,88,178.213,0
26,90,88.2326,0
26,94,217.8,0
27,7,108.19,0
27,8,217.002,0
27,20,131.4,0
27,22,33.0606,0
27,26,53.2353,0
27,41,174.23,0
27,42,68.884,0
27,43,80.8084,0
27,46,103.097,0
27,53,196.01,0
27,72,78.8733,0
27,74,205.682,0
27,80,144.402,0
27,82,180.006,0
27,84,17.2627,0
27,86,124.326,0
27,88,201.896,0
27,90,131.746,0
28,0,218.909,0
28,1,185.88,9.20735
28,4,145.207,0
28,5,134.289,9.68432
28,9,190.144,3.36188
28,10,161.839,0
28,13,132.257,0
28,19,85.5102,0
28,29,240.616,11.0096
28,33,46.5725,0
28,36,116.145,6.72839
28,39,92.1954,0
28,47,244.567,20.8907
28,50,172.145,10.694
28,55,111.206,9.37734
28,56,95.0158,0
28,65,43.9659,0
28,66,119.202,0
28,70,147.275,0
28,91,209.076,5.49454
28,95,187.405,2.03495
29,1,51.0882,0
29,5,127.122,0
29,11,62.9682,0
29,19,204.028,10.4014
29,28,240.616,11.0096
29,33,223.492,11.9728
29,35,267.341,22.8968
29,36,177.038,9.62307
29,39,206.122,10.6657
29,47,109.041,0
29,50,150.03,0
29,55,141.51,0
29,67,162.028,0
29,92,194.003,0
29,95,236.172,14.5095
30,24,119.549,0
30,38,130.361,0
30,41,217.892,0
30,57,112.508,0
30,73,198.01,0
30,82,194.064,0
30,88,199.361,0
30,97,107.703,0
31,3,44.5533,0
31,15,126.151,0
31,17,236.044,18.128
31,21,167.356,0
31,23,204.451,17.4662
31,25,186.696,9.83543
31,34,175.094,0
31,44,136.624,0
31,45,50.9608,0
31,52,85.1469,0
31,54,57.4891,0
31,59,149.937,0
31,60,224.731,13.3768
31,61,167.012,0
31,63,125.491,0.497915
31,64,80.0062,0
31,76,46.5296,0
31,78,205.066,0
31,79,192.842,0
31,81,271.104,22.6248
31,98,212.812,0
32,3,273.951,21.9012
32,7,123.223,0
32,8,195,0
32,15,201.995,9.40064
32,21,232.178,19.1193
32,22,211.287,0
32,23,121.388,6.61428
32,25,93.723,3.55011
32,26,197.841,0
32,34,248.261,21.0325
32,42,156.984,0
32,52,231.323,14.7816
32,53,199.572,0
32,54,249.88,16.8173
32,58,271.685,23.2293
32,60,58.0517,0
32,61,274.445,23.5407
32,63,183.719,9.59867
32,64,244.141,12.014
32,68,29.7321,0
32,69,155.563,0
32,72,146.328,0
32,74,156.013,0
32,80,192.388,0
32,81,131.793,10.5483
32,94,24.0832,0
33,1,189.312,15.0903
33,4,112.721,0
33,5,94.3251,7.33285
33,9,167.032,9.31314
33,10,126.59,0
33,11,217.666,9.48177
33,13,144.309,0
33,19,39.2046,0
33,28,46.5725,0
33,29,223.492,11.9728
33,35,211.206,13.5008
33,36,58.614,0.513824
33,39,45.7056,0
33,47,224.054,16.1577
33,50,194.673,12.8328
33,55,129.704,10.8087
33,56,56.8243,0
33,65,90.5207,0
33,66,87.2812,0
33,70,167.92,0
33,91,166.811,6.19312
33,93,199.018,7.87212
33,95,140.856,2.02303
34,3,166.868,0
34,15,49.0306,0
34,21,18.6011,0
34,23,186.237,15.306
34,25,124.852,0
34,31,175.094,0
34,32,248.261,21.0325
34,45,188.29,0
34,51,127.004,0
34,52,215.608,12.0449
34,54,117.835,0
34,58,150.283,0
34,60,142.271,0
34,61,25.7099,0
34,63,303.044,22.5629
34,64,203.973,0
34,68,181.959,7.8871
34,76,131.472,0
34,81,113.072,9.5001
34,94,236.912,20.2535
34,99,212.608,0
35,1,199.082,8.27629
35,4,212.969,17.6082
35,5,183.156,15.5458
35,6,247.014,21.0037
35,9,211.356,17.0457
35,10,213.905,18.3434
35,11,219.3,16.8187
35,12,269.579,22.8192
35,18,173.014,14.8121
35,19,172.007,12.6283
35,29,267.341,22.8968
35,33,211.206,13.5008
35,36,196.014,15.7933
35,37,133.351,9.11948
35,39,163.565,11.901
35,40,189.43,4.75501
35,55,265.266,19.5866
35,56,179.719,10.9738
35,66,195.699,13.0466
35,67,250.692,17.3274
35,71,194.226,14.791
35,75,139.566,10.8051
35,91,147.251,9.91282
35,93,133.425,11.4459
35,95,79.6013,6.08033
35,96,284.939,24.2143
36,1,134.551,8.92266
36,4,124.814,0.990062
36,5,50.5076,2.38107
36,9,159.272,8.70831
36,10,131.063,0.984969
36,11,164.654,9.00257
36,13,194.826,0
36,19,27.6579,0.598657
36,28,116.145,6.72839
36,29,177.038,9.62307
36,33,58.614,0.513824
36,35,196.014,15.7933
36,37,220.929,11.0648
36,39,29.0799,0.99087
36,47,190.496,7.98014
36,50,224.746,18.6244
36,55,137.758,11.7022
36,56,74.783,1.05146
36,65,166.263,9.98764
36,66,105.923,1.01769
36,75,235.355,13.6185
36,91,129.698,1.16765
36,93,157.09,1.21713
36,95,119.246,9.15268
37,4,169.304,9.79649
37,5,287.675,24.0722
37,6,259.178,21.8492
37,8,203.062,0
37,9,135.647,11.2153
37,10,159.432,12.0447
37,12,304.274,26.0869
37,18,105.017,1.57215
37,19,192.2,0
37,35,133.351,9.11948
37,36,220.929,11.0648
37,39,185.043,0
37,40,250.68,14.8054
37,56,191.184,6.66929
37,66,190.598,10.959
37,69,122.674,0
37,71,53.7587,0
37,74,203.855,0
37,75,13.1529,0
37,91,72.4017,0
37,93,44.2945,0
37,95,146.94,12.5949
37,96,211.522,9.76054
38,8,130.25,0
38,24,73.8241,0
38,26,199.922,0
38,30,130.361,0
38,41,89.0898,0
38,43,196.665,0
38,46,181.135,0
38,53,117.324,0
38,73,152.427,0
38,74,166.235,0
38,80,131.381,0
38,82,65,0
38,86,148.95,0
38,88,115.07,0
38,90,113.208,0
38,97,189.172,0
39,1,162.103,9.74163
39,4,97.0824,0
39,5,78.6068,6.73271
39,9,142.692,9.94129
39,10,104.938,0
39,11,215.411,16.9103
39,13,171.207,0
39,19,7.2111,0
39,28,92.1954,0
39,29,206.122,10.6657
39,33,45.7056,0
39,35,163.565,11.901
39,36,29.0799,0.99087
39,37,185.043,0
39,47,229.156,14.2792
39,50,258.891,22.1616
39,55,174.143,12.9374
39,56,45.6946,0
39,65,136.062,0
39,66,77.1298,0
39,70,199.625,0
39,75,211.566,8.05658
39,91,113.864,0
39,93,142.13,0
39,95,95.6686,2.02709
40,6,60.0148,5.00123
40,12,46.07,2.46804
40,14,149.94,0
40,17,93.3488,0
40,18,166.596,14.2475
40,35,189.43,4.75501
40,37,250.68,14.8054
40,44,177.2,0
40,49,175.693,0
40,52,262.138,17.8202
40,59,135.532,0
40,62,110.386,0
40,63,372.55,18.7442
40,64,258.643,19.2793
40,67,180.679,0
40,71,264.437,19.3156
40,75,242.785,15.7535
40,77,91.9674,0
40,78,77.3692,0
40,79,197.428,0
40,83,67.2681,0
40,85,204.949,0
40,89,190.379,0
40,92,199.181,0
40,96,117.083,8.91813
40,98,172.456,0
41,7,199.181,0
41,8,71.5122,0
41,22,199.06,0
41,24,126.21,0
41,26,123.167,0
41,27,174.23,0
41,30,217.892,0
41,38,89.0898,0
41,42,146.263,0
41,43,151.585,0
41,46,145.674,0
41,53,47.4131,0
41,69,208.396,0
41,72,179.769,0
41,73,195.9,0
41,74,94.1116,0
41,80,42.4264,0
41,82,43.9318,0
41,84,185.413,0
41,86,121.264,0
41,88,139.807,0
41,90,56.4358,0
42,7,60.8276,0
42,8,168.372,0
42,20,145.715,0
42,22,71.0634,0
42,26,45.618,0
42,27,68.884,0
42,32,156.984,0
42,41,146.263,0
42,43,126.811,0
42,46,143.694,0
42,53,152.069,0
42,58,272.531,22.5328
42,60,214.611,0
42,68,185.925,0
42,72,34.5254,0
42,74,148.486,0
42,80,106.532,0
42,81,270.182,21.8793
42,82,168.467,0
42,84,86.122,0
42,86,151.539,0
42,90,125.196,0
42,94,178.37,0
43,7,181.276,0
43,8,214.336,0
43,20,208.154,0
43,22,113,0
43,26,83.7377,0
43,27,80.8084,0
43,38,196.665,0
43,41,151.585,0
43,42,126.811,0
43,46,23.0868,0
43,53,189.594,0
43,72,150.748,0
43,73,173.104,0
43,74,217.681,0
43,80,141.089,0
43,82,137.201,0
43,84,76,0
43,86,51.9711,0
43,88,127.201,0
43,90,95.8175,0
44,2,190.78,0
44,3,136.004,0
44,6,198.087,12.0171
44,12,156.778,2.89436
44,17,104.087,0
44,23,266.848,18.6162
44,31,136.624,0
44,40,177.2,0
44,45,115.07,0
44,49,118.271,0
44,52,130.292,0
44,54,187.747,0
44,59,51.6624,0
44,62,109.202,0
44,63,204.384,15.8947
44,64,108.522,0
44,76,182.562,0
44,77,158.55,0
44,78,102.108,0
44,79,68.542,0
44,83,117.239,0
44,85,148.337,0
44,87,138.322,0
44,96,216.2,18.0714
44,98,79,0
45,3,21.587,0
45,6,294.286,25.1646
45,12,254.404,20.5797
45,15,142.636,0
45,17,170.266,11.6724
45,21,176.139,0
45,23,165.293,14.1638
45,25,191.252,16.2387
45,31,50.9608,0
45,34,188.29,0
45,44,115.07,0
45,52,37.108,0
45,54,78.7147,0
45,59,119.572,3.57597
45,60,228.831,19.5215
45,61,187.003,0
45,62,211.301,0
45,63,94.8683,6.32456
45,64,29.1548,0
45,68,254.777,20.4773
45,76,82.0731,0
45,78,193.393,12.5969
45,79,180.679,0
45,81,265.921,22.6189
45,83,218.389,9.30482
45,94,258.439,19.7408
45,96,267.018,22.5789
45,98,194.041,0
46,7,200.37,0
46,8,212.285,0
46,22,135.624,0
46,26,98.8585,0
46,27,103.097,0
46,38,181.135,0
46,41,145.674,0
46,42,143.694,0
46,43,23.0868,0
46,53,187.171,0
46,72,169.941,0
46,73,150.053,0
46,74,219.764,0
46,80,141.792,0
46,82,125.16,0
46,84,99.0202,0
46,86,32.5576,0
46,88,104.676,0
46,90,89.2749,0
47,0,141.223,0
47,1,86.8332,0
47,5,147.628,0
47,11,165.846,0
47,19,227.931,15.3836
47,28,244.567,20.8907
47,29,109.041,0
47,33,224.054,16.1577
47,36,190.496,7.98014
47,39,229.156,14.2792
47,50,49.2443,0
47,55,117.059,7.98892
47,65,198.804,7.84054
48,2,38.9487,0
48,14,167.093,0
48,16,61.4003,0
48,49,117.618,0
48,62,175.548,0
48,77,185.311,0
48,79,161.009,0
48,85,82.7647,0
48,87,90.2718,0
48,89,203.711,0
48,98,150.867,0
49,2,78.721,0
49,6,221.132,10.6996
49,12,179.128,1.8139
49,14,132.853,0
49,16,122.147,0
49,17,163.444,0
49,40,175.693,0
49,44,118.271,0
49,48,117.618,0
49,59,137.568,0
49,62,65.7647,0
49,77,99.0051,0
49,78,138.773,0
49,79,65.192,0
49,83,113.442,0
49,85,34.9857,0
49,87,48.3839,0
49,89,193.349,0
49,96,233.244,11.3383
49,98,39.8121,0
50,0,109.275,0
50,1,114.983,0
50,5,178.697,11.7257
50,11,200.04,0
50,19,255.271,21.8961
50,28,172.145,10.694
50,29,150.03,0
50,33,194.673,12.8328
50,36,224.746,18.6244
50,39,258.891,22.1616
50,47,49.2443,0
50,55,98.5833,7.57581
50,56,280.119,22.1705
50,65,141.397,0
51,7,211.585,6.97531
51,15,175.345,0
51,20,162.012,0
51,21,138.708,0
51,34,127.004,0
51,58,52.8867,0
51,61,135.518,0
51,81,164.915,4.96935
51,99,91.236,0
52,3,42.72,0
52,6,299.813,20.9282
52,12,242.297,20.5875
52,15,146.711,0
52,17,155.927,11.4336
52,21,224.078,18.0863
52,23,129.793,11.0971
52,25,158.079,13.483
52,31,85.1469,0
52,32,231.323,14.7816
52,34,215.608,12.0449
52,40,262.138,17.8202
52,44,130.292,0
52,45,37.108,0
52,54,94.3663,0
52,59,133.539,8.85554
52,60,190.231,16.2449
52,61,190.979,0
52,62,243.83,13.3228
52,63,61.6104,5.23813
52,64,21.9317,0
52,68,193.925,11.4859
52,76,105.19,0
52,78,191.11,14.566
52,79,198.64,0
52,81,267.909,22.0971
52,83,227.788,14.9357
52,94,201.191,11.3208
52,96,270.561,15.6357
52,98,215.057,3.91625
53,7,194.743,0
53,8,25.1794,0
53,22,215.418,0
53,24,126.921,0
53,26,142.78,0
53,27,196.01,0
53,32,199.572,0
53,38,117.324,0
53,41,47.4131,0
53,42,152.069,0
53,43,189.594,0
53,46,187.171,0
53,68,214.646,0
53,69,161.149,0
53,71,196.698,0
53,72,181.816,0
53,74,49.93,0
53,80,52,0
53,82,89.8109,0
53,84,209.767,0
53,86,165.738,0
53,88,186.703,0
53,90,99.1413,0
53,94,205.915,0
54,3,57.9828,0
54,15,69.1158,0
54,17,250.284,14.0616
54,21,109.895,0
54,23,142.717,10.1834
54,25,164.109,13.514
54,31,57.4891,0
54,32,249.88,16.8173
54,34,117.835,0
54,44,187.747,0
54,45,78.7147,0
54,52,94.3663,0
54,59,194.978,2.16413
54,60,201.308,16.3961
54,61,111.544,0
54,63,119.775,0
54,64,102.616,0
54,68,235.245,18.0102
54,76,22.3607,0
54,81,214.95,18.4215
54,94,244.233,18.3175
55,0,177.485,0
55,1,91.2414,0
55,4,247.054,18.5741
55,5,94.5842,6.13904
55,10,263.275,20.0172
55,11,179.24,4.7853
55,13,242.45,12.2231
55,19,168.867,11.5159
55,28,111.206,9.37734
55,29,141.51,0
55,33,129.704,10.8087
55,35,265.266,19.5866
55,36,137.758,11.7022
55,39,174.143,12.9374
55,47,117.059,7.98892
55,50,98.5833,7.57581
55,56,190.337,16.0643
55,65,140.913,12.0846
55,66,220.846,17.3451
55,95,265.438,22.771
56,1,202.166,8.34441
56,4,56.7539,0
56,5,123.459,8.91928
56,9,95.3046,2.98643
56,10,69.7711,0
56,11,252.886,16.3774
56,13,133.297,0
56,19,47.5395,0
56,28,95.0158,0
56,33,56.8243,0
56,35,179.719,10.9738
56,36,74.783,1.05146
56,37,191.184,6.66929
56,39,45.6946,0
56,50,280.119,22.1705
56,55,190.337,16.0643
56,65,136.459,0
56,66,33,0
56,70,164.712,0
56,75,205.084,7.95272
56,91,122.231,7.22613
56,93,147.956,6.87104
56,95,107.597,1.46486
57,13,151.083,0
57,24,181.554,0
57,30,112.508,0
57,70,150.333,0
57,97,189.003,0
58,7,168.58,8.52883
58,15,198.91,0
58,20,111.252,0
58,21,156.438,0
58,22,221.131,12.5423
58,25,265.013,18.2289
58,32,271.685,23.2293
58,34,150.283,0
58,42,272.531,22.5328
58,51,52.8867,0
58,60,291.276,24.5873
58,61,165.946,0
58,68,287.747,24.1584
58,72,237.968,20.3566
58,81,173.123,10.5818
58,94,289.094,24.303
58,99,113.6,0
59,2,215.824,0
59,3,145.062,5.42157
59,6,148.672,10.8277
59,12,111.115,3.38019
59,14,215.353,0
59,17,53.0377,0
59,18,278.203,23.8537
59,23,260.848,22.0115
59,25,296.575,24.9925
59,31,149.937,0
59,40,135.532,0
59,44,51.6624,0
59,45,119.572,3.57597
59,49,137.568,0
59,52,133.539,8.85554
59,54,194.978,2.16413
59,62,101.272,0
59,63,167.196,13.2296
59,64,113.394,7.97045
59,76,191.437,0
59,77,141.947,0
59,78,58.1808,0
59,79,108.19,0
59,83,87.0057,0
59,85,171.817,0
59,87,170.47,0
59,96,167.689,13.7884
59,98,104.709,0
60,3,210.659,17.893
60,7,176.233,0
60,15,187.696,15.7707
60,21,124.085,0
60,23,64.0139,5.33449
60,25,37.2068,2.83712
60,31,224.731,13.3768
60,32,58.0517,0
60,34,142.271,0
60,42,214.611,0
60,45,228.831,19.5215
60,52,190.231,16.2449
60,54,201.308,16.3961
60,58,291.276,24.5873
60,61,163.193,0
60,63,133.103,9.88975
60,64,206.903,16.6556
60,68,32.6497,0
60,69,196.264,13.1353
60,72,201.718,0
60,74,199.264,0
60,76,222.724,17.1132
60,81,100.652,8.6056
60,94,41.5933,0
61,3,165.421,0
61,15,44.5982,0
61,21,40.3113,0
61,23,212.535,17.9776
61,25,172.427,11.6513
61,31,167.012,0
61,32,274.445,23.5407
61,34,25.7099,0
61,45,187.003,0
61,51,135.518,0
61,52,190.979,0
61,54,111.544,0
61,58,165.946,0
61,60,163.193,0
61,63,290.713,24.6533
61,64,205.767,0
61,68,187.11,0
61,76,121.334,0
61,81,140.053,11.0959
61,94,196.214,1.00601
61,99,215.455,0
62,2,137.361,0
62,6,155.941,9.90297
62,12,114.586,1.90506
62,14,116.726,0
62,16,161.595,0
62,17,108.503,0
62,40,110.386,0
62,44,109.202,0
62,45,211.301,0
62,48,175.548,0
62,49,65.7647,0
62,52,243.83,13.3228
62,59,101.272,0
62,64,214.513,9.10195
62,77,50.8035,0
62,78,80.0562,0
62,79,96.0469,0
62,83,48.2701,0
62,85,97.4526,0
62,87,113.719,0
62,89,178.53,0
62,96,171.001,10.7623
62,98,66.4831,0
63,3,80.0999,0
63,6,298.95,15.9256
63,12,321.177,8.74968
63,15,200.236,15.7841
63,17,188.379,15.8849
63,18,270.609,23.1982
63,21,286.76,19.0284
63,23,93.1873,7.87296
63,25,119.184,9.84293
63,31,125.491,0.497915
63,32,183.719,9.59867
63,34,303.044,22.5629
63,40,372.55,18.7442
63,44,204.384,15.8947
63,45,94.8683,6.32456
63,52,61.6104,5.23813
63,54,119.775,0
63,59,167.196,13.2296
63,60,133.103,9.88975
63,61,290.713,24.6533
63,64,81.25,6.86198
63,68,155.63,9.71602
63,69,286.205,22.7902
63,76,135.595,0
63,78,206.045,16.9228
63,81,223.744,19.1833
63,83,241.793,17.1887
63,94,163.466,9.98946
63,96,234.738,16.196
64,3,45.2548,0
64,6,268.88,21.908
64,12,227.688,19.2167
64,15,161.186,0
64,17,146.634,11.5619
64,21,217.508,11.7402
64,23,152.49,12.9385
64,25,180.088,14.8093
64,31,80.0062,0
64,32,244.141,12.014
64,34,203.973,0
64,40,258.643,19.2793
64,44,108.522,0
64,45,29.1548,0
64,52,21.9317,0
64,54,102.616,0
64,59,113.394,7.97045
64,60,206.903,16.6556
64,61,205.767,0
64,62,214.513,9.10195
64,63,81.25,6.86198
64,68,214.868,11.564
64,76,109.225,0
64,78,167.066,11.4556
64,79,176.785,0
64,81,292.602,24.7118
64,83,202.868,11.5656
64,94,224.485,12.241
64,96,249.147,17.6386
64,98,185.607,0
65,0,192.816,0
65,1,235.915,17.5351
65,4,182.439,0
65,5,181.681,13.1629
65,10,200.212,0
65,13,137.058,0
65,19,129.294,0
65,28,43.9659,0
65,33,90.5207,0
65,36,166.263,9.98764
65,39,136.062,0
65,47,198.804,7.84054
65,50,141.397,0
65,55,140.913,12.0846
65,56,136.459,0
65,66,157.035,0
65,70,141.481,0
66,1,238.24,10.0747
66,4,26.0768,0
66,5,155.647,9.72393
66,9,77.2725,4.48987
66,10,43.1856,0
66,13,121.511,0
66,19,79.9062,0
66,28,119.202,0
66,33,87.2812,0
66,35,195.699,13.0466
66,36,105.923,1.01769
66,37,190.598,10.959
66,39,77.1298,0
66,55,220.846,17.3451
66,56,33,0
66,65,157.035,0
66,70,155.541,0
66,71,272.368,21.2675
66,75,196.189,8.71951
66,91,133.346,11.349
66,93,142.034,8.50093
66,95,116.182,1.58174
67,1,204.198,0
67,11,124.788,0
67,14,134.495,0
67,29,162.028,0
67,35,250.692,17.3274
67,40,180.679,0
67,77,172.803,0
67,83,215.002,0
67,89,98.3717,0
67,92,42.45,0
68,3,256.959,21.9529
68,7,152.801,0
68,8,206.903,0
68,15,199.032,12.6419
68,21,146.986,0
68,23,95.0475,6.525
68,25,69.9403,3.39987
68,32,29.7321,0
68,34,181.959,7.8871
68,42,185.925,0
68,45,254.777,20.4773
68,52,193.925,11.4859
68,53,214.646,0
68,54,235.245,18.0102
68,58,287.747,24.1584
68,60,32.6497,0
68,61,187.11,0
68,63,155.63,9.71602
68,64,214.868,11.564
68,69,145.341,0
68,71,234.44,10.0131
68,72,176.045,0
68,74,168.024,0
68,76,256.622,18.4402
68,80,213.413,0
68,81,131.082,10.5661
68,94,8.94427,0
69,6,242.034,16.1356
69,8,139.014,0
69,9,261.98,19.7482
69,12,306.207,26.2268
69,18,132.74,0
69,23,237.922,19.7396
69,25,230.492,17.2869
69,32,155.563,0
69,37,122.674,0
69,41,208.396,0
69,53,161.149,0
69,60,196.264,13.1353
69,63,286.205,22.7902
69,68,145.341,0
69,71,69.4046,0
69,74,117.388,0
69,75,116.25,0
69,80,195.226,0
69,91,219.172,11.2597
69,93,189.721,10.5782
69,94,141.209,0
69,96,229.825,17.6401
70,4,167.108,0
70,9,251.184,16.7922
70,10,188.003,1.4757
70,13,35.0143,0
70,19,196.657,0
70,28,147.275,0
70,33,167.92,0
70,39,199.625,0
70,56,164.712,0
70,57,150.333,0
70,65,141.481,0
70,66,155.541,0
71,4,261.415,22.0899
71,6,225.013,16.6306
71,8,171.732,0
71,9,205.548,17.5607
71,10,244.108,20.9354
71,12,250.015,18.3281
71,18,98.7512,2.33884
71,35,194.226,14.791
71,37,53.7587,0
71,40,264.437,19.3156
71,53,196.698,0
71,66,272.368,21.2675
71,68,234.44,10.0131
71,69,69.4046,0
71,74,164.076,0
71,75,46.8722,0
71,91,126.859,0.621733
71,93,98.447,0.615094
71,94,208.741,0
71,95,198.312,15.1369
71,96,186.306,7.13854
72,7,30.5287,0
72,8,195.9,0
72,20,116.778,0
72,22,65.2534,0
72,26,76.2955,0
72,27,78.8733,0
72,32,146.328,0
72,41,179.769,0
72,42,34.5254,0
72,43,150.748,0
72,46,169.941,0
72,53,181.816,0
72,58,237.968,20.3566
72,60,201.718,0
72,68,176.045,0
72,74,171.604,0
72,80,139.086,0
72,81,236.251,18.672
72,82,202.98,0
72,84,94.3027,0
72,86,181.604,0
72,90,159.531,0
72,94,169.517,0
73,30,198.01,0
73,38,152.427,0
73,41,195.9,0
73,43,173.104,0
73,46,150.053,0
73,82,152.161,0
73,86,129.553,0
73,88,59.1692,0
73,90,166.355,0
73,97,161.419,0
74,7,176.828,0
74,8,39.0512,0
74,22,218.234,0
74,24,164.195,0
74,26,154.379,0
74,27,205.682,0
74,32,156.013,0
74,37,203.855,0
74,38,166.235,0
74,41,94.1116,0
74,42,148.486,0
74,43,217.681,0
74,46,219.764,0
74,53,49.93,0
74,60,199.264,0
74,68,168.024,0
74,69,117.388,0
74,71,164.076,0
74,72,171.604,0
74,75,204.083,0
74,80,78.1601,0
74,82,137.888,0
74,86,203.185,0
74,90,137.383,0
74,94,159.524,0
75,4,172.671,6.43809
75,6,241.867,20.3568
75,8,205.789,0
75,9,140.338,9.80625
75,10,159.923,8.61086
75,12,284.868,24.4363
75,18,95.6469,3.05386
75,19,218.722,8.07079
75,35,139.566,10.8051
75,36,235.355,13.6185
75,37,13.1529,0
75,39,211.566,8.05658
75,40,242.785,15.7535
75,56,205.084,7.95272
75,66,196.189,8.71951
75,69,116.25,0
75,71,46.8722,0
75,74,204.083,0
75,91,82.7345,0
75,93,55.3624,0
75,95,152.079,12.9613
75,96,199.706,10.0919
76,3,64.2028,0
76,15,82.5651,0
76,21,125.925,0
76,23,165.448,11.0299
76,25,185.533,14.2766
76,31,46.5296,0
76,34,131.472,0
76,44,182.562,0
76,45,82.0731,0
76,52,105.19,0
76,54,22.3607,0
76,59,191.437,0
76,60,222.724,17.1132
76,61,121.334,0
76,63,135.595,0
76,64,109.225,0
76,68,256.622,18.4402
76,81,229.15,19.1701
76,94,265.602,18.6792
77,2,151.238,0
77,6,146.304,7.83769
77,12,113.949,1.57996
77,14,74.9667,0
77,16,154.201,0
77,17,132.061,0
77,18,259.634,18.479
77,40,91.9674,0
77,44,158.55,0
77,48,185.311,0
77,49,99.0051,0
77,59,141.947,0
77,62,50.8035,0
77,67,172.803,0
77,78,102.176,0
77,79,144.471,0
77,83,61.131,0
77,85,121.037,0
77,87,145.88,0
77,89,133.154,0
77,92,170.532,0
77,96,190.328,14.8016
77,98,113.547,0
78,2,215.418,0
78,3,209.978,11.764
78,6,97.0325,8.32387
78,12,55,2.63265
78,14,176.918,0
78,17,30.0666,0
78,18,225.1,19.2529
78,23,319.082,27.1563
78,31,205.066,0
78,40,77.3692,0
78,44,102.108,0
78,45,193.393,12.5969
78,49,138.773,0
78,52,191.11,14.566
78,59,58.1808,0
78,62,80.0562,0
78,63,206.045,16.9228
78,64,167.066,11.4556
78,77,102.176,0
78,79,136.704,0
78,83,41.0488,0
78,85,173.234,0
78,87,182.332,0
78,96,95.1571,8.044
78,98,119.57,0
79,2,126.004,0
79,3,200.691,0
79,6,231.516,11.7588
79,12,188.574,2.51712
79,14,194.165,0
79,16,181.687,0
79,17,151.605,0
79,31,192.842,0
79,40,197.428,0
79,44,68.542,0
79,45,180.679,0
79,48,161.009,0
79,49,65.192,0
79,52,198.64,0
79,59,108.19,0
79,62,96.0469,0
79,64,176.785,0
79,77,144.471,0
79,78,136.704,0
79,83,130.188,0
79,85,86.6833,0
79,87,70.859,0
79,96,232.244,11.513
79,98,31.3847,0
80,7,157.191,0
80,8,74.9533,0
80,22,165.303,0
80,24,164.478,0
80,26,91.2688,0
80,27,144.402,0
80,32,192.388,0
80,38,131.381,0
80,41,42.4264,0
80,42,106.532,0
80,43,141.089,0
80,46,141.792,0
80,53,52,0
80,68,213.413,0
80,69,195.226,0
80,72,139.086,0
80,74,78.1601,0
80,82,78.4474,0
80,84,157.867,0
80,86,125.399,0
80,88,164.785,0
80,90,61.0328,0
80,94,204.472,0
81,3,249.753,21.4247
81,7,206.528,17.2844
81,15,118.629,6.2098
81,20,341.98,26.3036
81,21,101.677,8.63718
81,23,116.789,7.73834
81,25,91.9785,7.33911
81,31,271.104,22.6248
81,32,131.793,10.5483
81,34,113.072,9.5001
81,42,270.182,21.8793
81,45,265.921,22.6189
81,51,164.915,4.96935
81,52,267.909,22.0971
81,54,214.95,18.4215
81,58,173.123,10.5818
81,60,100.652,8.6056
81,61,140.053,11.0959
81,63,223.744,19.1833
81,64,292.602,24.7118
81,68,131.082,10.5661
81,72,236.251,18.672
81,76,229.15,19.1701
81,94,136.668,11.2904
82,8,112.161,0
82,22,209.124,0
82,24,125.399,0
82,26,135.248,0
82,27,180.006,0
82,30,194.064,0
82,38,65,0
82,41,43.9318,0
82,42,168.467,0
82,43,137.201,0
82,46,125.16,0
82,53,89.8109,0
82,72,202.98,0
82,73,152.161,0
82,74,137.888,0
82,80,78.4474,0
82,84,187.723,0
82,86,95.3362,0
82,88,97.0979,0
82,90,48.2597,0
83,2,185.284,0
83,3,243.378,11.0766
83,6,107.42,8.54958
83,12,66.3509,1.86347
83,14,135.945,0
83,16,204.394,0
83,17,71,0
83,18,252.982,21.561
83,40,67.2681,0
83,44,117.239,0
83,45,218.389,9.30482
83,49,113.442,0
83,52,227.788,14.9357
83,59,87.0057,0
83,62,48.2701,0
83,63,241.793,17.1887
83,64,202.868,11.5656
83,67,215.002,0
83,77,61.131,0
83,78,41.0488,0
83,79,130.188,0
83,85,145.715,0
83,87,160.655,0
83,89,192.044,0
83,96,129.478,10.7547
83,98,105.537,0
84,7,122.788,0
84,20,132.242,0
84,22,39,0
84,26,67.6757,0
84,27,17.2627,0
84,41,185.413,0
84,42,86.122,0
84,43,76,0
84,46,99.0202,0
84,53,209.767,0
84,72,94.3027,0
84,80,157.867,0
84,82,187.723,0
84,86,123.762,0
84,88,201.246,0
84,90,139.703,0
85,2,44.0114,0
85,12,211.961,1.91399
85,14,135.978,0
85,16,95.0789,0
85,17,198.338,0
85,40,204.949,0
85,44,148.337,0
85,48,82.7647,0
85,49,34.9857,0
85,59,171.817,0
85,62,97.4526,0
85,77,121.037,0
85,78,173.234,0
85,79,86.6833,0
85,83,145.715,0
85,87,31.7648,0
85,89,191.541,0
85,98,69.7209,0
86,7,211.244,0
86,8,190.874,0
86,22,157.385,0
86,24,218.33,0
86,26,106.042,0
86,27,124.326,0
86,38,148.95,0
86,41,121.264,0
86,42,151.539,0
86,43,51.9711,0
86,46,32.5576,0
86,53,165.738,0
86,72,181.604,0
86,73,129.553,0
86,74,203.185,0
86,80,125.399,0
86,82,95.3362,0
86,84,123.762,0
86,88,77.6466,0
86,90,66.7083,0
87,2,57.2713,0
87,14,167.371,0
87,16,118.966,0
87,17,204.414,0
87,44,138.322,0
87,48,90.2718,0
87,49,48.3839,0
87,59,170.47,0
87,62,113.719,0
87,77,145.88,0
87,78,182.332,0
87,79,70.859,0
87,83,160.655,0
87,85,31.7648,0
87,98,66.0303,0
88,8,209.246,0
88,24,188.597,0
88,26,178.213,0
88,27,201.896,0
88,30,199.361,0
88,38,115.07,0
88,41,139.807,0
88,43,127.201,0
88,46,104.676,0
88,53,186.703,0
88,73,59.1692,0
88,80,164.785,0
88,82,97.0979,0
88,84,201.246,0
88,86,77.6466,0
88,90,107.187,0
88,97,194.487,0
89,2,190.937,0
89,14,62.6259,0
89,16,144,0
89,40,190.379,0
89,48,203.711,0
89,49,193.349,0
89,62,178.53,0
89,67,98.3717,0
89,77,133.154,0
89,83,192.044,0
89,85,191.541,0
89,92,65.0308,0
90,7,185.024,0
90,8,124.31,0
90,22,161.059,0
90,24,170.699,0
90,26,88.2326,0
90,27,131.746,0
90,38,113.208,0
90,41,56.4358,0
90,42,125.196,0
90,43,95.8175,0
90,46,89.2749,0
90,53,99.1413,0
90,72,159.531,0
90,73,166.355,0
90,74,137.383,0
90,80,61.0328,0
90,82,48.2597,0
90,84,139.703,0
90,86,66.7083,0
90,88,107.187,0
91,4,107.717,8.44792
91,5,184.239,13.2527
91,9,52.6693,1.16512
91,10,73.9008,2.43629
91,11,320.965,26.2643
91,13,248.29,13.6897
91,18,155,0
91,19,120.917,0
91,28,209.076,5.49454
91,33,166.811,6.19312
91,35,147.251,9.91282
91,36,129.698,1.16765
91,37,72.4017,0
91,39,113.864,0
91,56,122.231,7.22613
91,66,133.346,11.349
91,69,219.172,11.2597
91,71,126.859,0.621733
91,75,82.7345,0
91,93,28.4253,0
91,95,76.7125,6.43229
92,11,164.177,0
92,14,115.832,0
92,16,209.01,0
92,29,194.003,0
92,40,199.181,0
92,67,42.45,0
92,77,170.532,0
92,89,65.0308,0
93,4,105.043,0
93,5,220.87,16.7141
93,6,296.648,24.9602
93,9,66.9985,1.45018
93,10,88.093,0.494775
93,18,134.213,0
93,19,149.215,0
93,33,199.018,7.87212
93,35,133.425,11.4459
93,36,157.09,1.21713
93,37,44.2945,0
93,39,142.13,0
93,56,147.956,6.87104
93,66,142.034,8.50093
93,69,189.721,10.5782
93,71,98.447,0.615094
93,75,55.3624,0
93,91,28.4253,0
93,95,111.546,8.60213
94,3,266.28,22.6456
94,7,147.092,0
94,8,198.457,0
94,15,204.161,11.782
94,21,161.088,3.40298
94,23,103.198,6.55681
94,25,78.8905,3.46361
94,26,217.8,0
94,32,24.0832,0
94,34,236.912,20.2535
94,42,178.37,0
94,45,258.439,19.7408
94,52,201.191,11.3208
94,53,205.915,0
94,54,244.233,18.3175
94,58,289.094,24.303
94,60,41.5933,0
94,61,196.214,1.00601
94,63,163.466,9.98946
94,64,224.485,12.241
94,68,8.94427,0
94,69,141.209,0
94,71,208.741,0
94,72,169.517,0
94,74,159.524,0
94,76,265.602,18.6792
94,80,204.472,0
94,81,136.668,11.2904
95,1,220.599,16.404
95,4,128.967,7.3302
95,5,179.123,13.0453
95,9,108.456,6.34845
95,10,122.197,7.94635
95,11,242.255,19.8527
95,18,272.889,14.9365
95,19,102.712,2.04681
95,28,187.405,2.03495
95,29,236.172,14.5095
95,33,140.856,2.02303
95,35,79.6013,6.08033
95,36,119.246,9.15268
95,37,146.94,12.5949
95,39,95.6686,2.02709
95,55,265.438,22.771
95,56,107.597,1.46486
95,66,116.182,1.58174
95,71,198.312,15.1369
95,75,152.079,12.9613
95,91,76.7125,6.43229
95,93,111.546,8.60213
96,3,296.879,24.5787
96,6,58.8218,0
96,12,78.5875,0
96,14,260.656,17.1855
96,17,112.088,1.43498
96,18,113.962,9.10288
96,23,268.651,22.874
96,35,284.939,24.2143
96,37,211.522,9.76054
96,40,117.083,8.91813
96,44,216.2,18.0714
96,45,267.018,22.5789
96,49,233.244,11.3383
96,52,270.561,15.6357
96,59,167.689,13.7884
96,62,171.001,10.7623
96,63,234.738,16.196
96,64,249.147,17.6386
96,69,229.825,17.6401
96,71,186.306,7.13854
96,75,199.706,10.0919
96,77,190.328,14.8016
96,78,95.1571,8.044
96,79,232.244,11.513
96,83,129.478,10.7547
96,98,215.837,11.2514
97,24,212.8,0
97,30,107.703,0
97,38,189.172,0
97,57,189.003,0
97,73,161.419,0
97,88,194.487,0
98,2,113.031,0
98,3,215.002,0
98,6,210.691,11.2396
98,12,167.432,2.11645
98,14,163.417,0
98,16,161.608,0
98,17,139.445,0
98,31,212.812,0
98,40,172.456,0
98,44,79,0
98,45,194.041,0
98,48,150.867,0
98,49,39.8121,0
98,52,215.057,3.91625
98,59,104.709,0
98,62,66.4831,0
98,64,185.607,0
98,77,113.547,0
98,78,119.57,0
98,79,31.3847,0
98,83,105.537,0
98,85,69.7209,0
98,87,66.0303,0
98,96,215.837,11.2514
99,20,182.044,0
99,34,212.608,0
99,51,91.236,0
99,58,113.6,0
99,61,215.455,0
