0,21,154.208,0
0,29,136.235,0
0,32,182.132,0
0,47,285.96,0
0,75,236.449,0
1,19,118.933,3.24978
1,21,189.708,0
1,28,41.0488,0
1,29,212.793,0
1,30,373.909,31.1591
1,32,220.783,0
1,37,169.998,9.40898
1,40,431.751,33.5992
1,46,114.965,0
1,51,391.437,32.0474
1,52,110.494,0
1,55,273.529,0
1,60,261.658,0
1,62,325.004,25.8089
1,69,474.951,27.8343
1,75,186.336,0
1,77,338.899,17.8031
1,78,168.404,0
1,80,264.381,15.8389
1,81,299.952,23.4996
1,87,94.5248,5.20713
1,88,459.266,30.4522
1,89,344.732,17.3796
2,5,185.97,0
2,9,169.284,0
2,10,54.626,0
2,13,74.9667,0
2,16,60.0833,0
2,23,196.698,0
2,34,115.317,0
2,54,158.392,0
2,63,284.494,0
2,67,145.165,0
2,68,170,0
2,72,277.505,0
2,73,154.651,0
2,76,199.492,0
2,82,216.633,0
2,86,229.02,0
2,92,262.718,0
3,7,166.883,0
3,15,135.059,0
3,24,254.096,0
3,25,130.969,0
3,40,355.073,26.074
3,49,360.09,28.3571
3,50,94.3663,0
3,53,90.6697,0
3,64,168.238,0
3,70,115.039,0
3,83,141.439,0
3,85,94.4299,0
3,88,306.926,16.3285
3,97,304.905,20.6923
4,7,178.017,0
4,12,265.023,0
4,15,222.991,0
4,22,253.553,0
4,24,84.4334,0
4,27,139.778,0
4,45,112.969,0
4,48,240.252,0
4,49,288.509,14.8173
4,50,245.155,0
4,79,238.799,0
4,83,199.06,0
4,85,256.517,0
4,90,273.123,0
4,91,168.885,0
4,94,238.531,0
4,97,277.205,10.7541
5,2,185.97,0
5,6,217.249,0
5,10,134.093,0
5,13,199.462,0
5,14,125.992,0
5,16,219.693,0
5,23,141.877,0
5,26,273.341,7.14616
5,33,173.954,0
5,35,208.403,0
5,36,276.002,0
5,38,238.113,0
5,39,282.676,0
5,42,243.731,0
5,44,252.907,0
5,56,255.08,0
5,63,132.966,0
5,67,103.325,0
5,68,211.766,0
5,72,103.325,0
5,73,86.764,0
5,74,176.465,0
5,76,241.835,0
5,86,275.269,0
5,96,260.169,2.73603
6,5,217.249,0
6,11,241.878,0
6,14,268.509,0
6,18,301.89,25.8855
6,20,312.249,26.412
6,23,160.031,0
6,26,86.3471,4.7701
6,30,424.512,30.5144
6,31,222.001,6.34185
6,33,116.914,0
6,35,92.9139,0
6,38,133.793,2.24299
6,41,281.972,21.7526
6,42,41.7612,0
6,43,299.889,20.0496
6,44,182.453,0
6,55,379.557,32.5487
6,57,240.798,17.4224
6,63,85.9593,0
6,66,261.599,0
6,71,197.768,0
6,72,247.881,0
6,73,195.533,0
6,74,69.7209,0
6,84,317.984,17.2599
6,96,54.5712,2.65277
7,3,166.883,0
7,4,178.017,0
7,15,98.2904,0
7,24,97.0824,0
7,25,144.267,0
7,27,200.449,0
7,40,316.084,27.1009
7,45,273.123,0
7,49,212.451,14.4779
7,50,73.1095,0
7,51,361.093,30.6489
7,53,210.24,0
7,64,216.781,0
7,69,355.554,30.46
7,70,226.592,0
7,79,262.574,0
7,83,27.6586,0
7,85,78.721,0
7,88,342.262,28.7524
7,91,264.741,0
7,97,180.037,10.4176
8,13,238.034,0
8,16,235.053,0
8,31,288.029,2.45608
8,54,151.605,0
8,98,237.255,0
9,2,169.284,0
9,10,184.946,0
9,13,240.26,0
9,16,212.84,0
9,34,102.591,0
9,54,257.031,0
9,59,200.569,0
9,61,204.893,0
9,67,202.529,0
9,68,117.478,0
9,76,116.765,0
9,82,72.45,0
9,86,120.917,0
9,92,131.034,0
9,93,180.768,0
9,99,210.021,0
10,2,54.626,0
10,5,134.093,0
10,9,184.946,0
10,13,103.247,0
10,14,239.927,0
10,16,104.89,0
10,23,174.774,0
10,34,158.398,0
10,38,280.13,0
10,54,210.238,0
10,61,277.045,0
10,63,243.633,0
10,67,94.8103,0
10,68,147.959,0
10,72,222.991,0
10,73,120.603,0
10,76,180.624,0
10,82,215.448,0
10,86,213.677,0
10,92,252.034,0
11,6,241.878,0
11,12,246.789,0
11,14,220.989,0
11,17,280.516,0
11,18,280.455,18.5045
11,22,200.811,0
11,30,247.667,19.7684
11,33,145.499,0
11,35,149.913,0
11,39,276.268,0
11,42,301.897,9.83972
11,44,59.4643,0
11,48,252.723,0
11,58,198.157,0
11,63,226.896,0
11,65,125.16,0
11,66,49.7695,0
11,71,91.5915,0
11,72,222.428,0
11,74,186.639,0
11,77,442.343,35.2216
11,79,244.644,4.47988
11,80,321.72,26.81
11,89,434.759,34.8737
11,90,222.612,0
11,91,248.278,0
11,94,177.553,0
11,95,89.4986,0
11,96,252.152,13.7563
12,4,265.023,0
12,11,246.789,0
12,17,130.698,0
12,22,60.8276,0
12,27,234.719,0
12,39,187.385,0
12,45,152.069,0
12,48,25.02,0
12,56,257.28,0
12,58,123.065,0
12,65,243.101,0
12,66,263.154,0
12,79,263.105,0
12,90,24.1868,0
12,91,173.185,0
12,94,143.003,0
12,95,176.139,0
13,2,74.9667,0
13,5,199.462,0
13,8,238.034,0
13,9,240.26,0
13,10,103.247,0
13,16,35.3553,0
13,23,154.019,0
13,31,235.866,0
13,34,166.883,0
13,38,237.741,0
13,54,129.692,0
13,63,264.047,0
13,67,196.105,0
13,68,242.405,0
13,73,135.96,0
13,76,273.007,0
13,98,279.804,0
14,5,125.992,0
14,6,268.509,0
14,10,239.927,0
14,11,220.989,0
14,17,217.304,0
14,23,256.813,0
14,33,170.417,0
14,35,212.532,0
14,36,201.358,0
14,39,161.988,0
14,44,207.2,0
14,56,152.643,0
14,58,171.026,0
14,61,286.735,0
14,63,189.13,0
14,66,270.749,0
14,67,162.635,0
14,68,247.695,0
14,71,280.409,0
14,72,24.6982,0
14,73,210.642,0
14,74,203.73,0
14,76,266.957,0
14,90,277.849,0
14,95,263.23,0
15,3,135.059,0
15,4,222.991,0
15,7,98.2904,0
15,24,142.127,0
15,25,192.167,0
15,49,313.091,17.4987
15,50,74.108,0
15,53,213.715,0
15,64,258.768,0
15,70,143.349,0
15,83,76.5506,0
15,85,104.019,0
15,97,274.43,11.4762
16,2,60.0833,0
16,5,219.693,0
16,8,235.053,0
16,9,212.84,0
16,10,104.89,0
16,13,35.3553,0
16,23,188.51,0
16,31,268.151,0
16,34,133.207,0
16,38,272.919,0
16,54,108.046,0
16,67,199.612,0
16,68,229.456,0
16,73,165.109,0
16,76,258.118,0
16,82,268.701,0
16,86,286.447,0
17,11,280.516,0
17,12,130.698,0
17,14,217.304,0
17,22,173.994,0
17,36,198.01,0
17,39,66.7308,0
17,45,279.029,0
17,48,155.293,0
17,56,132.185,0
17,58,82.7103,0
17,72,241.646,0
17,90,133.795,0
17,94,253.559,0
17,95,246.205,0
18,6,301.89,25.8855
18,11,280.455,18.5045
18,19,237.689,0.574101
18,20,199.985,0
18,26,341.414,29.2872
18,28,281.157,0
18,30,117.305,9.99106
18,33,286.858,19.6146
18,35,279.973,24.0153
18,41,138.636,0
18,42,347.09,26.6005
18,43,171.026,0
18,44,224.635,8.58387
18,46,198.426,0
18,55,84.1546,0
18,57,157.517,7.34031
18,60,187.032,0
18,63,364.103,29.9362
18,65,342.519,28.5432
18,66,259.047,18.7867
18,71,187.059,15.2617
18,74,323.503,27.7464
18,77,420.184,18.1278
18,78,140.911,0
18,80,173.402,12.8113
18,81,224.907,5.40303
18,89,411.764,18.4556
18,96,246.759,20.4275
19,1,118.933,3.24978
19,18,237.689,0.574101
19,21,296.365,6.66068
19,28,77.8929,3.06411
19,30,322.266,27.0881
19,37,301.001,24.1865
19,41,269.068,0.99276
19,43,273.141,1.00409
19,46,107.238,0.98313
19,52,108.873,9.2092
19,55,182.318,1.01262
19,60,155.637,2.60484
19,62,417.993,35.191
19,77,310.012,26.4921
19,78,122.136,0.587081
19,80,226.929,14.9591
19,81,170.232,14.5411
19,87,216.745,12.8375
19,89,310.012,26.4921
20,6,312.249,26.412
20,18,199.985,0
20,26,257.682,21.6143
20,30,317.242,14.1936
20,31,380.672,32.4167
20,38,287.183,15.6483
20,41,65.437,0
20,42,200.34,0
20,43,50.3587,0
20,55,166.012,0
20,57,60.4152,0
20,60,179.279,0
20,81,226.164,4.33481
20,84,282.017,4.81647
20,96,237.882,12.7437
21,0,154.208,0
21,1,189.708,0
21,19,296.365,6.66068
21,28,219.823,0
21,29,24.0832,0
21,32,77.8203,0
21,37,367.564,31.3721
21,47,201.457,0
21,52,233.122,0
21,75,106.471,0
21,87,231.919,16.6283
22,4,253.553,0
22,11,200.811,0
22,12,60.8276,0
22,17,173.994,0
22,27,192.844,0
22,39,219.064,0
22,44,256.478,0
22,45,145.344,0
22,48,55.0818,0
22,58,136.092,0
22,65,182.784,0
22,66,209.862,0
22,71,284.084,0
22,79,206.465,0
22,90,43.1393,0
22,91,127.346,0
22,94,83.4865,0
22,95,121.264,0
23,2,196.698,0
23,5,141.877,0
23,6,160.031,0
23,10,174.774,0
23,13,154.019,0
23,14,256.813,0
23,16,188.51,0
23,26,172.61,6.92313
23,31,153.47,0
23,33,204.189,0
23,35,214.002,0
23,38,107.355,0
23,42,161.45,0
23,54,273.002,0
23,63,123.13,0
23,67,216.585,0
23,72,232.166,0
23,73,63.7887,0
23,74,171.269,0
23,84,244.902,0
23,96,214.594,2.9618
23,98,241.006,0
24,3,254.096,0
24,4,84.4334,0
24,7,97.0824,0
24,15,142.127,0
24,25,238.948,0
24,27,162.373,0
24,40,387.993,32.7719
24,45,191.094,0
24,49,250.378,13.672
24,50,161.059,0
24,69,377.147,31.3424
24,70,285.449,0
24,79,251.4,0
24,83,115.603,0
24,85,174.184,0
24,91,214.767,0
24,97,232.602,10.643
25,3,130.969,0
25,7,144.267,0
25,15,192.167,0
25,24,238.948,0
25,27,284.48,0
25,37,416.048,34.0204
25,40,220.942,18.9538
25,47,249.969,9.53932
25,49,236.483,20.2606
25,50,118.068,0
25,51,293.05,23.658
25,53,99.2472,0
25,62,380.417,28.5782
25,64,72.5603,0
25,69,363.611,25.4577
25,70,242.959,0
25,83,137.419,0
25,85,88.2043,0
25,88,176.407,13.8484
25,97,176.295,14.0496
26,5,273.341,7.14616
26,6,86.3471,4.7701
26,18,341.414,29.2872
26,20,257.682,21.6143
26,23,172.61,6.92313
26,31,219.201,18.2207
26,33,202.714,5.48059
26,35,179.374,5.41939
26,38,94.0079,6.62394
26,41,239.4,13.9851
26,42,45.1476,3.63092
26,43,275.093,19.5665
26,44,285.93,13.1313
26,55,362.825,29.7622
26,57,211.11,13.9112
26,63,157.249,6.71838
26,71,347.757,28.7173
26,73,225.818,6.7638
26,74,154.502,5.31313
26,84,310.408,25.614
26,96,157.367,12.58
26,98,321.214,27.2601
27,4,139.778,0
27,7,200.449,0
27,12,234.719,0
27,22,192.844,0
27,24,162.373,0
27,25,284.48,0
27,40,362.084,29.1476
27,45,131.027,0
27,48,212.116,0
27,49,199.924,15.4619
27,50,271.671,0
27,51,355.302,27.6354
27,62,422.441,29.6648
27,65,191.732,0
27,66,273.234,0
27,69,281.619,23.4223
27,77,453.012,33.0562
27,79,99.0404,0
27,83,228.107,0
27,85,267.12,0
27,88,414.674,32.6056
27,89,453.012,33.0562
27,90,229.804,0
27,91,66.1211,0
27,94,135.915,0
27,95,216.675,0
27,97,210.153,14.9446
28,1,41.0488,0
28,18,281.157,0
28,19,77.8929,3.06411
28,21,219.823,0
28,29,243.594,0
28,30,353.93,29.7168
28,32,258.089,0
28,37,236.615,19.7465
28,46,100.419,0
28,51,483.454,29.9403
28,52,80.2247,0
28,55,239.075,0
28,60,221.142,0
28,62,385.845,26.7754
28,75,226.385,0
28,77,303.381,25.0459
28,78,145.413,0
28,80,245.548,14.9535
28,81,260.994,21.9312
28,87,119.62,0
28,89,304.22,25.2134
29,0,136.235,0
29,1,212.793,0
29,21,24.0832,0
29,28,243.594,0
29,32,68.7314,0
29,37,370.38,31.5996
29,47,193.569,0
29,52,256.846,0
29,75,109.417,0
29,87,251.494,17.417
30,1,373.909,31.1591
30,6,424.512,30.5144
30,11,247.667,19.7684
30,18,117.305,9.99106
30,19,322.266,27.0881
30,20,317.242,14.1936
30,28,353.93,29.7168
30,33,293.591,18.7989
30,35,260.661,17.9423
30,37,521.198,4.82241
30,41,253.297,13.1089
30,42,484.107,27.1495
30,43,288.877,15.0327
30,44,229.481,16.8001
30,46,256.973,20.4791
30,55,181.402,12.9419
30,57,274.88,19.0765
30,60,263.379,9.60267
30,62,521.168,0
30,65,248.694,21.2284
30,66,202.385,16.5994
30,69,534.76,0
30,71,156.503,13.4059
30,74,300.168,18.7732
30,77,317.723,0
30,78,207.313,12.0098
30,79,501.776,4.93683
30,80,108.407,0
30,81,291.489,14.2526
30,89,309.974,0
30,95,251.85,7.59208
30,96,389.595,15.7396
31,6,222.001,6.34185
31,8,288.029,2.45608
31,13,235.866,0
31,16,268.151,0
31,20,380.672,32.4167
31,23,153.47,0
31,26,219.201,18.2207
31,38,80.6226,0
31,42,207.585,12.6112
31,63,234.389,0
31,73,215.021,0
31,74,261.767,0
31,84,91.444,0
31,96,315.757,25.0601
31,98,97.6166,0
32,0,182.132,0
32,1,220.783,0
32,21,77.8203,0
32,28,258.089,0
32,29,68.7314,0
32,37,337.314,28.8932
32,47,124.952,0
32,62,397.548,34.0541
32,64,315.101,16.3987
32,75,56.8507,0
32,87,241.279,18.9656
32,88,339.825,26.7677
33,5,173.954,0
33,6,116.914,0
33,11,145.499,0
33,14,170.417,0
33,18,286.858,19.6146
33,23,204.189,0
33,26,202.714,5.48059
33,30,293.591,18.7989
33,35,42.19,0
33,38,227.864,0
33,42,158.66,0
33,44,91.0934,0
33,57,402.513,34.5126
33,58,262.053,0
33,63,81.4125,0
33,65,265.979,0
33,66,180.646,0
33,67,272,0
33,71,145.248,0
33,72,155.332,0
33,73,202.988,0
33,74,48.3322,0
33,95,231.206,0
33,96,131.454,4.63461
34,2,115.317,0
34,9,102.591,0
34,10,158.398,0
34,13,166.883,0
34,16,133.207,0
34,54,155.081,0
34,67,221.678,0
34,68,182.521,0
34,73,269.898,0
34,76,197.426,0
34,82,173.367,0
34,86,213.101,0
34,92,231.199,0
34,93,276.742,0
35,5,208.403,0
35,6,92.9139,0
35,11,149.913,0
35,14,212.532,0
35,18,279.973,24.0153
35,23,214.002,0
35,26,179.374,5.41939
35,30,260.661,17.9423
35,33,42.19,0
35,38,216.836,0
35,41,377.383,32.3178
35,42,149.318,7.0241
35,44,90.5207,0
35,55,333.509,23.6747
35,57,358.058,30.1492
35,63,94.0213,0
35,65,260.417,0
35,66,174.771,0
35,71,123.179,0
35,72,197.474,0
35,73,224.571,0
35,74,42.7551,0
35,80,383.408,32.8517
35,95,239.207,0
35,96,112.127,9.34391
36,5,276.002,0
36,14,201.358,0
36,17,198.01,0
36,39,143.391,0
36,56,76.5572,0
36,58,232.476,0
36,61,140.057,0
36,67,219.92,0
36,68,208.581,0
36,72,219.228,0
36,76,200.142,0
36,82,259.615,0
36,86,202.04,0
36,92,219.064,0
37,1,169.998,9.40898
37,19,301.001,24.1865
37,21,367.564,31.3721
37,25,416.048,34.0204
37,28,236.615,19.7465
37,29,370.38,31.5996
37,30,521.198,4.82241
37,32,337.314,28.8932
37,40,256.164,0
37,46,263.385,16.2679
37,47,364.031,27.9676
37,49,378.021,0
37,51,218.33,0
37,52,309.484,21.1023
37,62,128.577,0
37,64,323.684,25.6892
37,69,268.812,0
37,75,282.013,21.9509
37,77,225.938,0
37,78,316.186,25.3756
37,79,479.878,8.94154
37,80,443.15,1.01172
37,87,147.233,1.96008
37,88,246.241,9.8378
37,89,233.803,0
37,97,401.128,0
38,5,238.113,0
38,6,133.793,2.24299
38,10,280.13,0
38,13,237.741,0
38,16,272.919,0
38,20,287.183,15.6483
38,23,107.355,0
38,26,94.0079,6.62394
38,31,80.6226,0
38,33,227.864,0
38,35,216.836,0
38,41,315.826,17.0591
38,42,116.832,6.21391
38,57,287.365,17.0069
38,63,156.978,0
38,73,170.3,0
38,74,181.29,0
38,84,220.893,18.7722
38,96,220.792,17.871
38,98,177.8,0
39,5,282.676,0
39,11,276.268,0
39,12,187.385,0
39,14,161.988,0
39,17,66.7308,0
39,22,219.064,0
39,36,143.391,0
39,48,212.398,0
39,56,70,0
39,58,91.9239,0
39,61,281.299,0
39,67,278.772,0
39,72,186.682,0
39,90,184.391,0
39,95,263.473,0
40,1,431.751,33.5992
40,3,355.073,26.074
40,7,316.084,27.1009
40,24,387.993,32.7719
40,25,220.942,18.9538
40,27,362.084,29.1476
40,37,256.164,0
40,46,481.193,23.8353
40,47,354.641,27.4812
40,49,157.099,0
40,50,340.828,29.1143
40,51,70.9366,0
40,53,305.256,22.8942
40,62,164.146,0
40,64,222.632,19.0161
40,65,541.066,13.5366
40,69,160.449,0
40,75,377.746,28.7252
40,77,361.668,0
40,79,368.579,12.2737
40,83,345.765,29.4761
40,85,305.231,26.1223
40,87,337.591,19.6155
40,88,72.2772,0
40,89,368.331,0
40,91,430.859,35.5515
40,97,156.525,0
41,6,281.972,21.7526
41,18,138.636,0
41,19,269.068,0.99276
41,20,65.437,0
41,26,239.4,13.9851
41,30,253.297,13.1089
41,35,377.383,32.3178
41,38,315.826,17.0591
41,42,244.616,16.4874
41,43,35.0143,0
41,46,282.703,0
41,55,101.518,0
41,57,29.5296,0
41,60,137.786,0
41,71,309.867,18.7632
41,74,381.691,32.6932
41,78,229.059,0
41,80,264.256,14.399
41,81,184.111,3.58751
41,96,280.899,23.5881
42,5,243.731,0
42,6,41.7612,0
42,11,301.897,9.83972
42,18,347.09,26.6005
42,20,200.34,0
42,23,161.45,0
42,26,45.1476,3.63092
42,30,484.107,27.1495
42,31,207.585,12.6112
42,33,158.66,0
42,35,149.318,7.0241
42,38,116.832,6.21391
42,41,244.616,16.4874
42,43,255.328,12.636
42,44,242.367,9.46981
42,55,333.634,26.0545
42,57,215.566,15.7444
42,63,118.849,0
42,71,279.774,19.6966
42,72,284.74,0
42,73,208.06,0
42,74,111.198,0
42,84,357.562,29.961
42,96,111.845,7.95086
42,98,368.193,31.3069
43,6,299.889,20.0496
43,18,171.026,0
43,19,273.141,1.00409
43,20,50.3587,0
43,26,275.093,19.5665
43,30,288.877,15.0327
43,41,35.0143,0
43,42,255.328,12.636
43,55,121.918,0
43,57,55.0091,0
43,60,129.988,0
43,78,248.31,0
43,80,290.844,14.6088
43,81,177.472,4.31614
43,96,294.79,24.7668
44,5,252.907,0
44,6,182.453,0
44,11,59.4643,0
44,14,207.2,0
44,18,224.635,8.58387
44,22,256.478,0
44,26,285.93,13.1313
44,30,229.481,16.8001
44,33,91.0934,0
44,35,90.5207,0
44,42,242.367,9.46981
44,58,231.089,0
44,63,171.773,0
44,65,174.977,0
44,66,89.56,0
44,71,73.2462,0
44,72,202.054,0
44,74,128.413,0
44,79,329.233,17.9159
44,80,334.612,28.681
44,90,274.175,0
44,94,237.008,0
44,95,148.923,0
44,96,194.424,12.8579
45,4,112.969,0
45,7,273.123,0
45,12,152.069,0
45,17,279.029,0
45,22,145.344,0
45,24,191.094,0
45,27,131.027,0
45,48,127.283,0
45,49,326.417,17.0952
45,58,271.33,0
45,65,259.756,0
45,79,210.829,0
45,90,160.655,0
45,91,108.019,0
45,94,154.353,0
45,95,238.537,0
46,1,114.965,0
46,18,198.426,0
46,19,107.238,0.98313
46,28,100.419,0
46,30,256.973,20.4791
46,37,263.385,16.2679
46,40,481.193,23.8353
46,41,282.703,0
46,51,428.472,21.5814
46,52,164.924,0
46,55,181.43,0
46,60,208.969,0
46,62,343.705,14.8624
46,65,472.306,32.8843
46,69,443.861,14.9268
46,71,397.427,34.0206
46,75,358.517,28.3563
46,77,203.58,12.3882
46,78,58.0775,0
46,80,148.93,12.4418
46,81,221.032,10.0838
46,87,142.215,0
46,88,512.131,24.0463
46,89,202.178,12.5657
47,0,285.96,0
47,21,201.457,0
47,25,249.969,9.53932
47,29,193.569,0
47,32,124.952,0
47,37,364.031,27.9676
47,40,354.641,27.4812
47,51,415.974,27.0257
47,53,286.349,21.9445
47,62,424.619,27.9844
47,64,179.161,8.91676
47,75,111.521,0
47,87,302.026,25.4828
47,88,277.758,23.6681
47,97,442.726,34.9254
48,4,240.252,0
48,11,252.723,0
48,12,25.02,0
48,17,155.293,0
48,22,55.0818,0
48,27,212.116,0
48,39,212.398,0
48,45,127.283,0
48,56,282.299,0
48,58,145.908,0
48,65,236.279,0
48,66,264.484,0
48,79,246.402,0
48,90,37.5366,0
48,91,152.266,0
48,94,130.599,0
48,95,176.071,0
49,3,360.09,28.3571
49,4,288.509,14.8173
49,7,212.451,14.4779
49,15,313.091,17.4987
49,24,250.378,13.672
49,25,236.483,20.2606
49,27,199.924,15.4619
49,37,378.021,0
49,40,157.099,0
49,45,326.417,17.0952
49,50,266.123,18.785
49,51,160.798,0
49,53,340.741,27.2339
49,62,255.766,0
49,64,294.545,24.9595
49,65,435.889,20.2603
49,69,144.803,0
49,77,400.525,0
49,79,236.751,14.9596
49,83,236.807,16.3415
49,85,247.28,18.7627
49,87,520.826,2.46092
49,88,214.96,0
49,89,404.935,0
49,91,266.623,20.3526
49,94,337.374,27.4694
49,97,57.5847,0
50,3,94.3663,0
50,4,245.155,0
50,7,73.1095,0
50,15,74.108,0
50,24,161.059,0
50,25,118.068,0
50,27,271.671,0
50,40,340.828,29.1143
50,49,266.123,18.785
50,51,409.498,34.3134
50,53,151.427,0
50,64,185.367,0
50,70,162.41,0
50,83,47.0744,0
50,85,30.0666,0
50,88,288.287,19.1694
50,97,217.752,11.2447
51,1,391.437,32.0474
51,7,361.093,30.6489
51,25,293.05,23.658
51,27,355.302,27.6354
51,28,483.454,29.9403
51,37,218.33,0
51,40,70.9366,0
51,46,428.472,21.5814
51,47,415.974,27.0257
51,49,160.798,0
51,50,409.498,34.3134
51,53,375.732,31.5411
51,62,104.652,0
51,64,292.26,24.5162
51,65,482.102,12.6981
51,69,101.39,0
51,75,387.439,29.939
51,77,292.8,0
51,78,481.298,27.9079
51,79,327.079,10.7828
51,80,543.662,0
51,83,375.999,32.1847
51,85,378.184,31.0509
51,87,360.061,2.4385
51,88,136.235,0
51,89,299.232,0
51,91,407.03,33.676
51,97,183.967,0
52,1,110.494,0
52,19,108.873,9.2092
52,21,233.122,0
52,28,80.2247,0
52,29,256.846,0
52,37,309.484,21.1023
52,46,164.924,0
52,55,270.749,10.1836
52,60,257.334,21.035
52,75,272.239,0
52,77,372.441,31.3232
52,78,192.575,0
52,80,296.971,15.4065
52,81,232.191,19.835
52,87,207.863,7.01545
52,89,369.456,30.7594
53,3,90.6697,0
53,7,210.24,0
53,15,213.715,0
53,25,99.2472,0
53,40,305.256,22.8942
53,47,286.349,21.9445
53,49,340.741,27.2339
53,50,151.427,0
53,51,375.732,31.5411
53,64,94.1754,0
53,70,198.295,0
53,83,191.943,0
53,85,132.612,0
53,88,247.267,12.7293
53,97,278.111,17.3626
54,2,158.392,0
54,8,151.605,0
54,9,257.031,0
54,10,210.238,0
54,13,129.692,0
54,16,108.046,0
54,23,273.002,0
54,34,155.081,0
54,73,265.113,0
55,1,273.529,0
55,6,379.557,32.5487
55,18,84.1546,0
55,19,182.318,1.01262
55,20,166.012,0
55,26,362.825,29.7622
55,28,239.075,0
55,30,181.402,12.9419
55,35,333.509,23.6747
55,41,101.518,0
55,42,333.634,26.0545
55,43,121.918,0
55,46,181.43,0
55,52,270.749,10.1836
55,57,128.279,3.40414
55,60,102.883,0
55,71,277.588,19.7463
55,77,398.275,31.7524
55,78,127.632,0
55,80,172.341,12.77
55,81,141.83,5.00041
55,89,393.997,31.4115
55,96,347.463,27.1498
56,5,255.08,0
56,12,257.28,0
56,14,152.643,0
56,17,132.185,0
56,36,76.5572,0
56,39,70,0
56,48,282.299,0
56,58,156.237,0
56,61,211.729,0
56,67,228.548,0
56,68,251.509,0
56,72,175.071,0
56,76,251.813,0
56,86,261.559,0
56,90,254.283,0
56,92,285.212,0
57,6,240.798,17.4224
57,18,157.517,7.34031
57,20,60.4152,0
57,26,211.11,13.9112
57,30,274.88,19.0765
57,33,402.513,34.5126
57,35,358.058,30.1492
57,38,287.365,17.0069
57,41,29.5296,0
57,42,215.566,15.7444
57,43,55.0091,0
57,55,128.279,3.40414
57,60,167.156,0
57,63,313.708,14.5444
57,71,356.388,30.538
57,74,326.96,26.7601
57,78,246.617,0
57,80,276.328,15.2427
57,81,213.484,3.63541
57,96,238.46,20.3351
58,11,198.157,0
58,12,123.065,0
58,14,171.026,0
58,17,82.7103,0
58,22,136.092,0
58,33,262.053,0
58,36,232.476,0
58,39,91.9239,0
58,44,231.089,0
58,45,271.33,0
58,48,145.908,0
58,56,156.237,0
58,65,257.389,0
58,66,235.17,0
58,72,192.666,0
58,90,110.68,0
58,91,261.105,0
58,94,200.96,0
58,95,172.743,0
59,9,200.569,0
59,61,195.533,0
59,68,241.149,0
59,76,211.4,0
59,82,155.657,0
59,86,179.402,0
59,92,138.975,0
59,93,20.1246,0
59,99,20.2237,0
60,1,261.658,0
60,18,187.032,0
60,19,155.637,2.60484
60,20,179.279,0
60,28,221.142,0
60,30,263.379,9.60267
60,41,137.786,0
60,43,129.988,0
60,46,208.969,0
60,52,257.334,21.035
60,55,102.883,0
60,57,167.156,0
60,78,175.377,0
60,80,253.107,14.8332
60,81,47.3075,3.2959
61,9,204.893,0
61,10,277.045,0
61,14,286.735,0
61,36,140.057,0
61,39,281.299,0
61,56,211.729,0
61,59,195.533,0
61,67,211.596,0
61,68,132.371,0
61,76,104.695,0
61,82,136.029,0
61,86,84.8764,0
61,92,84.0773,0
61,93,183.984,0
61,99,215.741,0
62,1,325.004,25.8089
62,19,417.993,35.191
62,25,380.417,28.5782
62,27,422.441,29.6648
62,28,385.845,26.7754
62,30,521.168,0
62,32,397.548,34.0541
62,37,128.577,0
62,40,164.146,0
62,46,343.705,14.8624
62,47,424.619,27.9844
62,49,255.766,0
62,51,104.652,0
62,64,356.484,29.1264
62,65,468.024,12.1352
62,69,140.456,0
62,75,340.76,28.501
62,77,205.105,0
62,78,373.88,26.6454
62,79,358.949,9.38428
62,80,455.412,0
62,87,275.81,2.01231
62,88,208.634,0
62,89,212.462,0
62,97,286.587,0
63,2,284.494,0
63,5,132.966,0
63,6,85.9593,0
63,10,243.633,0
63,11,226.896,0
63,13,264.047,0
63,14,189.13,0
63,18,364.103,29.9362
63,23,123.13,0
63,26,157.249,6.71838
63,31,234.389,0
63,33,81.4125,0
63,35,94.0213,0
63,38,156.978,0
63,42,118.849,0
63,44,171.773,0
63,57,313.708,14.5444
63,66,261.008,0
63,67,236.178,0
63,71,216.834,0
63,72,166.769,0
63,73,131.24,0
63,74,52.345,0
63,96,127.165,2.58539
64,3,168.238,0
64,7,216.781,0
64,15,258.768,0
64,25,72.5603,0
64,32,315.101,16.3987
64,37,323.684,25.6892
64,40,222.632,19.0161
64,47,179.161,8.91676
64,49,294.545,24.9595
64,50,185.367,0
64,51,292.26,24.5162
64,53,94.1754,0
64,62,356.484,29.1264
64,69,376.984,29.1336
64,70,282.889,0
64,75,292.386,19.4451
64,83,209.468,0
64,85,156.732,0
64,88,155.615,10.2742
64,97,241.66,20.5909
65,11,125.16,0
65,12,243.101,0
65,18,342.519,28.5432
65,22,182.784,0
65,27,191.732,0
65,30,248.694,21.2284
65,33,265.979,0
65,35,260.417,0
65,40,541.066,13.5366
65,44,174.977,0
65,45,259.756,0
65,46,472.306,32.8843
65,48,236.279,0
65,49,435.889,20.2603
65,51,482.102,12.6981
65,58,257.389,0
65,62,468.024,12.1352
65,66,85.9069,0
65,69,381.949,12.5917
65,71,151.321,0
65,77,350.345,14.601
65,78,444.465,30.9313
65,79,160.417,13.7522
65,80,343.705,23.4491
65,89,344.027,14.8169
65,90,222.056,0
65,91,157.991,0
65,94,112.018,0
65,95,84.8116,0
65,97,492.845,20.5552
66,6,261.599,0
66,11,49.7695,0
66,12,263.154,0
66,14,270.749,0
66,18,259.047,18.7867
66,22,209.862,0
66,27,273.234,0
66,30,202.385,16.5994
66,33,180.646,0
66,35,174.771,0
66,44,89.56,0
66,48,264.484,0
66,58,235.17,0
66,63,261.008,0
66,65,85.9069,0
66,69,463.026,32.0623
66,71,76.6942,0
66,72,271.84,0
66,74,215.557,0
66,77,392.435,26.0753
66,78,399.595,33.4867
66,79,246.503,18.2433
66,80,294.244,24.8559
66,89,384.976,25.9235
66,90,239.301,0
66,91,229.889,0
66,94,166.373,0
66,95,88.6848,0
66,96,263.844,13.8997
67,2,145.165,0
67,5,103.325,0
67,9,202.529,0
67,10,94.8103,0
67,13,196.105,0
67,14,162.635,0
67,16,199.612,0
67,23,216.585,0
67,33,272,0
67,34,221.678,0
67,36,219.92,0
67,39,278.772,0
67,56,228.548,0
67,61,211.596,0
67,63,236.178,0
67,68,108.467,0
67,72,152,0
67,73,152.801,0
67,74,279.256,0
67,76,138.708,0
67,82,199.422,0
67,86,172.467,0
67,92,214.336,0
68,2,170,0
68,5,211.766,0
68,9,117.478,0
68,10,147.959,0
68,13,242.405,0
68,14,247.695,0
68,16,229.456,0
68,34,182.521,0
68,36,208.581,0
68,56,251.509,0
68,59,241.149,0
68,61,132.371,0
68,67,108.467,0
68,72,244.534,0
68,73,249.722,0
68,76,33.2415,0
68,82,92.5743,0
68,86,67.5426,0
68,92,108.559,0
68,93,222.252,0
68,99,257.857,0
69,1,474.951,27.8343
69,7,355.554,30.46
69,24,377.147,31.3424
69,25,363.611,25.4577
69,27,281.619,23.4223
69,30,534.76,0
69,37,268.812,0
69,40,160.449,0
69,46,443.861,14.9268
69,49,144.803,0
69,51,101.39,0
69,62,140.456,0
69,64,376.984,29.1336
69,65,381.949,12.5917
69,66,463.026,32.0623
69,77,255.726,0
69,78,476.605,22.4408
69,79,229.549,9.75901
69,80,495.007,0
69,83,382.718,32.7992
69,85,410.682,33.0043
69,87,415.925,2.04848
69,88,231.948,0
69,89,260.192,0
69,91,317.005,27.1943
69,94,357.661,30.6695
69,95,448.708,34.3559
69,97,193.876,0
70,3,115.039,0
70,7,226.592,0
70,15,143.349,0
70,24,285.449,0
70,25,242.959,0
70,50,162.41,0
70,53,198.295,0
70,64,282.889,0
70,83,199.251,0
70,85,181.32,0
71,6,197.768,0
71,11,91.5915,0
71,14,280.409,0
71,18,187.059,15.2617
71,22,284.084,0
71,26,347.757,28.7173
71,30,156.503,13.4059
71,33,145.248,0
71,35,123.179,0
71,41,309.867,18.7632
71,42,279.774,19.6966
71,44,73.2462,0
71,46,397.427,34.0206
71,55,277.588,19.7463
71,57,356.388,30.538
71,63,216.834,0
71,65,151.321,0
71,66,76.6942,0
71,72,274.651,0
71,74,165.895,0
71,77,419.914,23.6875
71,78,365.203,28.4287
71,79,346.884,29.007
71,80,263.038,20.1053
71,89,411.969,23.5489
71,94,242.87,0
71,95,163.954,0
71,96,193.524,12.8416
72,2,277.505,0
72,5,103.325,0
72,6,247.881,0
72,10,222.991,0
72,11,222.428,0
72,14,24.6982,0
72,17,241.646,0
72,23,232.166,0
72,33,155.332,0
72,35,197.474,0
72,36,219.228,0
72,39,186.682,0
72,42,284.74,0
72,44,202.054,0
72,56,175.071,0
72,58,192.666,0
72,63,166.769,0
72,66,271.84,0
72,67,152,0
72,68,244.534,0
72,71,274.651,0
72,73,186.815,0
72,74,184.954,0
72,76,266.308,0
72,95,272.265,0
72,96,276.229,3.18361
73,2,154.651,0
73,5,86.764,0
73,6,195.533,0
73,10,120.603,0
73,13,135.96,0
73,14,210.642,0
73,16,165.109,0
73,23,63.7887,0
73,26,225.818,6.7638
73,31,215.021,0
73,33,202.988,0
73,34,269.898,0
73,35,224.571,0
73,38,170.3,0
73,42,208.06,0
73,54,265.113,0
73,63,131.24,0
73,67,152.801,0
73,68,249.722,0
73,72,186.815,0
73,74,183.576,0
73,76,282.708,0
73,96,247.153,2.68373
74,5,176.465,0
74,6,69.7209,0
74,11,186.639,0
74,14,203.73,0
74,18,323.503,27.7464
74,23,171.269,0
74,26,154.502,5.31313
74,30,300.168,18.7732
74,31,261.767,0
74,33,48.3322,0
74,35,42.7551,0
74,38,181.29,0
74,41,381.691,32.6932
74,42,111.198,0
74,44,128.413,0
74,57,326.96,26.7601
74,63,52.345,0
74,66,215.557,0
74,67,279.256,0
74,71,165.895,0
74,72,184.954,0
74,73,183.576,0
74,95,274.722,0
74,96,91.6788,3.0893
75,0,236.449,0
75,1,186.336,0
75,21,106.471,0
75,28,226.385,0
75,29,109.417,0
75,32,56.8507,0
75,37,282.013,21.9509
75,40,377.746,28.7252
75,46,358.517,28.3563
75,47,111.521,0
75,51,387.439,29.939
75,52,272.239,0
75,62,340.76,28.501
75,64,292.386,19.4451
75,87,195.504,16.7626
75,88,297.567,25.4785
76,2,199.492,0
76,5,241.835,0
76,9,116.765,0
76,10,180.624,0
76,13,273.007,0
76,14,266.957,0
76,16,258.118,0
76,34,197.426,0
76,36,200.142,0
76,56,251.813,0
76,59,211.4,0
76,61,104.695,0
76,67,138.708,0
76,68,33.2415,0
76,72,266.308,0
76,73,282.708,0
76,82,71.7008,0
76,86,34.4819,0
76,92,76.0263,0
76,93,193.041,0
76,99,228.825,0
77,1,338.899,17.8031
77,11,442.343,35.2216
77,18,420.184,18.1278
77,19,310.012,26.4921
77,27,453.012,33.0562
77,28,303.381,25.0459
77,30,317.723,0
77,37,225.938,0
77,40,361.668,0
77,46,203.58,12.3882
77,49,400.525,0
77,51,292.8,0
77,52,372.441,31.3232
77,55,398.275,31.7524
77,62,205.105,0
77,65,350.345,14.601
77,66,392.435,26.0753
77,69,255.726,0
77,71,419.914,23.6875
77,78,223.612,16.6082
77,79,354.572,9.03543
77,80,251.436,0
77,87,262.162,18.8755
77,88,413.226,0
77,89,8,0
77,94,467.396,33.1333
77,95,431.114,34.2361
77,97,448.018,0
78,1,168.404,0
78,18,140.911,0
78,19,122.136,0.587081
78,28,145.413,0
78,30,207.313,12.0098
78,37,316.186,25.3756
78,41,229.059,0
78,43,248.31,0
78,46,58.0775,0
78,51,481.298,27.9079
78,52,192.575,0
78,55,127.632,0
78,57,246.617,0
78,60,175.377,0
78,62,373.88,26.6454
78,65,444.465,30.9313
78,66,399.595,33.4867
78,69,476.605,22.4408
78,71,365.203,28.4287
78,77,223.612,16.6082
78,80,105.686,8.55844
78,81,194.397,8.63986
78,87,199.97,0
78,89,221.716,16.2592
79,4,238.799,0
79,7,262.574,0
79,11,244.644,4.47988
79,12,263.105,0
79,22,206.465,0
79,24,251.4,0
79,27,99.0404,0
79,30,501.776,4.93683
79,37,479.878,8.94154
79,40,368.579,12.2737
79,44,329.233,17.9159
79,45,210.829,0
79,48,246.402,0
79,49,236.751,14.9596
79,51,327.079,10.7828
79,62,358.949,9.38428
79,65,160.417,13.7522
79,66,246.503,18.2433
79,69,229.549,9.75901
79,71,346.884,29.007
79,77,354.572,9.03543
79,80,514.63,5.02162
79,88,437.997,13.2671
79,89,354.449,8.6081
79,90,249.425,0
79,91,106.042,0
79,94,124.555,0
79,95,170.144,0
79,97,285.253,16.8614
80,1,264.381,15.8389
80,11,321.72,26.81
80,18,173.402,12.8113
80,19,226.929,14.9591
80,28,245.548,14.9535
80,30,108.407,0
80,35,383.408,32.8517
80,37,443.15,1.01172
80,41,264.256,14.399
80,43,290.844,14.6088
80,44,334.612,28.681
80,46,148.93,12.4418
80,51,543.662,0
80,52,296.971,15.4065
80,55,172.341,12.77
80,57,276.328,15.2427
80,60,253.107,14.8332
80,62,455.412,0
80,65,343.705,23.4491
80,66,294.244,24.8559
80,69,495.007,0
80,71,263.038,20.1053
80,77,251.436,0
80,78,105.686,8.55844
80,79,514.63,5.02162
80,81,279.024,20.0458
80,87,382.621,28.8362
80,89,244.663,0
80,95,395.43,33.8177
80,96,444.013,26.4294
81,1,299.952,23.4996
81,18,224.907,5.40303
81,19,170.232,14.5411
81,20,226.164,4.33481
81,28,260.994,21.9312
81,30,291.489,14.2526
81,41,184.111,3.58751
81,43,177.472,4.31614
81,46,221.032,10.0838
81,52,232.191,19.835
81,55,141.83,5.00041
81,57,213.484,3.63541
81,60,47.3075,3.2959
81,78,194.397,8.63986
81,80,279.024,20.0458
82,2,216.633,0
82,9,72.45,0
82,10,215.448,0
82,16,268.701,0
82,34,173.367,0
82,36,259.615,0
82,59,155.657,0
82,61,136.029,0
82,67,199.422,0
82,68,92.5743,0
82,76,71.7008,0
82,86,57.5847,0
82,92,58.5918,0
82,93,135.801,0
82,99,170.294,0
83,3,141.439,0
83,4,199.06,0
83,7,27.6586,0
83,15,76.5506,0
83,24,115.603,0
83,25,137.419,0
83,27,228.107,0
83,40,345.765,29.4761
83,49,236.807,16.3415
83,50,47.0744,0
83,51,375.999,32.1847
83,53,191.943,0
83,64,209.468,0
83,69,382.718,32.7992
83,70,199.251,0
83,85,59.4643,0
83,88,332.806,28.5018
83,97,197.696,10.789
84,6,317.984,17.2599
84,20,282.017,4.81647
84,23,244.902,0
84,26,310.408,25.614
84,31,91.444,0
84,38,220.893,18.7722
84,42,357.562,29.961
84,98,52.8867,0
85,3,94.4299,0
85,4,256.517,0
85,7,78.721,0
85,15,104.019,0
85,24,174.184,0
85,25,88.2043,0
85,27,267.12,0
85,40,305.231,26.1223
85,49,247.28,18.7627
85,50,30.0666,0
85,51,378.184,31.0509
85,53,132.612,0
85,64,156.732,0
85,69,410.682,33.0043
85,70,181.32,0
85,83,59.4643,0
85,88,257.062,17.8215
85,97,210.272,15.475
86,2,229.02,0
86,5,275.269,0
86,9,120.917,0
86,10,213.677,0
86,16,286.447,0
86,34,213.101,0
86,36,202.04,0
86,56,261.559,0
86,59,179.402,0
86,61,84.8764,0
86,67,172.467,0
86,68,67.5426,0
86,76,34.4819,0
86,82,57.5847,0
86,92,41.8688,0
86,93,161.697,0
86,99,197.474,0
87,1,94.5248,5.20713
87,19,216.745,12.8375
87,21,231.919,16.6283
87,28,119.62,0
87,29,251.494,17.417
87,32,241.279,18.9656
87,37,147.233,1.96008
87,40,337.591,19.6155
87,46,142.215,0
87,47,302.026,25.4828
87,49,520.826,2.46092
87,51,360.061,2.4385
87,52,207.863,7.01545
87,62,275.81,2.01231
87,69,415.925,2.04848
87,75,195.504,16.7626
87,77,262.162,18.8755
87,78,199.97,0
87,80,382.621,28.8362
87,88,373.824,6.29533
87,89,266.859,19.3341
87,97,508.086,15.6203
88,1,459.266,30.4522
88,3,306.926,16.3285
88,7,342.262,28.7524
88,25,176.407,13.8484
88,27,414.674,32.6056
88,32,339.825,26.7677
88,37,246.241,9.8378
88,40,72.2772,0
88,46,512.131,24.0463
88,47,277.758,23.6681
88,49,214.96,0
88,50,288.287,19.1694
88,51,136.235,0
88,53,247.267,12.7293
88,62,208.634,0
88,64,155.615,10.2742
88,69,231.948,0
88,75,297.567,25.4785
88,77,413.226,0
88,79,437.997,13.2671
88,83,332.806,28.5018
88,85,257.062,17.8215
88,87,373.824,6.29533
88,89,420.405,0
88,97,197.96,0
89,1,344.732,17.3796
89,11,434.759,34.8737
89,18,411.764,18.4556
89,19,310.012,26.4921
89,27,453.012,33.0562
89,28,304.22,25.2134
89,30,309.974,0
89,37,233.803,0
89,40,368.331,0
89,46,202.178,12.5657
89,49,404.935,0
89,51,299.232,0
89,52,369.456,30.7594
89,55,393.997,31.4115
89,62,212.462,0
89,65,344.027,14.8169
89,66,384.976,25.9235
89,69,260.192,0
89,71,411.969,23.5489
89,77,8,0
89,78,221.716,16.2592
89,79,354.449,8.6081
89,80,244.663,0
89,87,266.859,19.3341
89,88,420.405,0
89,94,462.089,33.2121
89,95,425.557,33.9394
89,97,452.919,0
90,4,273.123,0
90,11,222.612,0
90,12,24.1868,0
90,14,277.849,0
90,17,133.795,0
90,22,43.1393,0
90,27,229.804,0
90,39,184.391,0
90,44,274.175,0
90,45,160.655,0
90,48,37.5366,0
90,56,254.283,0
90,58,110.68,0
90,65,222.056,0
90,66,239.301,0
90,79,249.425,0
90,91,165.849,0
90,94,126.59,0
90,95,152.742,0
91,4,168.885,0
91,7,264.741,0
91,11,248.278,0
91,12,173.185,0
91,22,127.346,0
91,24,214.767,0
91,27,66.1211,0
91,40,430.859,35.5515
91,45,108.019,0
91,48,152.266,0
91,49,266.623,20.3526
91,51,407.03,33.676
91,58,261.105,0
91,65,157.991,0
91,66,229.889,0
91,69,317.005,27.1943
91,79,106.042,0
91,90,165.849,0
91,94,74.2496,0
91,95,160.897,0
91,97,278.354,19.1221
92,2,262.718,0
92,9,131.034,0
92,10,252.034,0
92,34,231.199,0
92,36,219.064,0
92,56,285.212,0
92,59,138.975,0
92,61,84.0773,0
92,67,214.336,0
92,68,108.559,0
92,76,76.0263,0
92,82,58.5918,0
92,86,41.8688,0
92,93,122.119,0
92,99,157.648,0
93,9,180.768,0
93,34,276.742,0
93,59,20.1246,0
93,61,183.984,0
93,68,222.252,0
93,76,193.041,0
93,82,135.801,0
93,86,161.697,0
93,92,122.119,0
93,99,35.805,0
94,4,238.531,0
94,11,177.553,0
94,12,143.003,0
94,17,253.559,0
94,22,83.4865,0
94,27,135.915,0
94,44,237.008,0
94,45,154.353,0
94,48,130.599,0
94,49,337.374,27.4694
94,58,200.96,0
94,65,112.018,0
94,66,166.373,0
94,69,357.661,30.6695
94,71,242.87,0
94,77,467.396,33.1333
94,79,124.555,0
94,89,462.089,33.2121
94,90,126.59,0
94,91,74.2496,0
94,95,88.459,0
94,97,355.558,27.4033
95,11,89.4986,0
95,12,176.139,0
95,14,263.23,0
95,17,246.205,0
95,22,121.264,0
95,27,216.675,0
95,30,251.85,7.59208
95,33,231.206,0
95,35,239.207,0
95,39,263.473,0
95,44,148.923,0
95,45,238.537,0
95,48,176.071,0
95,58,172.743,0
95,65,84.8116,0
95,66,88.6848,0
95,69,448.708,34.3559
95,71,163.954,0
95,72,272.265,0
95,74,274.722,0
95,77,431.114,34.2361
95,79,170.144,0
95,80,395.43,33.8177
95,89,425.557,33.9394
95,90,152.742,0
95,91,160.897,0
95,94,88.459,0
96,5,260.169,2.73603
96,6,54.5712,2.65277
96,11,252.152,13.7563
96,18,246.759,20.4275
96,20,237.882,12.7437
96,23,214.594,2.9618
96,26,157.367,12.58
96,30,389.595,15.7396
96,31,315.757,25.0601
96,33,131.454,4.63461
96,35,112.127,9.34391
96,38,220.792,17.871
96,41,280.899,23.5881
96,42,111.845,7.95086
96,43,294.79,24.7668
96,44,194.424,12.8579
96,55,347.463,27.1498
96,57,238.46,20.3351
96,63,127.165,2.58539
96,66,263.844,13.8997
96,71,193.524,12.8416
96,72,276.229,3.18361
96,73,247.153,2.68373
96,74,91.6788,3.0893
96,80,444.013,26.4294
97,3,304.905,20.6923
97,4,277.205,10.7541
97,7,180.037,10.4176
97,15,274.43,11.4762
97,24,232.602,10.643
97,25,176.295,14.0496
97,27,210.153,14.9446
97,37,401.128,0
97,40,156.525,0
97,47,442.726,34.9254
97,49,57.5847,0
97,50,217.752,11.2447
97,51,183.967,0
97,53,278.111,17.3626
97,62,286.587,0
97,64,241.66,20.5909
97,65,492.845,20.5552
97,69,193.876,0
97,77,448.018,0
97,79,285.253,16.8614
97,83,197.696,10.789
97,85,210.272,15.475
97,87,508.086,15.6203
97,88,197.96,0
97,89,452.919,0
97,91,278.354,19.1221
97,94,355.558,27.4033
98,8,237.255,0
98,13,279.804,0
98,23,241.006,0
98,26,321.214,27.2601
98,31,97.6166,0
98,38,177.8,0
98,42,368.193,31.3069
98,84,52.8867,0
99,9,210.021,0
99,59,20.2237,0
99,61,215.741,0
99,68,257.857,0
99,76,228.825,0
99,82,170.294,0
99,86,197.474,0
99,92,157.648,0
99,93,35.805,0
