0,2,185.043,0
0,5,161.276,0
0,6,68.884,0
0,14,190.413,0
0,30,34.7851,0
0,36,113.217,0
0,45,145.582,0
0,52,129.958,0
0,74,200.125,0
0,93,167.475,0
1,3,402.088,10.1606
1,12,216.125,15.7294
1,13,237.266,10.0711
1,15,225.338,12.27
1,18,314.992,0
1,20,119.99,10.0814
1,21,195.816,0
1,27,248.234,21.0151
1,28,341.18,0
1,33,243.466,13.4643
1,34,60.4649,0
1,35,106.508,0
1,40,182.428,0
1,44,142.321,11.0614
1,46,274.882,0
1,66,402.631,0
1,68,285.302,3.01089
1,69,150.053,0
1,70,192.01,0
1,72,190.527,12.5739
1,76,226.237,12.0296
1,78,117.588,6.99929
1,79,175.454,15.0285
1,81,174.402,0
1,84,168.291,11.1672
1,91,177.555,12.2264
1,94,292.341,7.05673
2,0,185.043,0
2,5,126.779,0
2,6,137.928,0
2,14,162.388,0
2,19,152.315,0
2,30,152.161,0
2,36,125.431,0
2,52,116.043,0
2,60,177.792,0
2,64,193.838,0
2,74,159.176,0
2,80,114.237,0
2,88,70.8378,0
2,89,186.682,0
2,93,118.596,0
3,1,402.088,10.1606
3,13,170.296,1.21588
3,24,173.551,11.4214
3,28,89.1964,0
3,34,367.837,0
3,35,291.619,11.2046
3,38,173.291,12.3499
3,40,393.08,0
3,47,146.002,12.4856
3,48,103.247,0
3,53,210.038,17.4462
3,66,32.249,0
3,68,320.288,26.5144
3,69,307.04,7.16816
3,70,416.159,0
3,73,90.1388,4.2494
3,75,231.959,16.2993
3,79,324.621,17.3108
3,82,71.263,1.63644
3,83,261.417,21.2845
3,85,95.6195,8.20233
3,96,196.639,16.4414
3,98,214.454,14.9054
4,5,96.0469,0
4,6,174.04,0
4,14,56.0357,0
4,17,146.414,0
4,19,120.308,0
4,22,102.927,0
4,29,65.192,0
4,30,212.078,0
4,36,133.645,0
4,39,174.428,0
4,45,118.512,0
4,52,124.788,0
4,62,151.954,0
4,64,53.9351,0
4,71,203.855,0
4,74,56.0446,0
4,77,207.548,0
4,80,134.417,0
4,87,191.442,0
4,89,213.785,0
4,90,77.6209,0
4,93,99.985,0
4,97,173.954,0
5,0,161.276,0
5,2,126.779,0
5,4,96.0469,0
5,6,92.6553,0
5,14,40.0125,0
5,19,111.79,0
5,22,191.971,0
5,29,154.353,0
5,30,130.599,0
5,36,48.0833,0
5,39,210.205,0
5,45,109.417,0
5,52,32.7567,0
5,64,99.4786,0
5,74,43.6807,0
5,80,95.0842,0
5,88,159,0
5,89,200.691,0
5,90,139.786,0
5,93,11.4018,0
6,0,68.884,0
6,2,137.928,0
6,4,174.04,0
6,5,92.6553,0
6,14,124.169,0
6,19,199.72,0
6,30,38.5876,0
6,36,44.5982,0
6,45,108.632,0
6,52,61.0737,0
6,64,190.801,0
6,74,132.88,0
6,80,174.132,0
6,88,199.725,0
6,90,183.535,0
6,93,98.5951,0
7,18,130.071,6.28104
7,21,180.537,15.4642
7,23,86.9748,1.58623
7,34,324.48,24.8697
7,40,180.938,15.4582
7,41,104.513,3.72163
7,46,99.4135,4.49574
7,57,51.1077,0
7,68,84.119,0
7,70,159.633,13.0472
7,81,168.341,13.889
7,94,78.7909,0
7,99,109.444,0
8,10,148.476,0
8,15,120.739,0
8,20,186.815,0
8,32,63.8905,0
8,33,126.194,0
8,37,207.234,0
8,39,181.177,0
8,42,166.508,0
8,43,171.114,0.695492
8,44,165.705,0
8,54,186.454,0
8,59,99.6243,0
8,62,181.108,0
8,65,148,0
8,71,130.188,0
8,72,171.327,0
8,76,80.1124,0
8,77,125.706,0
8,84,144.25,0
8,86,129.769,0
8,91,145.99,0
8,95,140.057,0
9,10,114.856,0
9,13,252.273,20.3047
9,15,139.187,0
9,37,75.6637,0
9,48,240.695,16.8558
9,51,178.16,0
9,55,40.0125,0
9,65,167.932,0
9,69,197.298,9.18665
9,72,111.759,0
9,76,187.417,0
9,79,120.354,0
9,83,87.9204,0
9,84,158.534,0
10,8,148.476,0
10,9,114.856,0
10,15,62.1691,0
10,32,211.804,0
10,37,59.1354,0
10,39,181.135,0
10,44,207.068,0
10,55,84.5044,0
10,59,103.247,0
10,60,194.558,0
10,65,67.6831,0
10,69,226.018,6.9958
10,71,199.85,0
10,72,92.6607,0
10,76,100.245,0
10,77,191.846,0
10,79,156.208,0
10,83,200.883,0
10,84,116.039,0
10,89,184.491,0
10,91,213.883,0
11,25,38.3275,0
11,47,136.561,0
11,48,313.726,23.0863
11,53,69.0652,0
11,56,72.5672,0
11,67,134.406,0
11,73,187.107,0
11,75,95.6922,0
11,82,208.319,0
11,83,210.737,0
11,96,85.44,0
11,98,131.503,0
12,1,216.125,15.7294
12,18,273.327,3.39986
12,20,84.0119,0
12,21,248.651,5.1792
12,27,35.2278,0
12,33,126.147,0
12,34,283.429,14.9938
12,35,323.423,18.2902
12,40,356.406,3.83442
12,42,208.626,0
12,44,87.7268,0
12,46,317.603,3.35514
12,54,132.503,0
12,69,280.154,24.0101
12,70,347.36,3.71428
12,76,204.832,0
12,78,73.3204,2.449
12,81,299.632,3.62417
12,84,183.439,0
12,91,89.8721,0
12,95,197.124,0
13,1,237.266,10.0711
13,3,170.296,1.21588
13,9,252.273,20.3047
13,20,304.426,25.6777
13,21,361.167,13.7424
13,24,300.171,25.6233
13,28,106.785,1.44075
13,34,183.019,10.2
13,35,129.561,8.8839
13,40,254.607,12.0029
13,47,305.016,19.1244
13,48,186.211,0.525986
13,66,155.847,1.61074
13,68,299.262,19.3262
13,69,132.436,6.81782
13,70,278.61,12.242
13,72,242.244,20.5151
13,73,257.615,5.68491
13,78,342.771,19.3358
13,79,171.066,13.1301
13,81,304.436,12.971
13,82,240.192,3.49145
13,83,227.208,19.3131
13,84,261.256,21.9081
13,85,211.151,13.2496
13,94,298.894,21.3855
14,0,190.413,0
14,2,162.388,0
14,4,56.0357,0
14,5,40.0125,0
14,6,124.169,0
14,17,202.418,0
14,19,105.005,0
14,22,153.942,0
14,29,115.802,0
14,30,162.754,0
14,36,81.0247,0
14,39,190.066,0
14,45,103.175,0
14,52,69.857,0
14,62,185.284,0
14,64,68.6804,0
14,74,13.1529,0
14,80,102.528,0
14,88,184.043,0
14,89,200.489,0
14,90,108.19,0
14,93,44.643,0
15,1,225.338,12.27
15,8,120.739,0
15,9,139.187,0
15,10,62.1691,0
15,20,153.942,0
15,32,177.73,0
15,33,183.448,0
15,34,261.382,19.0118
15,35,259.579,19.423
15,37,112.285,0
15,44,144.9,0
15,55,123.976,0
15,59,124.31,0
15,65,117.004,0
15,69,185.552,6.89198
15,71,212.144,0
15,72,55.109,0
15,76,48.3322,0
15,77,204.793,0
15,78,190.906,0
15,79,125.028,0
15,83,212.84,0
15,84,57.0088,0
15,91,152.83,0
16,17,236.825,19.4769
16,26,279.295,23.5694
16,31,296.499,25.1746
16,32,257.334,21.868
16,42,279.768,23.4358
16,43,150.479,0
16,49,82.8734,0
16,50,200.343,15.882
16,58,253.685,20.2079
16,61,216.938,11.4615
16,63,283.867,24.0748
16,71,253.936,20.3772
16,77,261.066,20.7827
16,86,193.371,7.32466
16,87,242.008,20.7525
16,92,200.286,5.37563
16,95,278.847,23.8119
16,97,201.688,17.1633
17,4,146.414,0
17,14,202.418,0
17,16,236.825,19.4769
17,22,73.6003,0
17,26,142.411,0
17,29,101.966,0
17,31,204.071,0
17,49,316.293,26.4913
17,50,75.1066,0
17,58,149.054,0
17,61,185.691,0
17,62,157.877,0
17,63,126.811,0
17,64,168.618,0
17,71,182.822,0
17,74,201.683,0
17,77,190.434,0
17,86,195.778,0
17,87,50.8035,0
17,90,141.322,0
17,92,164.027,0
17,97,45.2217,0
18,1,314.992,0
18,7,130.071,6.28104
18,12,273.327,3.39986
18,20,318.009,19.9653
18,21,125.936,0
18,23,204.603,10.9083
18,27,305.006,4.24212
18,34,330.339,0
18,35,380.867,0
18,40,242.033,0
18,41,231.957,15.0639
18,44,330.623,24.3239
18,46,94.3398,0
18,57,180.847,7.13236
18,68,185.127,15.3739
18,70,218.888,0
18,78,281.256,6.44076
18,81,182.176,0
18,94,182.393,15.5934
19,2,152.315,0
19,4,120.308,0
19,5,111.79,0
19,6,199.72,0
19,14,105.005,0
19,29,131.469,0
19,36,157.064,0
19,39,106.212,0
19,45,208.118,0
19,52,139.291,0
19,59,197.841,0
19,60,123.976,0
19,62,134.164,0
19,64,70.2922,0
19,65,195.387,0
19,71,180.014,0
19,74,92.0054,0
19,77,178.846,0
19,80,38.0789,0
19,88,128.787,0
19,89,96.1769,0
19,90,196.848,0
19,93,102.883,0
20,1,119.99,10.0814
20,8,186.815,0
20,12,84.0119,0
20,13,304.426,25.6777
20,15,153.942,0
20,18,318.009,19.9653
20,21,243.928,16.8974
20,27,112.219,0
20,32,199.304,0
20,33,122.984,0
20,34,176.418,14.8264
20,35,203.868,16.989
20,40,292.178,18.1506
20,44,23.1948,0
20,46,326.138,19.1132
20,54,167.765,0
20,69,163.677,11.7456
20,70,295.177,17.9935
20,72,141.891,0
20,76,135.418,0
20,78,40.7063,0
20,79,147.709,0
20,81,260.619,17.0545
20,84,101.134,0
20,91,57.3847,0
20,95,204.832,0
21,1,195.816,0
21,7,180.537,15.4642
21,12,248.651,5.1792
21,13,361.167,13.7424
21,18,125.936,0
21,20,243.928,16.8974
21,23,223.432,18.9674
21,27,304.54,5.51165
21,34,204.978,0
21,35,254.951,0
21,40,131.727,0
21,41,256.617,21.9809
21,44,263.872,20.7983
21,46,84.3801,0
21,57,217.465,17.3913
21,68,175.927,3.50578
21,69,332.175,0
21,70,112.801,0
21,78,203.147,5.55091
21,81,65.2993,0
21,91,288.233,24.2485
21,94,177.607,7.7453
22,4,102.927,0
22,5,191.971,0
22,14,153.942,0
22,17,73.6003,0
22,26,178.539,0
22,29,95.5196,0
22,45,155.939,0
22,50,139.843,0
22,58,195.74,0
22,62,186.269,0
22,63,159.11,0
22,64,145.165,0
22,74,157.42,0
22,87,100.975,0
22,90,69.9214,0
22,93,198.386,0
22,97,117.414,0
23,7,86.9748,1.58623
23,18,204.603,10.9083
23,21,223.432,18.9674
23,24,273.57,21.2033
23,28,319.196,22.5476
23,34,324.754,22.8031
23,35,347.708,20.8259
23,40,177.787,15.2325
23,41,31.305,0
23,46,156.271,8.17655
23,57,53.8518,1.43266
23,66,353.925,22.8996
23,68,83.0295,3.5746
23,70,176.203,15.1134
23,81,213.513,18.012
23,85,259.655,21.6795
23,94,75.1335,3.52866
23,99,135.384,1.70418
24,3,173.551,11.4214
24,13,300.171,25.6233
24,23,273.57,21.2033
24,28,191.037,14.2838
24,38,93.1343,0
24,41,248.603,20.3209
24,47,173.807,0
24,48,267.768,22.9074
24,66,159.507,8.72117
24,68,266.62,20.4749
24,73,140.246,0
24,82,125.718,0
24,85,83.2166,0
24,94,274.265,22.5964
24,98,192.398,0
25,11,38.3275,0
25,47,141.662,0
25,48,302,20.0552
25,53,71.2811,0
25,56,108.116,0
25,67,167.887,0
25,73,225.085,15.2515
25,75,124.064,0
25,82,248.741,16.5333
25,83,178.227,0
25,96,94.3663,0
25,98,157.003,0
26,16,279.295,23.5694
26,17,142.411,0
26,22,178.539,0
26,31,65.5134,0
26,49,287.602,24.2791
26,50,89.4427,0
26,58,31.1448,0
26,61,97.591,0
26,63,20,0
26,87,91.6079,0
26,92,94.6678,0
26,97,150.207,0
27,1,248.234,21.0151
27,12,35.2278,0
27,18,305.006,4.24212
27,20,112.219,0
27,21,304.54,5.51165
27,33,117.72,0
27,34,325.553,22.2656
27,42,186.043,0
27,44,110.168,0
27,46,362.036,4.83255
27,54,106.677,0
27,70,403.858,6.49887
27,78,102.46,0
27,81,351.711,7.79177
27,84,206.981,0
27,91,101.074,0
27,95,178.362,0
28,1,341.18,0
28,3,89.1964,0
28,13,106.785,1.44075
28,23,319.196,22.5476
28,24,191.037,14.2838
28,34,282.708,0
28,35,236.212,0
28,38,216.521,16.2391
28,40,304.821,0
28,41,328.644,21.7179
28,47,234.194,17.413
28,48,162.086,0
28,53,341.374,21.0849
28,66,62.1289,0
28,68,284.796,19.2953
28,69,222.538,12.1674
28,70,328.146,0
28,73,176.375,5.36962
28,79,286.919,14.59
28,81,367.2,0
28,82,151.06,2.31916
28,83,280.77,22.7143
28,85,107.098,8.72943
28,94,256.324,21.7625
28,96,286.025,23.8773
29,4,65.192,0
29,5,154.353,0
29,14,115.802,0
29,17,101.966,0
29,19,131.469,0
29,22,95.5196,0
29,36,196.42,0
29,39,139.445,0
29,45,179.402,0
29,50,173.367,0
29,52,185.586,0
29,62,98.4886,0
29,64,67.4463,0
29,71,146.414,0
29,74,110.82,0
29,77,151.347,0
29,80,159.931,0
29,87,152.315,0
29,89,208.6,0
29,90,115.434,0
29,93,155.425,0
29,97,117.346,0
30,0,34.7851,0
30,2,152.161,0
30,4,212.078,0
30,5,130.599,0
30,6,38.5876,0
30,14,162.754,0
30,36,82.801,0
30,45,135.484,0
30,52,98.3514,0
30,74,171.406,0
30,80,207.019,0
30,93,135.772,0
31,16,296.499,25.1746
31,17,204.071,0
31,26,65.5134,0
31,49,262.348,22.1118
31,50,140.186,0
31,58,56.7274,0
31,61,82.2192,0
31,63,85.1587,0
31,87,153.844,0
31,92,96.1769,0
31,97,204.044,0
32,8,63.8905,0
32,10,211.804,0
32,15,177.73,0
32,16,257.334,21.868
32,20,199.304,0
32,33,99.2824,0
32,42,105.171,0
32,43,118.487,0.569543
32,44,176.182,0
32,49,306.675,26.1453
32,54,142.004,0
32,59,156.387,0
32,62,205.373,0
32,65,209.862,0
32,71,152.502,0
32,76,131.529,0
32,77,151.208,0
32,84,187.771,0
32,86,99.2472,0
32,91,146.414,0
32,95,80.4114,0
33,1,243.466,13.4643
33,8,126.194,0
33,12,126.147,0
33,15,183.448,0
33,20,122.984,0
33,27,117.72,0
33,32,99.2824,0
33,42,103.005,0
33,43,193.518,0.992183
33,44,101.356,0
33,54,69.0652,0
33,72,207.793,0
33,76,138.033,0
33,78,150.373,0
33,84,161.966,0
33,86,194.795,0
33,91,65.8635,0
33,95,81.8596,0
34,1,60.4649,0
34,3,367.837,0
34,7,324.48,24.8697
34,12,283.429,14.9938
34,13,183.019,10.2
34,15,261.382,19.0118
34,18,330.339,0
34,20,176.418,14.8264
34,21,204.978,0
34,23,324.754,22.8031
34,27,325.553,22.2656
34,28,282.708,0
34,35,54.9181,0
34,40,150.333,0
34,41,363.365,20.4576
34,44,197.827,16.9595
34,46,273.905,0
34,48,369.23,12.2908
34,66,344.523,0
34,68,250.649,3.72582
34,69,127.953,0
34,70,166.193,0
34,72,222.104,18.2549
34,78,177.951,7.62701
34,79,191.25,14.4727
34,81,164.754,0
34,84,206.605,16.8889
34,85,367.417,10.2192
34,91,233.69,19.3802
34,94,257.731,7.40313
35,1,106.508,0
35,3,291.619,11.2046
35,12,323.423,18.2902
35,13,129.561,8.8839
35,15,259.579,19.423
35,18,380.867,0
35,20,203.868,16.989
35,21,254.951,0
35,23,347.708,20.8259
35,28,236.212,0
35,34,54.9181,0
35,40,178.751,0
35,41,376.83,19.0101
35,44,220.248,18.8815
35,46,318.308,0
35,48,317.045,11.335
35,66,297.106,0
35,68,271.182,4.2094
35,69,89.1067,0
35,70,198.806,0
35,72,213.77,17.8142
35,73,380.092,15.9177
35,78,220.571,9.06593
35,79,163.817,12.5557
35,81,208,0
35,82,373.305,7.9745
35,83,314.387,26.2823
35,84,207.367,17.0999
35,85,328.463,10.7648
35,91,257.22,21.4667
35,94,271.251,10.0391
36,0,113.217,0
36,2,125.431,0
36,4,133.645,0
36,5,48.0833,0
36,6,44.5982,0
36,14,81.0247,0
36,19,157.064,0
36,29,196.42,0
36,30,82.801,0
36,45,97.591,0
36,52,18.0278,0
36,64,146.479,0
36,74,88.8369,0
36,80,134.48,0
36,88,176.241,0
36,90,156.32,0
36,93,54.6443,0
37,8,207.234,0
37,9,75.6637,0
37,10,59.1354,0
37,15,112.285,0
37,39,205.915,0
37,51,182.718,0
37,55,36.1386,0
37,59,148.529,0
37,60,174.642,0
37,65,94.3716,0
37,72,118.512,0
37,76,156.461,0
37,79,163.218,0
37,83,162.742,0
37,84,156.263,0
37,89,177.2,0
38,3,173.291,12.3499
38,24,93.1343,0
38,28,216.521,16.2391
38,47,108.688,0
38,48,225.56,18.6492
38,53,170.294,0
38,56,175.328,0
38,66,178.074,12.5654
38,67,138.091,0
38,73,105.171,0
38,75,136.165,0
38,82,105.513,0
38,85,116.846,0
38,96,145.911,0
38,98,100.881,0
39,4,174.428,0
39,5,210.205,0
39,8,181.177,0
39,10,181.135,0
39,14,190.066,0
39,19,106.212,0
39,29,139.445,0
39,37,205.915,0
39,59,96.1769,0
39,60,143.279,0
39,62,63.1269,0
39,64,125.228,0
39,65,115.278,0
39,71,85.0529,0
39,74,177.589,0
39,77,81.0987,0
39,80,141.834,0
39,86,194.023,0
39,88,211.747,0
39,89,103.446,0
39,93,203.342,0
39,97,204.365,0
40,1,182.428,0
40,3,393.08,0
40,7,180.938,15.4582
40,12,356.406,3.83442
40,13,254.607,12.0029
40,18,242.033,0
40,20,292.178,18.1506
40,21,131.727,0
40,23,177.787,15.2325
40,28,304.821,0
40,34,150.333,0
40,35,178.751,0
40,41,219.675,17.2638
40,44,316.336,22.9834
40,46,158.114,0
40,57,200.425,16.6047
40,66,362.833,0
40,68,102.044,3.2435
40,69,267.589,0
40,70,24.0832,0
40,78,263.34,5.97717
40,79,341.155,16.8369
40,81,66.5733,0
40,85,277.064,22.5663
40,94,109.928,5.96941
41,7,104.513,3.72163
41,18,231.957,15.0639
41,21,256.617,21.9809
41,23,31.305,0
41,24,248.603,20.3209
41,28,328.644,21.7179
41,34,363.365,20.4576
41,35,376.83,19.0101
41,40,219.675,17.2638
41,46,187.556,13.3887
41,57,61.2342,1.86679
41,66,357.456,22.0487
41,68,117.597,9.64444
41,70,216.006,17.1731
41,81,249.431,19.4789
41,85,256.383,21.1803
41,94,107.982,8.90819
41,99,134.88,1.60376
42,8,166.508,0
42,12,208.626,0
42,16,279.768,23.4358
42,27,186.043,0
42,32,105.171,0
42,33,103.005,0
42,43,121.055,1.59044
42,44,204.13,0
42,49,279,23.5714
42,54,80.399,0
42,86,153.522,0
42,91,168.63,0
42,95,27.5136,0
43,8,171.114,0.695492
43,16,150.479,0
43,32,118.487,0.569543
43,33,193.518,0.992183
43,42,121.055,1.59044
43,49,187.297,0
43,50,310.297,23.0053
43,54,199.006,1.53793
43,61,360.631,14.3486
43,62,241.252,11.9334
43,71,175.026,0.4972
43,77,179.282,0.497975
43,86,66.0703,0.492832
43,92,350.59,5.64167
43,95,120.902,0.998613
43,97,255.837,21.9428
44,1,142.321,11.0614
44,8,165.705,0
44,10,207.068,0
44,12,87.7268,0
44,15,144.9,0
44,18,330.623,24.3239
44,20,23.1948,0
44,21,263.872,20.7983
44,27,110.168,0
44,32,176.182,0
44,33,101.356,0
44,34,197.827,16.9595
44,35,220.248,18.8815
44,40,316.336,22.9834
44,42,204.13,0
44,46,345.773,23.9986
44,54,150.801,0
44,69,178.523,11.3643
44,70,318.037,23.0333
44,72,141.354,0
44,76,120.216,0
44,78,61.131,0
44,79,157.848,0
44,81,282.614,21.5695
44,84,96.8814,0
44,91,35.5106,0
44,95,183.003,0
45,0,145.582,0
45,4,118.512,0
45,5,109.417,0
45,6,108.632,0
45,14,103.175,0
45,19,208.118,0
45,22,155.939,0
45,29,179.402,0
45,30,135.484,0
45,36,97.591,0
45,52,106.832,0
45,64,162.542,0
45,74,116.276,0
45,80,201.249,0
45,90,86.0233,0
45,93,120.806,0
46,1,274.882,0
46,7,99.4135,4.49574
46,12,317.603,3.35514
46,18,94.3398,0
46,20,326.138,19.1132
46,21,84.3801,0
46,23,156.271,8.17655
46,27,362.036,4.83255
46,34,273.905,0
46,35,318.308,0
46,40,158.114,0
46,41,187.556,13.3887
46,44,345.773,23.9986
46,57,143.496,5.05914
46,68,95.3963,7.21044
46,69,401.662,0
46,70,134.06,0
46,78,285.368,5.88117
46,81,110.309,0
46,94,96.7286,6.6404
46,99,208.316,4.91068
47,3,146.002,12.4856
47,11,136.561,0
47,13,305.016,19.1244
47,24,173.807,0
47,25,141.662,0
47,28,234.194,17.413
47,38,108.688,0
47,48,127.993,10.9085
47,53,70.6612,0
47,56,122.413,0
47,66,172.137,14.4646
47,67,130.115,0
47,73,53.4603,0
47,75,89.5545,0
47,82,74.108,0
47,83,260.844,22.3519
47,85,135.484,0
47,96,51.1957,0
47,98,83.006,0
48,3,103.247,0
48,9,240.695,16.8558
48,11,313.726,23.0863
48,13,186.211,0.525986
48,24,267.768,22.9074
48,25,302,20.0552
48,28,162.086,0
48,34,369.23,12.2908
48,35,317.045,11.335
48,38,225.56,18.6492
48,47,127.993,10.9085
48,53,233.628,9.48865
48,56,275.717,23.0087
48,66,130,0
48,69,320.412,0
48,73,119.506,4.58866
48,75,237.167,19.5687
48,79,270.74,19.641
48,82,135.173,1.92761
48,83,169.36,14.48
48,85,197.398,13.2595
48,96,197.102,15.2337
48,98,210.218,13.7752
49,16,82.8734,0
49,17,316.293,26.4913
49,26,287.602,24.2791
49,31,262.348,22.1118
49,32,306.675,26.1453
49,42,279,23.5714
49,43,187.297,0
49,50,250.08,17.2694
49,58,257.528,20.4702
49,61,178.113,13.5622
49,63,298.959,25.305
49,86,257.5,9.44196
49,87,291.556,24.2963
49,92,191.839,5.43825
49,95,299.55,24.9625
49,97,266.937,21.5308
50,16,200.343,15.882
50,17,75.1066,0
50,22,139.843,0
50,26,89.4427,0
50,29,173.367,0
50,31,140.186,0
50,43,310.297,23.0053
50,49,250.08,17.2694
50,58,83.4865,0
50,61,110.653,0
50,62,205.066,0
50,63,82.4621,0
50,71,212.85,0
50,86,194.011,4.72854
50,87,42.8019,0
50,90,209.764,0
50,92,89.0056,0
50,97,63.8905,0
51,9,178.16,0
51,37,182.718,0
51,55,172.29,0
51,60,200.883,0
51,83,194.558,0
52,0,129.958,0
52,2,116.043,0
52,4,124.788,0
52,5,32.7567,0
52,6,61.0737,0
52,14,69.857,0
52,19,139.291,0
52,29,185.586,0
52,30,98.3514,0
52,36,18.0278,0
52,45,106.832,0
52,64,132.231,0
52,74,75.7694,0
52,80,116.482,0
52,88,161.988,0
52,90,156.387,0
52,93,37.5366,0
53,3,210.038,17.4462
53,11,69.0652,0
53,25,71.2811,0
53,28,341.374,21.0849
53,38,170.294,0
53,47,70.6612,0
53,48,233.628,9.48865
53,56,86.8332,0
53,66,242.004,20.713
53,67,128.098,0
53,73,118.663,0
53,75,77.4661,0
53,82,139.832,0
53,83,244.368,20.9633
53,85,203.747,0
53,96,24.6982,0
53,98,99.985,0
54,8,186.454,0
54,12,132.503,0
54,20,167.765,0
54,27,106.677,0
54,32,142.004,0
54,33,69.0652,0
54,42,80.399,0
54,43,199.006,1.53793
54,44,150.801,0
54,76,207.087,0
54,78,182.28,0
54,91,118.338,0
54,95,78.721,0
55,9,40.0125,0
55,10,84.5044,0
55,15,123.976,0
55,37,36.1386,0
55,51,172.29,0
55,59,181.959,0
55,60,202.233,0
55,65,130,0
55,69,219.847,8.32755
55,72,113.265,0
55,76,171.563,0
55,79,142.948,0
55,83,126.606,0
55,84,157.035,0
55,89,209.06,0
56,11,72.5672,0
56,25,108.116,0
56,38,175.328,0
56,47,122.413,0
56,48,275.717,23.0087
56,53,86.8332,0
56,67,62.6498,0
56,73,175.354,0
56,75,39.8121,0
56,82,195.144,0
56,96,81.8413,0
56,98,74.7329,0
57,7,51.1077,0
57,18,180.847,7.13236
57,21,217.465,17.3913
57,23,53.8518,1.43266
57,40,200.425,16.6047
57,41,61.2342,1.86679
57,46,143.496,5.05914
57,68,96.7471,0
57,70,188.583,15.2057
57,81,201.554,15.7474
57,94,88.8369,0
57,99,86.3134,0
58,16,253.685,20.2079
58,17,149.054,0
58,22,195.74,0
58,26,31.1448,0
58,31,56.7274,0
58,49,257.528,20.4702
58,50,83.4865,0
58,61,66.5282,0
58,63,47.0106,0
58,87,99.93,0
58,92,64.405,0
58,97,147.323,0
59,8,99.6243,0
59,10,103.247,0
59,15,124.31,0
59,19,197.841,0
59,32,156.387,0
59,37,148.529,0
59,39,96.1769,0
59,55,181.959,0
59,60,183.763,0
59,62,126.036,0
59,65,60.9016,0
59,71,96.6644,0
59,72,177.138,0
59,76,120.221,0
59,77,88.6397,0
59,84,176.162,0
59,86,173.046,0
59,89,154.146,0
60,2,177.792,0
60,10,194.558,0
60,19,123.976,0
60,37,174.642,0
60,39,143.279,0
60,51,200.883,0
60,55,202.233,0
60,59,183.763,0
60,62,203.494,0
60,64,192.627,0
60,65,143.59,0
60,74,211.492,0
60,80,122.801,0
60,88,110.454,0
60,89,40.2492,0
60,93,206.119,0
61,16,216.938,11.4615
61,17,185.691,0
61,26,97.591,0
61,31,82.2192,0
61,43,360.631,14.3486
61,49,178.113,13.5622
61,50,110.653,0
61,58,66.5282,0
61,63,112.801,0
61,87,144.679,0
61,92,24.6982,0
61,97,167.601,0
62,4,151.954,0
62,8,181.108,0
62,14,185.284,0
62,17,157.877,0
62,19,134.164,0
62,22,186.269,0
62,29,98.4886,0
62,32,205.373,0
62,39,63.1269,0
62,43,241.252,11.9334
62,50,205.066,0
62,59,126.036,0
62,60,203.494,0
62,64,116.846,0
62,65,165.747,0
62,71,53.0377,0
62,74,174.977,0
62,77,55.8032,0
62,80,172.192,0
62,86,150.864,0
62,87,204.167,0
62,89,163.248,0
62,90,213.74,0
62,93,211.341,0
62,97,141.598,0
63,16,283.867,24.0748
63,17,126.811,0
63,22,159.11,0
63,26,20,0
63,31,85.1587,0
63,49,298.959,25.305
63,50,82.4621,0
63,58,47.0106,0
63,61,112.801,0
63,87,76.3675,0
63,92,106.405,0
63,97,139.291,0
64,2,193.838,0
64,4,53.9351,0
64,5,99.4786,0
64,6,190.801,0
64,14,68.6804,0
64,17,168.618,0
64,19,70.2922,0
64,22,145.165,0
64,29,67.4463,0
64,36,146.479,0
64,39,125.228,0
64,45,162.542,0
64,52,132.231,0
64,60,192.627,0
64,62,116.846,0
64,71,169.8,0
64,74,58.1378,0
64,77,171.84,0
64,80,93.5361,0
64,88,190.066,0
64,89,160.627,0
64,90,131.469,0
64,93,97.17,0
64,97,183.992,0
65,8,148,0
65,9,167.932,0
65,10,67.6831,0
65,15,117.004,0
65,19,195.387,0
65,32,209.862,0
65,37,94.3716,0
65,39,115.278,0
65,55,130,0
65,59,60.9016,0
65,60,143.59,0
65,62,165.747,0
65,71,150.243,0
65,72,158.773,0
65,76,136.213,0
65,77,142.274,0
65,84,174.011,0
65,89,124.523,0
66,1,402.631,0
66,3,32.249,0
66,13,155.847,1.61074
66,23,353.925,22.8996
66,24,159.507,8.72117
66,28,62.1289,0
66,34,344.523,0
66,35,297.106,0
66,38,178.074,12.5654
66,40,362.833,0
66,41,357.456,22.0487
66,47,172.137,14.4646
66,48,130,0
66,53,242.004,20.713
66,68,288.184,24.4237
66,69,283.722,10.6039
66,70,385.71,0
66,73,115.067,4.88422
66,75,256.994,19.5965
66,79,323.413,16.4497
66,81,426.427,0
66,82,88.939,2.2664
66,83,278.609,22.415
66,85,78.4874,6.64345
66,94,281.805,24.1726
66,96,225.072,19.2393
66,98,234.67,17.3902
67,11,134.406,0
67,25,167.887,0
67,38,138.091,0
67,47,130.115,0
67,53,128.098,0
67,56,62.6498,0
67,73,175.317,0
67,75,50.6952,0
67,82,191.4,0
67,96,111.79,0
67,98,49.3964,0
68,1,285.302,3.01089
68,3,320.288,26.5144
68,7,84.119,0
68,13,299.262,19.3262
68,18,185.127,15.3739
68,21,175.927,3.50578
68,23,83.0295,3.5746
68,24,266.62,20.4749
68,28,284.796,19.2953
68,34,250.649,3.72582
68,35,271.182,4.2094
68,40,102.044,3.2435
68,41,117.597,9.64444
68,46,95.3963,7.21044
68,57,96.7471,0
68,66,288.184,24.4237
68,69,358.541,4.9372
68,70,95.1956,2.67358
68,78,355.127,8.53781
68,81,131.878,3.16599
68,85,179.011,0
68,94,8.24621,0
68,99,181.025,0
69,1,150.053,0
69,3,307.04,7.16816
69,9,197.298,9.18665
69,10,226.018,6.9958
69,12,280.154,24.0101
69,13,132.436,6.81782
69,15,185.552,6.89198
69,20,163.677,11.7456
69,21,332.175,0
69,28,222.538,12.1674
69,34,127.953,0
69,35,89.1067,0
69,40,267.589,0
69,44,178.523,11.3643
69,46,401.662,0
69,48,320.412,0
69,55,219.847,8.32755
69,66,283.722,10.6039
69,68,358.541,4.9372
69,70,287.068,0
69,72,135.246,6.78494
69,73,409.53,4.37906
69,76,206.384,7.37219
69,78,205.852,16.3214
69,79,75.9133,6.04979
69,81,291.979,0
69,82,377.074,9.29078
69,83,219.311,16.7475
69,84,140.767,7.00593
69,85,329.952,20.6224
69,91,210.061,10.709
69,94,359.409,10.6774
70,1,192.01,0
70,3,416.159,0
70,7,159.633,13.0472
70,12,347.36,3.71428
70,13,278.61,12.242
70,18,218.888,0
70,20,295.177,17.9935
70,21,112.801,0
70,23,176.203,15.1134
70,27,403.858,6.49887
70,28,328.146,0
70,34,166.193,0
70,35,198.806,0
70,40,24.0832,0
70,41,216.006,17.1731
70,44,318.037,23.0333
70,46,134.06,0
70,57,188.583,15.2057
70,66,385.71,0
70,68,95.1956,2.67358
70,69,287.068,0
70,78,262.172,5.90964
70,79,357.436,17.7646
70,81,49.679,0
70,85,285.764,23.861
70,94,103.505,5.3887
71,4,203.855,0
71,8,130.188,0
71,10,199.85,0
71,15,212.144,0
71,16,253.936,20.3772
71,17,182.822,0
71,19,180.014,0
71,29,146.414,0
71,32,152.502,0
71,39,85.0529,0
71,43,175.026,0.4972
71,50,212.85,0
71,59,96.6644,0
71,62,53.0377,0
71,64,169.8,0
71,65,150.243,0
71,76,192.263,0
71,77,8.06226,0
71,86,109,0
71,89,186.936,0
71,97,154.315,0
72,1,190.527,12.5739
72,8,171.327,0
72,9,111.759,0
72,10,92.6607,0
72,13,242.244,20.5151
72,15,55.109,0
72,20,141.891,0
72,33,207.793,0
72,34,222.104,18.2549
72,35,213.77,17.8142
72,37,118.512,0
72,44,141.354,0
72,55,113.265,0
72,59,177.138,0
72,65,158.773,0
72,69,135.246,6.78494
72,76,92.2009,0
72,78,171.493,0
72,79,70.1783,0
72,83,169.753,0
72,84,46.8722,0
72,91,161.245,0
73,3,90.1388,4.2494
73,11,187.107,0
73,13,257.615,5.68491
73,24,140.246,0
73,25,225.085,15.2515
73,28,176.375,5.36962
73,35,380.092,15.9177
73,38,105.171,0
73,47,53.4603,0
73,48,119.506,4.58866
73,53,118.663,0
73,56,175.354,0
73,66,115.067,4.88422
73,67,175.317,0
73,69,409.53,4.37906
73,75,140.577,0
73,82,21.2132,0
73,83,280.106,22.7873
73,85,85.3815,0
73,96,103.078,0
73,98,126.016,0
74,0,200.125,0
74,2,159.176,0
74,4,56.0446,0
74,5,43.6807,0
74,6,132.88,0
74,14,13.1529,0
74,17,201.683,0
74,19,92.0054,0
74,22,157.42,0
74,29,110.82,0
74,30,171.406,0
74,36,88.8369,0
74,39,177.589,0
74,45,116.276,0
74,52,75.7694,0
74,60,211.492,0
74,62,174.977,0
74,64,58.1378,0
74,80,91.2853,0
74,88,176.082,0
74,89,187.683,0
74,90,116.516,0
74,93,45.0111,0
75,3,231.959,16.2993
75,11,95.6922,0
75,25,124.064,0
75,38,136.165,0
75,47,89.5545,0
75,48,237.167,19.5687
75,53,77.4661,0
75,56,39.8121,0
75,66,256.994,19.5965
75,67,50.6952,0
75,73,140.577,0
75,82,159.399,0
75,85,213.354,0
75,96,61.7171,0
75,98,37.0135,0
76,1,226.237,12.0296
76,8,80.1124,0
76,9,187.417,0
76,10,100.245,0
76,12,204.832,0
76,15,48.3322,0
76,20,135.418,0
76,32,131.529,0
76,33,138.033,0
76,37,156.461,0
76,44,120.216,0
76,54,207.087,0
76,55,171.563,0
76,59,120.221,0
76,65,136.213,0
76,69,206.384,7.37219
76,71,192.263,0
76,72,92.2009,0
76,77,185.828,0
76,78,175.65,0
76,79,156,0
76,84,65.6201,0
76,86,209.881,0
76,91,118.072,0
76,95,189.362,0
77,4,207.548,0
77,8,125.706,0
77,10,191.846,0
77,15,204.793,0
77,16,261.066,20.7827
77,17,190.434,0
77,19,178.846,0
77,29,151.347,0
77,32,151.208,0
77,39,81.0987,0
77,43,179.282,0.497975
77,59,88.6397,0
77,62,55.8032,0
77,64,171.84,0
77,65,142.274,0
77,71,8.06226,0
77,76,185.828,0
77,86,113.217,0
77,89,181.868,0
77,97,162.308,0
78,1,117.588,6.99929
78,12,73.3204,2.449
78,13,342.771,19.3358
78,15,190.906,0
78,18,281.256,6.44076
78,20,40.7063,0
78,21,203.147,5.55091
78,27,102.46,0
78,33,150.373,0
78,34,177.951,7.62701
78,35,220.571,9.06593
78,40,263.34,5.97717
78,44,61.131,0
78,46,285.368,5.88117
78,54,182.28,0
78,68,355.127,8.53781
78,69,205.852,16.3214
78,70,262.172,5.90964
78,72,171.493,0
78,76,175.65,0
78,79,162.003,0
78,81,223.072,5.78577
78,84,135.665,0
78,91,89.0505,0
78,94,362.043,11.9912
79,1,175.454,15.0285
79,3,324.621,17.3108
79,9,120.354,0
79,10,156.208,0
79,13,171.066,13.1301
79,15,125.028,0
79,20,147.709,0
79,28,286.919,14.59
79,34,191.25,14.4727
79,35,163.817,12.5557
79,37,163.218,0
79,40,341.155,16.8369
79,44,157.848,0
79,48,270.74,19.641
79,55,142.948,0
79,66,323.413,16.4497
79,69,75.9133,6.04979
79,70,357.436,17.7646
79,72,70.1783,0
79,76,156,0
79,78,162.003,0
79,81,354.283,18.8862
79,83,137.481,0
79,84,94.0319,0
79,91,187.949,0
80,2,114.237,0
80,4,134.417,0
80,5,95.0842,0
80,6,174.132,0
80,14,102.528,0
80,19,38.0789,0
80,29,159.931,0
80,30,207.019,0
80,36,134.48,0
80,39,141.834,0
80,45,201.249,0
80,52,116.482,0
80,60,122.801,0
80,62,172.192,0
80,64,93.5361,0
80,74,91.2853,0
80,88,96.6644,0
80,89,106.301,0
80,90,206.09,0
80,93,84.2912,0
81,1,174.402,0
81,7,168.341,13.889
81,12,299.632,3.62417
81,13,304.436,12.971
81,18,182.176,0
81,20,260.619,17.0545
81,21,65.2993,0
81,23,213.513,18.012
81,27,351.711,7.79177
81,28,367.2,0
81,34,164.754,0
81,35,208,0
81,40,66.5733,0
81,41,249.431,19.4789
81,44,282.614,21.5695
81,46,110.309,0
81,57,201.554,15.7474
81,66,426.427,0
81,68,131.878,3.16599
81,69,291.979,0
81,70,49.679,0
81,78,223.072,5.78577
81,79,354.283,18.8862
81,91,313,25.8599
81,94,139.421,6.05727
82,3,71.263,1.63644
82,11,208.319,0
82,13,240.192,3.49145
82,24,125.718,0
82,25,248.741,16.5333
82,28,151.06,2.31916
82,35,373.305,7.9745
82,38,105.513,0
82,47,74.108,0
82,48,135.173,1.92761
82,53,139.832,0
82,56,195.144,0
82,66,88.939,2.2664
82,67,191.4,0
82,69,377.074,9.29078
82,73,21.2132,0
82,75,159.399,0
82,83,305.909,22.9798
82,85,64.622,0
82,96,124.197,0
82,98,142.021,0
83,3,261.417,21.2845
83,9,87.9204,0
83,10,200.883,0
83,11,210.737,0
83,13,227.208,19.3131
83,15,212.84,0
83,25,178.227,0
83,28,280.77,22.7143
83,35,314.387,26.2823
83,37,162.742,0
83,47,260.844,22.3519
83,48,169.36,14.48
83,51,194.558,0
83,53,244.368,20.9633
83,55,126.606,0
83,66,278.609,22.415
83,69,219.311,16.7475
83,72,169.753,0
83,73,280.106,22.7873
83,79,137.481,0
83,82,305.909,22.9798
83,84,213.591,0
83,96,260.287,22.2921
84,1,168.291,11.1672
84,8,144.25,0
84,9,158.534,0
84,10,116.039,0
84,12,183.439,0
84,13,261.256,21.9081
84,15,57.0088,0
84,20,101.134,0
84,27,206.981,0
84,32,187.771,0
84,33,161.966,0
84,34,206.605,16.8889
84,35,207.367,17.0999
84,37,156.263,0
84,44,96.8814,0
84,55,157.035,0
84,59,176.162,0
84,65,174.011,0
84,69,140.767,7.00593
84,72,46.8722,0
84,76,65.6201,0
84,78,135.665,0
84,79,94.0319,0
84,83,213.591,0
84,91,114.529,0
85,3,95.6195,8.20233
85,13,211.151,13.2496
85,23,259.655,21.6795
85,24,83.2166,0
85,28,107.098,8.72943
85,34,367.417,10.2192
85,35,328.463,10.7648
85,38,116.846,0
85,40,277.064,22.5663
85,41,256.383,21.1803
85,47,135.484,0
85,48,197.398,13.2595
85,53,203.747,0
85,66,78.4874,6.64345
85,68,179.011,0
85,69,329.952,20.6224
85,70,285.764,23.861
85,73,85.3815,0
85,75,213.354,0
85,82,64.622,0
85,94,179.078,0
85,96,186.593,0
85,98,188.939,0
86,8,129.769,0
86,16,193.371,7.32466
86,17,195.778,0
86,32,99.2472,0
86,33,194.795,0
86,39,194.023,0
86,42,153.522,0
86,43,66.0703,0.492832
86,49,257.5,9.44196
86,50,194.011,4.72854
86,59,173.046,0
86,62,150.864,0
86,71,109,0
86,76,209.881,0
86,77,113.217,0
86,87,213.063,0
86,92,354.322,19.0654
86,95,142.801,0
86,97,151.822,0
87,4,191.442,0
87,16,242.008,20.7525
87,17,50.8035,0
87,22,100.975,0
87,26,91.6079,0
87,29,152.315,0
87,31,153.844,0
87,49,291.556,24.2963
87,50,42.8019,0
87,58,99.93,0
87,61,144.679,0
87,62,204.167,0
87,63,76.3675,0
87,86,213.063,0
87,90,170.426,0
87,92,125.929,0
87,97,68.6586,0
88,2,70.8378,0
88,5,159,0
88,6,199.725,0
88,14,184.043,0
88,19,128.787,0
88,36,176.241,0
88,39,211.747,0
88,52,161.988,0
88,60,110.454,0
88,64,190.066,0
88,74,176.082,0
88,80,96.6644,0
88,89,127.264,0
88,93,148.111,0
89,2,186.682,0
89,4,213.785,0
89,5,200.691,0
89,10,184.491,0
89,14,200.489,0
89,19,96.1769,0
89,29,208.6,0
89,37,177.2,0
89,39,103.446,0
89,55,209.06,0
89,59,154.146,0
89,60,40.2492,0
89,62,163.248,0
89,64,160.627,0
89,65,124.523,0
89,71,186.936,0
89,74,187.683,0
89,77,181.868,0
89,80,106.301,0
89,88,127.264,0
89,93,190.224,0
90,4,77.6209,0
90,5,139.786,0
90,6,183.535,0
90,14,108.19,0
90,17,141.322,0
90,19,196.848,0
90,22,69.9214,0
90,29,115.434,0
90,36,156.32,0
90,45,86.0233,0
90,50,209.764,0
90,52,156.387,0
90,62,213.74,0
90,64,131.469,0
90,74,116.516,0
90,80,206.09,0
90,87,170.426,0
90,93,148.6,0
90,97,182.497,0
91,1,177.555,12.2264
91,8,145.99,0
91,10,213.883,0
91,12,89.8721,0
91,15,152.83,0
91,20,57.3847,0
91,21,288.233,24.2485
91,27,101.074,0
91,32,146.414,0
91,33,65.8635,0
91,34,233.69,19.3802
91,35,257.22,21.4667
91,42,168.63,0
91,44,35.5106,0
91,54,118.338,0
91,69,210.061,10.709
91,72,161.245,0
91,76,118.072,0
91,78,89.0505,0
91,79,187.949,0
91,81,313,25.8599
91,84,114.529,0
91,95,147.597,0
92,16,200.286,5.37563
92,17,164.027,0
92,26,94.6678,0
92,31,96.1769,0
92,43,350.59,5.64167
92,49,191.839,5.43825
92,50,89.0056,0
92,58,64.405,0
92,61,24.6982,0
92,63,106.405,0
92,86,354.322,19.0654
92,87,125.929,0
92,97,143.68,0
93,0,167.475,0
93,2,118.596,0
93,4,99.985,0
93,5,11.4018,0
93,6,98.5951,0
93,14,44.643,0
93,19,102.883,0
93,22,198.386,0
93,29,155.425,0
93,30,135.772,0
93,36,54.6443,0
93,39,203.342,0
93,45,120.806,0
93,52,37.5366,0
93,60,206.119,0
93,62,211.341,0
93,64,97.17,0
93,74,45.0111,0
93,80,84.2912,0
93,88,148.111,0
93,89,190.224,0
93,90,148.6,0
94,1,292.341,7.05673
94,7,78.7909,0
94,13,298.894,21.3855
94,18,182.393,15.5934
94,21,177.607,7.7453
94,23,75.1335,3.52866
94,24,274.265,22.5964
94,28,256.324,21.7625
94,34,257.731,7.40313
94,35,271.251,10.0391
94,40,109.928,5.96941
94,41,107.982,8.90819
94,46,96.7286,6.6404
94,57,88.8369,0
94,66,281.805,24.1726
94,68,8.24621,0
94,69,359.409,10.6774
94,70,103.505,5.3887
94,78,362.043,11.9912
94,81,139.421,6.05727
94,85,179.078,0
94,99,173.511,0
95,8,140.057,0
95,12,197.124,0
95,16,278.847,23.8119
95,20,204.832,0
95,27,178.362,0
95,32,80.4114,0
95,33,81.8596,0
95,42,27.5136,0
95,43,120.902,0.998613
95,44,183.003,0
95,49,299.55,24.9625
95,54,78.721,0
95,76,189.362,0
95,86,142.801,0
95,91,147.597,0
96,3,196.639,16.4414
96,11,85.44,0
96,25,94.3663,0
96,28,286.025,23.8773
96,38,145.911,0
96,47,51.1957,0
96,48,197.102,15.2337
96,53,24.6982,0
96,56,81.8413,0
96,66,225.072,19.2393
96,67,111.79,0
96,73,103.078,0
96,75,61.7171,0
96,82,124.197,0
96,83,260.287,22.2921
96,85,186.593,0
96,98,78.0064,0
97,4,173.954,0
97,16,201.688,17.1633
97,17,45.2217,0
97,22,117.414,0
97,26,150.207,0
97,29,117.346,0
97,31,204.044,0
97,39,204.365,0
97,43,255.837,21.9428
97,49,266.937,21.5308
97,50,63.8905,0
97,58,147.323,0
97,61,167.601,0
97,62,141.598,0
97,63,139.291,0
97,64,183.992,0
97,71,154.315,0
97,77,162.308,0
97,86,151.822,0
97,87,68.6586,0
97,90,182.497,0
97,92,143.68,0
98,3,214.454,14.9054
98,11,131.503,0
98,24,192.398,0
98,25,157.003,0
98,38,100.881,0
98,47,83.006,0
98,48,210.218,13.7752
98,53,99.985,0
98,56,74.7329,0
98,66,234.67,17.3902
98,67,49.3964,0
98,73,126.016,0
98,75,37.0135,0
98,82,142.021,0
98,85,188.939,0
98,96,78.0064,0
99,7,109.444,0
99,23,135.384,1.70418
99,41,134.88,1.60376
99,46,208.316,4.91068
99,57,86.3134,0
99,68,181.025,0
99,94,173.511,0
