0,3,103.407,0
0,9,136.938,0
0,37,158.398,0
0,74,247.946,0
1,10,270.814,12.3768
1,14,225.993,9.24517
1,15,260.215,13.4438
1,16,307.75,8.04575
1,19,134.464,10.1541
1,22,409.28,0.600107
1,24,474.236,0
1,26,220.571,15.2268
1,31,150.611,9.47902
1,34,87.7268,0
1,36,283.384,16.4546
1,40,121.47,7.76043
1,43,411.864,5.35493
1,44,220.498,5.26741
1,45,424.616,22.0528
1,48,300.273,2.61394
1,49,273.302,8.37396
1,50,373.277,0
1,52,286.595,7.58527
1,54,272.394,8.46
1,55,264.764,0
1,61,183.543,10.6902
1,67,307.795,21.2894
1,69,382.934,32.3138
1,72,113.638,7.62256
1,78,461.903,12.1331
1,79,252.642,0
1,85,323.004,23.3671
1,97,162.004,7.87519
2,4,148.711,3.04398
2,5,219.695,0
2,11,252.822,13.544
2,21,22.3607,0
2,30,30.1496,0
2,33,143.178,0
2,42,217.706,0
2,57,94.0479,0
2,62,223.862,0
2,68,148.718,0
2,73,226.241,0
2,83,102.469,0.533573
2,84,233.646,3.42946
2,89,110.44,0
2,90,208.387,0
2,95,162.856,0
3,0,103.407,0
3,4,246.29,8.72361
3,9,34.0147,0
3,37,149.054,0
3,74,239.754,0
3,83,311.661,22.1166
4,2,148.711,3.04398
4,3,246.29,8.72361
4,9,230.149,12.0245
4,11,203.3,5.34276
4,21,151.951,8.27218
4,28,311.521,21.215
4,29,287.966,24.5681
4,30,184.579,6.63909
4,37,258.036,8.32616
4,42,159.399,0
4,51,304.481,22.0734
4,57,102.792,8.75686
4,62,277.686,10.9234
4,63,170.226,10.2298
4,83,56.6927,4.83176
4,84,241.53,15.7753
4,89,246.219,9.32649
4,95,151.985,10.2458
5,2,219.695,0
5,6,235.281,0
5,20,124.451,0
5,21,232.125,0
5,30,193.259,0
5,33,98.1529,0
5,68,76.1643,0
5,77,79.9062,0
5,89,176.082,0
6,5,235.281,0
6,13,185.181,0
6,20,145.041,0
6,59,235.053,0
6,62,214.721,0
6,65,228.484,1.61596
6,68,258.99,0
6,73,190.379,0
6,77,242.293,0
6,81,130.602,0
6,87,211.796,1.04828
6,90,156.895,0
6,92,215.112,0
7,47,29.2746,0
7,69,175.285,0
7,70,189.402,0
7,99,42.19,0
8,11,222.306,11.9092
8,12,93.5361,0
8,17,228.824,15.8016
8,18,173.484,14.1814
8,23,257.194,19.8421
8,24,221.622,16.6216
8,39,194.146,15.4084
8,42,275.029,22.9466
8,43,339.942,19.7995
8,45,200.157,15.2819
8,48,381.121,25.7971
8,55,418.338,27.9677
8,59,281.074,24.0968
8,60,128.771,11.0441
8,62,338.181,29.0016
8,63,301.196,22.2977
8,64,28.4429,0
8,66,196.878,16.7096
8,67,232.324,19.9303
8,73,357.168,30.5755
8,75,192.735,16.4463
8,76,155.106,13.2154
8,80,148.273,12.0165
8,84,232.96,16.5912
8,85,283.44,18.415
8,86,257.891,21.5719
8,88,13.6015,0
8,92,313.727,21.5732
8,93,275.229,23.6023
8,95,337.013,27.616
8,96,96.6983,7.62826
8,98,74.8239,4.62148
9,0,136.938,0
9,3,34.0147,0
9,4,230.149,12.0245
9,37,166.715,0
9,74,257.231,2.16032
9,83,253.642,11.8757
10,1,270.814,12.3768
10,14,64.2884,0
10,16,209.408,15.8398
10,19,303.875,25.5775
10,26,167.61,0
10,27,95.8593,0
10,31,118.224,0
10,36,219.002,0
10,40,152.398,0
10,44,361,30.9572
10,49,104.178,0
10,52,285.026,24.3811
10,53,93.2986,0.597863
10,54,152.83,0
10,58,82.8613,0
10,61,226.932,0
10,72,157.892,0
10,82,120.241,0
10,97,130.357,0
11,2,252.822,13.544
11,4,203.3,5.34276
11,8,222.306,11.9092
11,12,171.34,13.796
11,13,260.897,10.8301
11,17,333.314,27.8424
11,21,230.476,13.2941
11,23,341.857,28.9073
11,29,278.444,19.0216
11,30,252.523,11.6644
11,42,46.2385,0
11,57,198.291,16.133
11,59,159.603,11.1195
11,62,106,3.67347
11,63,157.021,4.77257
11,64,258.866,15.0773
11,65,281.409,12.7354
11,66,321.972,26.831
11,73,128.107,2.85485
11,75,267.223,20.0007
11,80,127.024,9.20562
11,83,286.984,23.1021
11,84,11.4018,0
11,88,232.82,10.8934
11,90,156.678,2.00584
11,92,268.214,12.4094
11,95,112.981,7.76607
11,96,427.12,27.1736
11,98,224.772,19.24
12,8,93.5361,0
12,11,171.34,13.796
12,17,308.209,26.1511
12,18,283.392,24.2769
12,23,249.201,21.3535
12,24,314.972,26.6755
12,29,297.362,25.3906
12,39,340.773,24.7881
12,42,127.838,6.17319
12,45,294.077,24.664
12,51,320.317,24.5857
12,57,294.616,18.8667
12,59,233.783,19.9743
12,60,222.302,14.8669
12,62,219.18,14.9365
12,63,167.657,5.56333
12,64,121.103,0
12,66,214.623,17.7897
12,67,345.009,29.524
12,73,236.852,13.5646
12,75,206.457,17.6251
12,76,238.661,19.4703
12,80,60.502,2.68898
12,84,170.886,13.6352
12,86,266.928,20.3184
12,88,106.17,0
12,90,280.533,15.6915
12,95,237.27,20.3431
12,96,185.759,9.15795
12,98,54.0833,1.67401
13,6,185.181,0
13,11,260.897,10.8301
13,17,130.92,0
13,35,210.488,0
13,38,226.153,0
13,56,257.124,0
13,59,108.416,0
13,62,152.751,0
13,65,42.2966,0
13,73,138.708,0
13,75,145.324,3.51274
13,80,270.102,19.8057
13,81,60.208,0
13,84,250.799,11.1466
13,87,38.0132,0
13,90,150.266,0
13,92,30.0832,0
13,93,264.133,6.43238
14,1,225.993,9.24517
14,10,64.2884,0
14,15,212.426,0
14,16,222.267,16.4484
14,19,277.327,22.8345
14,26,103.325,0
14,27,143.087,0
14,31,79.3095,0
14,34,308.736,22.7839
14,36,158.028,0
14,40,105.109,0
14,44,341.866,29.1753
14,49,65.192,0
14,52,295.211,25.2929
14,53,93.5361,0
14,54,100.846,0
14,58,102.883,0
14,61,163.71,0
14,72,112.272,0
14,82,106.099,0
14,94,247.703,0
14,97,72.4707,0
15,1,260.215,13.4438
15,14,212.426,0
15,18,394.646,32.2554
15,24,323.453,27.5632
15,26,109.659,0
15,31,206.119,0
15,34,343.863,29.401
15,36,76.4199,0
15,40,200.297,8.53395
15,45,261.127,22.119
15,48,309.387,26.4944
15,49,197.294,0
15,53,255.19,0
15,54,151.013,0
15,55,291.412,23.5371
15,60,316.038,27.0955
15,61,74.4312,0
15,64,367.03,31.0328
15,66,243.311,0
15,67,130.108,8.54038
15,72,212.912,11.866
15,76,188.367,0
15,82,235.601,0
15,85,218.419,17.7722
15,86,189.381,0
15,94,76.5376,0
15,97,163.991,0
16,1,307.75,8.04575
16,10,209.408,15.8398
16,14,222.267,16.4484
16,19,177.39,4.25862
16,26,296.177,22.1117
16,27,297.285,18.8029
16,31,189.197,16.1407
16,34,349.777,16.6254
16,40,214.156,18.3712
16,44,205.706,2.60685
16,49,286.784,17.6754
16,52,73.0912,2.89111
16,53,297.783,17.5769
16,58,292.383,17.6865
16,72,212.115,18.1688
16,79,471.246,7.50298
16,97,233.411,19.385
17,8,228.824,15.8016
17,11,333.314,27.8424
17,12,308.209,26.1511
17,13,130.92,0
17,18,212.627,18.0411
17,22,314.598,25.8786
17,24,286.093,24.4005
17,35,193.155,0
17,38,166.292,0
17,39,171.764,12.4244
17,41,214.037,0
17,43,254.326,20.5131
17,45,348.758,27.2248
17,48,371.079,31.6905
17,50,284.494,17.1214
17,56,170.074,0
17,59,138.514,0
17,60,287.563,24.1322
17,62,209.669,0
17,64,260.502,21.9127
17,65,95.483,0
17,73,210.95,0
17,75,107.802,8.60676
17,78,239.228,13.87
17,80,243.865,20.8285
17,81,189.908,0
17,84,321.644,27.0775
17,85,403.347,31.0738
17,87,117.29,0
17,88,253.031,20.8124
17,90,242.074,0
17,92,101.828,0
17,93,138.434,7.36949
17,96,203.948,16.6642
17,98,295.174,22.2288
18,8,173.484,14.1814
18,12,283.392,24.2769
18,15,394.646,32.2554
18,17,212.627,18.0411
18,22,275.068,22.5307
18,24,87.6584,0
18,34,483.409,9.70654
18,38,312.155,21.9785
18,39,40,0
18,41,325.518,26.9629
18,43,169.541,0
18,45,133.417,0
18,48,241.668,6.27164
18,50,329.074,4.69267
18,55,284.627,6.78374
18,56,287.782,22.8196
18,59,307.489,24.2085
18,60,93.3809,0
18,64,154.251,10.6771
18,65,311.199,23.0628
18,66,390.06,27.2558
18,67,298.85,10.3568
18,75,248.388,20.4394
18,76,318.201,9.44441
18,78,272.943,21.3282
18,80,370.778,0
18,85,200.898,0
18,88,164.609,12.8525
18,92,310.198,21.8428
18,93,143.686,11.5256
18,96,76.9675,0
18,98,249.008,21.3565
19,1,134.464,10.1541
19,10,303.875,25.5775
19,14,277.327,22.8345
19,16,177.39,4.25862
19,22,438.205,26.8271
19,26,288.456,22.4085
19,31,203.027,16.9189
19,34,213.36,0.520365
19,40,194.217,16.4706
19,44,62.728,5.17031
19,48,453.651,3.95946
19,50,453.613,14.2666
19,52,137.447,1.98832
19,55,410.368,3.96177
19,61,289.545,23.1426
19,69,376.898,31.8453
19,72,187.192,15.6494
19,79,300.79,0.629246
19,97,236.21,20.1017
20,5,124.451,0
20,6,145.041,0
20,33,211.74,0
20,68,183.807,0
20,77,100.404,0
20,90,254.136,0
21,2,22.3607,0
21,4,151.951,8.27218
21,5,232.125,0
21,11,230.476,13.2941
21,30,38.9487,0
21,33,161.245,0
21,42,195.98,0
21,57,76.6094,0
21,62,203.73,0
21,63,279.802,15.3921
21,68,164.027,0
21,73,207.338,0
21,83,92.4268,0.502197
21,84,213.314,4.34666
21,89,132.699,0
21,90,191.951,0
21,95,141.032,0
22,1,409.28,0.600107
22,17,314.598,25.8786
22,18,275.068,22.5307
22,19,438.205,26.8271
22,24,307.419,12.071
22,25,153.677,5.12686
22,34,323.153,0.619049
22,38,221.776,9.61298
22,39,231.131,19.5072
22,41,128.39,0
22,43,171.34,10.7283
22,44,463.639,21.4698
22,45,387.23,7.10528
22,46,237,2.44612
22,48,201.305,10.2244
22,50,44,0.913043
22,55,201.128,9.14422
22,56,165.241,8.1336
22,60,394.68,14.5347
22,69,176.626,2.80622
22,70,225.927,11.3027
22,78,53.8145,4.48454
22,79,199.222,11.1542
22,85,362.932,6.70028
22,93,123.26,0
22,96,346.874,26.5616
23,8,257.194,19.8421
23,11,341.857,28.9073
23,12,249.201,21.3535
23,28,144.755,0
23,29,116,0
23,32,132.925,0
23,42,281.601,21.7623
23,51,129.769,0
23,63,208.931,16.7592
23,64,294.024,25.1357
23,66,67.3573,0
23,67,228.817,0
23,71,120.83,0
23,74,214.033,0
23,76,145.908,0
23,80,314,26.7807
23,84,358.859,30.729
23,86,102.313,0
23,88,264.775,21.1008
23,91,135.237,0
23,98,234.46,18.4818
24,1,474.236,0
24,8,221.622,16.6216
24,12,314.972,26.6755
24,15,323.453,27.5632
24,17,286.093,24.4005
24,18,87.6584,0
24,22,307.419,12.071
24,34,407.36,9.478
24,39,115.256,0
24,41,329.387,26.3589
24,43,134.536,0
24,45,74.2159,0
24,48,169.011,5.95873
24,50,305.241,0
24,55,211.668,6.52502
24,56,337.629,28.945
24,60,97.509,0
24,61,321.283,27.2427
24,64,203.631,8.9041
24,66,406.104,26.0495
24,67,240.327,11.0897
24,75,334.385,24.5797
24,76,314.787,7.87922
24,78,279.555,20.0449
24,79,406.247,23.6778
24,80,442.764,0
24,85,116.499,0
24,86,370.646,31.4526
24,88,210.148,14.326
24,93,192.27,11.9017
24,96,143.136,0
24,98,310.378,24.3854
25,22,153.677,5.12686
25,35,196.094,0
25,38,145,0
25,41,63.8905,0
25,43,315.585,26.7718
25,46,93.3916,0
25,47,257.752,0
25,48,345.863,29.1287
25,50,202.641,14.4432
25,55,364.768,31.2384
25,56,110.422,0
25,69,137.084,0
25,70,80.4984,0
25,78,143.512,7.92322
25,79,254.216,19.0179
25,93,235.026,12.0402
26,1,220.571,15.2268
26,10,167.61,0
26,14,103.325,0
26,15,109.659,0
26,16,296.177,22.1117
26,19,288.456,22.4085
26,27,236.038,0
26,31,107.042,0
26,34,310.066,26.5727
26,36,72.0069,0
26,40,95.0158,0
26,48,342.062,29.1368
26,49,103.856,0
26,52,333.922,26.7852
26,53,162.052,0
26,54,78.0897,0
26,55,308.784,24.3226
26,58,183.448,0
26,61,67.2681,0
26,67,206.197,0
26,72,101.828,0
26,82,152.122,0
26,85,272.185,17.838
26,94,156.016,0
26,97,61.7738,0
27,10,95.8593,0
27,14,143.087,0
27,16,297.285,18.8029
27,26,236.038,0
27,31,212.132,0
27,40,244.364,0
27,49,140.014,0
27,53,86.1452,0
27,54,190.421,0
27,58,59.0339,0
27,72,250.585,0
27,82,116.039,0
27,97,215.523,0
28,4,311.521,21.215
28,23,144.755,0
28,29,73.5527,0
28,32,68.0074,0
28,37,153.574,0
28,51,20.2485,0
28,63,193.456,13.1278
28,66,211.341,0
28,71,108.747,0
28,74,69.3397,0
28,86,236.123,0
28,91,132.412,0
29,4,287.966,24.5681
29,11,278.444,19.0216
29,12,297.362,25.3906
29,23,116,0
29,28,73.5527,0
29,32,122.004,0
29,37,189.212,0
29,42,240.055,18.9936
29,51,54.037,0
29,57,294.998,18.9783
29,63,116.974,9.55319
29,66,172.699,0
29,71,148.405,0
29,74,129.653,0
29,76,250.17,0
29,80,379.231,31.9372
29,83,345.048,29.6004
29,84,287,18.9446
29,86,218.147,0
29,91,172.884,0
29,95,264.91,18.2695
29,98,339.403,24.8445
30,2,30.1496,0
30,4,184.579,6.63909
30,5,193.259,0
30,11,252.523,11.6644
30,21,38.9487,0
30,33,124.471,0
30,42,230.936,1.1487
30,57,115.378,0
30,62,215.455,0
30,68,125.419,0
30,73,214.667,0
30,83,129.884,0.515346
30,84,230.08,0
30,89,109.005,0
30,90,192.234,0
30,95,173.738,0
31,1,150.611,9.47902
31,10,118.224,0
31,14,79.3095,0
31,15,206.119,0
31,16,189.197,16.1407
31,19,203.027,16.9189
31,26,107.042,0
31,27,212.132,0
31,34,234.903,20.0038
31,36,178.631,0
31,40,36.3593,0
31,44,271.992,21.6512
31,48,324.372,25.1986
31,49,136.894,0
31,52,235.385,18.9737
31,53,172.838,0
31,54,152.643,0
31,55,304.96,23.7993
31,58,180.447,0
31,61,169.04,12.021
31,72,40.3609,0
31,79,411.873,29.1606
31,82,183.535,0
31,97,45.2769,0
32,23,132.925,0
32,28,68.0074,0
32,29,122.004,0
32,37,206.349,0
32,51,76.0592,0
32,63,237.988,11.9099
32,66,198.217,0
32,71,44.2832,0
32,74,113.018,0
32,86,201.517,0
32,91,65.7875,0
33,2,143.178,0
33,5,98.1529,0
33,20,211.74,0
33,21,161.245,0
33,30,124.471,0
33,57,237.059,0
33,68,29,0
33,77,176.026,0
33,83,242.499,0.594332
33,89,77.9295,0
34,1,87.7268,0
34,14,308.736,22.7839
34,15,343.863,29.401
34,16,349.777,16.6254
34,18,483.409,9.70654
34,19,213.36,0.520365
34,22,323.153,0.619049
34,24,407.36,9.478
34,26,310.066,26.5727
34,31,234.903,20.0038
34,39,496.185,7.21259
34,40,203.583,17.4623
34,43,316.697,15.8878
34,44,232,9.09449
34,45,424.075,11.1797
34,48,243.858,2.42682
34,50,288.846,0
34,52,350.806,2.55576
34,55,201.12,1.95106
34,60,497.537,8.8099
34,61,249.23,21.1672
34,67,344.663,29.1586
34,69,344.804,27.575
34,72,196.147,16.803
34,78,376.861,11.6988
34,79,172.939,0
34,85,368.262,1.01165
34,93,436.805,24.4183
34,97,244.292,20.1473
35,13,210.488,0
35,17,193.155,0
35,25,196.094,0
35,38,67.6757,0
35,41,152.003,0
35,46,162.003,0
35,56,121.211,0
35,65,178.219,0
35,70,256.681,0
35,78,242.971,6.85567
35,81,230.673,0
35,87,172.54,0
35,92,193.003,0
35,93,233.345,3.91194
36,1,283.384,16.4546
36,10,219.002,0
36,14,158.028,0
36,15,76.4199,0
36,26,72.0069,0
36,31,178.631,0
36,40,166.184,0
36,49,127.487,0
36,53,183.068,0
36,54,77.3886,0
36,58,209.093,0
36,61,94.7629,0
36,67,207.573,9.80414
36,72,172.557,0
36,82,160.91,0
36,85,286.047,19.612
36,86,244.984,0
36,94,89.6772,0
36,97,133.405,0
37,0,158.398,0
37,3,149.054,0
37,4,258.036,8.32616
37,9,166.715,0
37,28,153.574,0
37,29,189.212,0
37,32,206.349,0
37,51,164.842,0
37,63,310.457,25.689
37,71,250.577,0
37,74,93.5361,0
38,13,226.153,0
38,17,166.292,0
38,18,312.155,21.9785
38,22,221.776,9.61298
38,25,145,0
38,35,67.6757,0
38,39,270.194,14.6488
38,41,90.471,0
38,43,270.468,15.1885
38,46,143.544,0
38,50,268.409,19.1711
38,56,53.8145,0
38,65,186.682,0
38,70,216.834,0
38,75,270.653,9.63129
38,78,175.371,6.6842
38,87,189.552,0
38,92,201.817,0
38,93,177,5.13554
39,8,194.146,15.4084
39,12,340.773,24.7881
39,17,171.764,12.4244
39,18,40,0
39,22,231.131,19.5072
39,24,115.256,0
39,34,496.185,7.21259
39,38,270.194,14.6488
39,41,284.394,21.2281
39,43,162.308,0
39,45,170.763,0
39,48,249.985,6.05216
39,50,295.265,11.7658
39,55,294.229,5.67552
39,56,245.058,16.1383
39,59,315.772,26.7189
39,60,132.966,0
39,64,180.851,11.7382
39,65,273.297,16.2085
39,66,428.355,27.4151
39,67,338.355,10.5265
39,75,228.333,19.3549
39,76,352.614,10.659
39,78,243.907,20.0207
39,80,330.841,17.0166
39,85,231.603,0
39,87,292.025,15.2573
39,88,188.477,14.0389
39,92,278.784,16.5318
39,93,102.741,8.7761
39,96,100.419,0
39,98,268.789,23.0439
40,1,121.47,7.76043
40,10,152.398,0
40,14,105.109,0
40,15,200.297,8.53395
40,16,214.156,18.3712
40,19,194.217,16.4706
40,26,95.0158,0
40,27,244.364,0
40,31,36.3593,0
40,34,203.583,17.4623
40,36,166.184,0
40,44,255.624,21.6408
40,48,293.853,24.5252
40,49,153.029,0
40,52,240.834,20.5498
40,53,196.939,0
40,54,156.85,0
40,55,245.88,16.392
40,58,207.993,0
40,61,150.075,12.7853
40,67,256.601,3.88005
40,72,8.06226,0
40,79,374.161,26.4747
40,82,202.714,0
40,85,307.986,25.5368
40,94,243.707,0
40,97,42.7551,0
41,17,214.037,0
41,18,325.518,26.9629
41,22,128.39,0
41,24,329.387,26.3589
41,25,63.8905,0
41,35,152.003,0
41,38,90.471,0
41,39,284.394,21.2281
41,43,230.099,14.1964
41,46,117.047,0
41,48,327.59,28.0892
41,50,169.088,8.1772
41,55,333.882,28.6407
41,56,47.1699,0
41,69,190.247,0
41,70,143.924,0
41,78,109.602,6.0014
41,79,315.624,27.0561
41,93,179.152,10.4452
42,2,217.706,0
42,4,159.399,0
42,8,275.029,22.9466
42,11,46.2385,0
42,12,127.838,6.17319
42,21,195.98,0
42,23,281.601,21.7623
42,29,240.055,18.9936
42,30,230.936,1.1487
42,51,284.01,17.6645
42,57,160.788,10.5762
42,59,205.589,12.0261
42,62,142.021,0
42,63,112.412,4.95726
42,64,297.174,23.0327
42,66,306.342,26.1021
42,73,177.467,5.57833
42,75,244.062,15.6553
42,80,188.103,15.8337
42,83,213.26,17.4935
42,84,57.2713,0
42,88,283.145,22.66
42,90,218.186,11.2918
42,95,55.0091,0
42,98,165.503,2.50256
43,1,411.864,5.35493
43,8,339.942,19.7995
43,17,254.326,20.5131
43,18,169.541,0
43,22,171.34,10.7283
43,24,134.536,0
43,25,315.585,26.7718
43,34,316.697,15.8878
43,38,270.468,15.1885
43,39,162.308,0
43,41,230.099,14.1964
43,45,203.096,0
43,48,108.666,5.18555
43,50,167.057,2.79597
43,55,152.97,2.70461
43,56,208.654,8.57184
43,60,227.702,0
43,61,385.459,28.6798
43,64,318.263,12.7558
43,67,350.199,13.3934
43,75,354.7,28.8492
43,76,448.7,8.28369
43,78,171.899,12.6559
43,79,326.695,13.5948
43,85,197.464,0
43,88,329.891,17.0664
43,93,106.787,8.78153
43,96,246.065,0
44,1,220.498,5.26741
44,10,361,30.9572
44,14,341.866,29.1753
44,16,205.706,2.60685
44,19,62.728,5.17031
44,22,463.639,21.4698
44,31,271.992,21.6512
44,34,232,9.09449
44,40,255.624,21.6408
44,48,484.393,7.94485
44,50,470.998,11.4361
44,52,140,0
44,55,441.369,7.46174
44,69,324.693,27.8524
44,72,247.42,20.807
44,79,241.294,16.5529
44,97,308.436,26.3542
45,1,424.616,22.0528
45,8,200.157,15.2819
45,12,294.077,24.664
45,15,261.127,22.119
45,17,348.758,27.2248
45,18,133.417,0
45,22,387.23,7.10528
45,24,74.2159,0
45,34,424.075,11.1797
45,39,170.763,0
45,43,203.096,0
45,48,194.829,9.74694
45,50,367.87,0
45,55,260.069,0
45,60,76.1577,0
45,61,283.897,24.3174
45,64,173,8.80102
45,66,331.477,25.6304
45,67,170.035,9.55301
45,75,382.256,21.2393
45,76,247.926,7.78377
45,78,360.936,20.0084
45,79,422.678,29.8023
45,80,374.623,21.8514
45,85,87.3613,0
45,86,294.686,24.9408
45,88,187.007,12.7704
45,93,264.054,13.1235
45,94,331.888,27.9845
45,96,153.219,0
45,98,319.411,15.747
46,22,237,2.44612
46,25,93.3916,0
46,35,162.003,0
46,38,143.544,0
46,41,117.047,0
46,50,281,11.6745
46,56,143.405,0
46,69,206.48,0
46,70,108.046,0
46,78,224.365,7.87815
47,7,29.2746,0
47,25,257.752,0
47,69,154.777,0
47,70,184.098,0
47,99,70.0071,0
48,1,300.273,2.61394
48,8,381.121,25.7971
48,15,309.387,26.4944
48,17,371.079,31.6905
48,18,241.668,6.27164
48,19,453.651,3.95946
48,22,201.305,10.2244
48,24,169.011,5.95873
48,25,345.863,29.1287
48,26,342.062,29.1368
48,31,324.372,25.1986
48,34,243.858,2.42682
48,39,249.985,6.05216
48,40,293.853,24.5252
48,41,327.59,28.0892
48,43,108.666,5.18555
48,44,484.393,7.94485
48,45,194.829,9.74694
48,50,159.538,8.85731
48,55,43.0444,0.477766
48,56,287.694,19.9292
48,60,250.35,10.7695
48,61,266.054,22.8237
48,64,360.348,17.8494
48,67,297.564,17.9929
48,72,283.81,23.3983
48,76,446.516,13.5228
48,78,216.091,16.9636
48,79,232.139,18.1597
48,85,152.735,4.8766
48,88,371.013,22.6728
48,93,210.167,17.6706
48,96,309.006,6.80569
48,97,324.619,26.5116
49,1,273.302,8.37396
49,10,104.178,0
49,14,65.192,0
49,15,197.294,0
49,16,286.784,17.6754
49,26,103.856,0
49,27,140.014,0
49,31,136.894,0
49,36,127.487,0
49,40,153.029,0
49,53,58.8982,0
49,54,52.1536,0
49,58,82.8553,0
49,61,171.058,0
49,72,161.012,0
49,82,50.9608,0
49,94,212.596,0
49,97,111.544,0
50,1,373.277,0
50,17,284.494,17.1214
50,18,329.074,4.69267
50,19,453.613,14.2666
50,22,44,0.913043
50,24,305.241,0
50,25,202.641,14.4432
50,34,288.846,0
50,38,268.409,19.1711
50,39,295.265,11.7658
50,41,169.088,8.1772
50,43,167.057,2.79597
50,44,470.998,11.4361
50,45,367.87,0
50,46,281,11.6745
50,48,159.538,8.85731
50,55,157.158,8.03057
50,56,212.682,16.8339
50,60,400.41,0
50,69,211.078,11.6826
50,70,271.295,19.531
50,78,90.9628,7.18373
50,79,198.79,7.2755
50,85,324.189,5.86727
50,93,140.03,7.01091
50,96,406.047,4.74044
51,4,304.481,22.0734
51,12,320.317,24.5857
51,23,129.769,0
51,28,20.2485,0
51,29,54.037,0
51,32,76.0592,0
51,37,164.842,0
51,42,284.01,17.6645
51,63,173.396,12.1903
51,66,195.359,0
51,71,112.071,0
51,74,86.4523,0
51,86,224.758,0
51,91,136.605,0
51,98,365.127,31.1617
52,1,286.595,7.58527
52,10,285.026,24.3811
52,14,295.211,25.2929
52,16,73.0912,2.89111
52,19,137.447,1.98832
52,26,333.922,26.7852
52,31,235.385,18.9737
52,34,350.806,2.55576
52,40,240.834,20.5498
52,44,140,0
52,72,238.848,20.1167
52,79,393.088,14.5569
52,97,272.123,23.229
53,10,93.2986,0.597863
53,14,93.5361,0
53,15,255.19,0
53,16,297.783,17.5769
53,26,162.052,0
53,27,86.1452,0
53,31,172.838,0
53,36,183.068,0
53,40,196.939,0
53,49,58.8982,0
53,54,105.702,0
53,58,27.1662,0
53,61,229.316,0
53,72,204.475,0
53,82,32.8938,0
53,97,159.176,0
54,1,272.394,8.46
54,10,152.83,0
54,14,100.846,0
54,15,151.013,0
54,26,78.0897,0
54,27,190.421,0
54,31,152.643,0
54,36,77.3886,0
54,40,156.85,0
54,49,52.1536,0
54,53,105.702,0
54,58,131.913,0
54,61,139.617,0
54,67,276.076,7.91163
54,72,164.77,0
54,82,84.6463,0
54,94,160.515,0
54,97,114.586,0
55,1,264.764,0
55,8,418.338,27.9677
55,15,291.412,23.5371
55,18,284.627,6.78374
55,19,410.368,3.96177
55,22,201.128,9.14422
55,24,211.668,6.52502
55,25,364.768,31.2384
55,26,308.784,24.3226
55,31,304.96,23.7993
55,34,201.12,1.95106
55,39,294.229,5.67552
55,40,245.88,16.392
55,41,333.882,28.6407
55,43,152.97,2.70461
55,44,441.369,7.46174
55,45,260.069,0
55,48,43.0444,0.477766
55,50,157.158,8.03057
55,56,344.451,29.5455
55,60,293.211,11.0434
55,61,250.652,21.308
55,64,407.261,17.0249
55,67,325.056,17.902
55,69,366.546,31.0922
55,72,246.579,18.0171
55,76,494.587,8.35206
55,78,225.85,17.0094
55,79,219.846,13.5787
55,85,196.459,0
55,88,413.055,23.6897
55,93,231.085,19.6421
55,96,352,7.30435
55,97,290.786,21.2821
56,13,257.124,0
56,17,170.074,0
56,18,287.782,22.8196
56,22,165.241,8.1336
56,24,337.629,28.945
56,25,110.422,0
56,35,121.211,0
56,38,53.8145,0
56,39,245.058,16.1383
56,41,47.1699,0
56,43,208.654,8.57184
56,46,143.405,0
56,48,287.694,19.9292
56,50,212.682,16.8339
56,55,344.451,29.5455
56,65,215.393,0
56,69,236.044,0
56,70,189.423,0
56,75,283.188,13.6194
56,78,121.538,6.14625
56,79,348.592,29.785
56,87,223.182,0
56,92,229.787,0
56,93,147.682,7.2636
56,96,322.19,25.4642
57,2,94.0479,0
57,4,102.792,8.75686
57,11,198.291,16.133
57,12,294.616,18.8667
57,21,76.6094,0
57,29,294.998,18.9783
57,30,115.378,0
57,33,237.059,0
57,42,160.788,10.5762
57,59,257.597,0
57,62,192.72,0
57,63,202.514,13.821
57,68,240.637,0
57,73,205.061,0
57,80,309.059,21.5958
57,83,47.2615,2.87595
57,84,206.153,16.381
57,89,198.338,0
57,90,204.963,0
57,95,84.1487,0
58,10,82.8613,0
58,14,102.883,0
58,16,292.383,17.6865
58,26,183.448,0
58,27,59.0339,0
58,31,180.447,0
58,36,209.093,0
58,40,207.993,0
58,49,82.8553,0
58,53,27.1662,0
58,54,131.913,0
58,61,250.416,0
58,72,215.128,0
58,82,58.5491,0
58,97,173.185,0
59,6,235.053,0
59,8,281.074,24.0968
59,11,159.603,11.1195
59,12,233.783,19.9743
59,13,108.416,0
59,17,138.514,0
59,18,307.489,24.2085
59,39,315.772,26.7189
59,42,205.589,12.0261
59,57,257.597,0
59,60,369.859,31.6237
59,62,71.1969,0
59,64,294.372,24.7394
59,65,121.495,0
59,73,75.8024,0
59,75,85.6183,3.76471
59,80,169.809,14.5202
59,81,150.562,0
59,84,148.096,10.7857
59,87,136.4,0
59,88,289.662,24.7944
59,90,113.217,0
59,92,108.908,0
59,93,289.397,17.1344
59,95,226.041,15.3234
59,96,297.915,25.3597
59,98,277.473,23.2884
60,8,128.771,11.0441
60,12,222.302,14.8669
60,15,316.038,27.0955
60,17,287.563,24.1322
60,18,93.3809,0
60,22,394.68,14.5347
60,24,97.509,0
60,34,497.537,8.8099
60,39,132.966,0
60,43,227.702,0
60,45,76.1577,0
60,48,250.35,10.7695
60,50,400.41,0
60,55,293.211,11.0434
60,59,369.859,31.6237
60,61,352.418,29.2549
60,64,111.019,6.60828
60,66,301.683,24.3305
60,67,213.605,9.63779
60,75,301.282,21.0727
60,76,222.58,10.573
60,78,356.8,23.6879
60,80,306.503,18.9044
60,85,163.193,0
60,86,318.944,26.892
60,88,120.902,9.87976
60,93,238.03,14.3698
60,96,80.7217,0
60,98,217.451,18.5545
61,1,183.543,10.6902
61,10,226.932,0
61,14,163.71,0
61,15,74.4312,0
61,19,289.545,23.1426
61,24,321.283,27.2427
61,26,67.2681,0
61,31,169.04,12.021
61,34,249.23,21.1672
61,36,94.7629,0
61,40,150.075,12.7853
61,43,385.459,28.6798
61,45,283.897,24.3174
61,48,266.054,22.8237
61,49,171.058,0
61,53,229.316,0
61,54,139.617,0
61,55,250.652,21.308
61,58,250.416,0
61,60,352.418,29.2549
61,67,146.294,0
61,72,142.187,11.0081
61,76,238.55,0
61,82,218.577,0
61,85,204.416,15.9111
61,86,257.893,0
61,94,145.691,0
61,97,102.02,0.504948
62,2,223.862,0
62,4,277.686,10.9234
62,6,214.721,0
62,8,338.181,29.0016
62,11,106,3.67347
62,12,219.18,14.9365
62,13,152.751,0
62,17,209.669,0
62,21,203.73,0
62,30,215.455,0
62,42,142.021,0
62,57,192.72,0
62,59,71.1969,0
62,63,260.407,7.97414
62,65,179.137,0
62,73,24.5153,0
62,75,156.548,5.92986
62,80,170.04,10.7983
62,81,172.679,0
62,83,240.706,3.7725
62,84,102.315,5.5677
62,87,188.112,0
62,88,355.789,30.5164
62,90,62.2013,0
62,92,164.542,0
62,95,139.214,2.75235
62,98,262.287,14.4286
63,4,170.226,10.2298
63,8,301.196,22.2977
63,11,157.021,4.77257
63,12,167.657,5.56333
63,21,279.802,15.3921
63,23,208.931,16.7592
63,28,193.456,13.1278
63,29,116.974,9.55319
63,32,237.988,11.9099
63,37,310.457,25.689
63,42,112.412,4.95726
63,51,173.396,12.1903
63,57,202.514,13.821
63,62,260.407,7.97414
63,66,300.646,23.5563
63,71,268.964,15.3235
63,74,250.78,18.1472
63,76,417.051,29.8767
63,80,273.705,23.4517
63,83,229.304,19.0412
63,84,167.516,4.83009
63,86,313.326,22.1791
63,88,310.808,22.365
63,91,293.196,15.8068
63,95,141.694,5.60983
63,98,285.619,22.0478
64,8,28.4429,0
64,11,258.866,15.0773
64,12,121.103,0
64,15,367.03,31.0328
64,17,260.502,21.9127
64,18,154.251,10.6771
64,23,294.024,25.1357
64,24,203.631,8.9041
64,39,180.851,11.7382
64,42,297.174,23.0327
64,43,318.263,12.7558
64,45,173,8.80102
64,48,360.348,17.8494
64,55,407.261,17.0249
64,59,294.372,24.7394
64,60,111.019,6.60828
64,66,230.638,18.4494
64,67,236.624,14.9745
64,75,195.487,14.8084
64,76,125.244,10.1395
64,80,179.596,15.3387
64,84,265.204,18.386
64,85,257.942,9.64595
64,86,231.475,16.8581
64,88,15.0333,0
64,93,265.78,22.451
64,96,80.6794,6.91537
64,98,100.788,6.24179
65,6,228.484,1.61596
65,11,281.409,12.7354
65,13,42.2966,0
65,17,95.483,0
65,18,311.199,23.0628
65,35,178.219,0
65,38,186.682,0
65,39,273.297,16.2085
65,56,215.393,0
65,59,121.495,0
65,62,179.137,0
65,73,169.284,0
65,75,133.068,3.74592
65,80,268.758,19.9313
65,81,101.898,2.74956
65,84,269.975,12.6318
65,87,23.4094,0
65,90,186.936,0
65,92,15.2315,0
65,93,228.24,7.63068
65,96,286.917,17.3344
66,8,196.878,16.7096
66,11,321.972,26.831
66,12,214.623,17.7897
66,15,243.311,0
66,18,390.06,27.2558
66,23,67.3573,0
66,24,406.104,26.0495
66,28,211.341,0
66,29,172.699,0
66,32,198.217,0
66,39,428.355,27.4151
66,42,306.342,26.1021
66,45,331.477,25.6304
66,51,195.359,0
66,60,301.683,24.3305
66,63,300.646,23.5563
66,64,230.638,18.4494
66,67,167.147,0
66,71,179.368,0
66,76,79.2591,0
66,80,251.124,20.6074
66,84,339.376,29.0408
66,85,378.835,28.5744
66,86,72.8354,0
66,88,217.394,18.0239
66,91,188.473,0
66,94,229.473,0
66,96,291.024,24.9653
66,98,152.846,12.8861
67,1,307.795,21.2894
67,8,232.324,19.9303
67,12,345.009,29.524
67,15,130.108,8.54038
67,18,298.85,10.3568
67,23,228.817,0
67,24,240.327,11.0897
67,26,206.197,0
67,34,344.663,29.1586
67,36,207.573,9.80414
67,39,338.355,10.5265
67,40,256.601,3.88005
67,43,350.199,13.3934
67,45,170.035,9.55301
67,48,297.564,17.9929
67,54,276.076,7.91163
67,55,325.056,17.902
67,60,213.605,9.63779
67,61,146.294,0
67,64,236.624,14.9745
67,66,167.147,0
67,72,257.168,3.87401
67,76,94.0213,0
67,85,153.3,11.2147
67,86,143.056,0
67,88,226.955,18.9665
67,93,433.004,22.9678
67,94,149.452,0
67,96,281.565,12.6643
67,97,257.443,4.93433
67,98,300.017,23.2629
68,2,148.718,0
68,5,76.1643,0
68,6,258.99,0
68,20,183.807,0
68,21,164.027,0
68,30,125.419,0
68,33,29,0
68,57,240.637,0
68,77,155.929,0
68,83,250.665,0.55701
68,89,103.092,0
68,90,255.131,0
69,1,382.934,32.3138
69,7,175.285,0
69,19,376.898,31.8453
69,22,176.626,2.80622
69,25,137.084,0
69,34,344.804,27.575
69,41,190.247,0
69,44,324.693,27.8524
69,46,206.48,0
69,47,154.777,0
69,50,211.078,11.6826
69,55,366.546,31.0922
69,56,236.044,0
69,70,104.957,0
69,78,221.737,14.174
69,79,177.084,14.1338
69,99,215.724,0
70,7,189.402,0
70,22,225.927,11.3027
70,25,80.4984,0
70,35,256.681,0
70,38,216.834,0
70,41,143.924,0
70,46,108.046,0
70,47,184.098,0
70,50,271.295,19.531
70,56,189.423,0
70,69,104.957,0
70,78,204.328,4.89697
70,79,264.456,17.3467
70,99,218.131,0
71,23,120.83,0
71,28,108.747,0
71,29,148.405,0
71,32,44.2832,0
71,37,250.577,0
71,51,112.071,0
71,63,268.964,15.3235
71,66,179.368,0
71,74,157.156,0
71,76,248.429,0
71,86,168.772,0
71,91,24.7588,0
72,1,113.638,7.62256
72,10,157.892,0
72,14,112.272,0
72,15,212.912,11.866
72,16,212.115,18.1688
72,19,187.192,15.6494
72,26,101.828,0
72,27,250.585,0
72,31,40.3609,0
72,34,196.147,16.803
72,36,172.557,0
72,40,8.06226,0
72,44,247.42,20.807
72,48,283.81,23.3983
72,49,161.012,0
72,52,238.848,20.1167
72,53,204.475,0
72,54,164.77,0
72,55,246.579,18.0171
72,58,215.128,0
72,61,142.187,11.0081
72,67,257.168,3.87401
72,79,367.362,24.6459
72,82,210.609,0
72,85,298.781,24.1713
72,94,255.952,3.46889
72,97,50.8035,0
73,2,226.241,0
73,6,190.379,0
73,8,357.168,30.5755
73,11,128.107,2.85485
73,12,236.852,13.5646
73,13,138.708,0
73,17,210.95,0
73,21,207.338,0
73,30,214.667,0
73,42,177.467,5.57833
73,57,205.061,0
73,59,75.8024,0
73,62,24.5153,0
73,65,169.284,0
73,75,162.607,4.7981
73,80,204.222,15.0792
73,81,152.201,0
73,83,252.418,3.42408
73,84,126.708,5.78456
73,87,175.548,0
73,90,41.2311,0
73,92,154.237,0
73,95,152.712,0
73,98,284.854,14.7261
74,0,247.946,0
74,3,239.754,0
74,9,257.231,2.16032
74,23,214.033,0
74,28,69.3397,0
74,29,129.653,0
74,32,113.018,0
74,37,93.5361,0
74,51,86.4523,0
74,63,250.78,18.1472
74,71,157.156,0
74,91,176.638,0
75,8,192.735,16.4463
75,11,267.223,20.0007
75,12,206.457,17.6251
75,13,145.324,3.51274
75,17,107.802,8.60676
75,18,248.388,20.4394
75,24,334.385,24.5797
75,38,270.653,9.63129
75,39,228.333,19.3549
75,42,244.062,15.6553
75,43,354.7,28.8492
75,45,382.256,21.2393
75,56,283.188,13.6194
75,59,85.6183,3.76471
75,60,301.282,21.0727
75,62,156.548,5.92986
75,64,195.487,14.8084
75,65,133.068,3.74592
75,73,162.607,4.7981
75,76,348.91,29.9312
75,80,146.095,12.0768
75,81,202.789,3.7438
75,84,263.156,16.8951
75,87,155.516,3.79489
75,88,185.308,13.8981
75,90,198.84,4.04261
75,92,128.445,3.77353
75,93,262.615,21.9257
75,95,414.394,20.3459
75,96,229.442,17.2082
75,98,242.105,20.7619
76,8,155.106,13.2154
76,12,238.661,19.4703
76,15,188.367,0
76,18,318.201,9.44441
76,23,145.908,0
76,24,314.787,7.87922
76,29,250.17,0
76,39,352.614,10.659
76,43,448.7,8.28369
76,45,247.926,7.78377
76,48,446.516,13.5228
76,55,494.587,8.35206
76,60,222.58,10.573
76,61,238.55,0
76,63,417.051,29.8767
76,64,125.244,10.1395
76,66,79.2591,0
76,67,94.0213,0
76,71,248.429,0
76,75,348.91,29.9312
76,80,284.27,23.5168
76,85,297.42,8.31451
76,86,92.7631,0
76,88,137.104,11.7084
76,91,252.8,0
76,94,198.172,0
76,96,249.462,14.1901
76,98,182.975,10.4411
77,5,79.9062,0
77,6,242.293,0
77,20,100.404,0
77,33,176.026,0
77,68,155.929,0
77,89,253.444,0
78,1,461.903,12.1331
78,17,239.228,13.87
78,18,272.943,21.3282
78,22,53.8145,4.48454
78,24,279.555,20.0449
78,25,143.512,7.92322
78,34,376.861,11.6988
78,35,242.971,6.85567
78,38,175.371,6.6842
78,39,243.907,20.0207
78,41,109.602,6.0014
78,43,171.899,12.6559
78,45,360.936,20.0084
78,46,224.365,7.87815
78,48,216.091,16.9636
78,50,90.9628,7.18373
78,55,225.85,17.0094
78,56,121.538,6.14625
78,60,356.8,23.6879
78,69,221.737,14.174
78,70,204.328,4.89697
78,79,240.279,18.8413
78,85,364.078,16.8158
78,93,127.148,10.0069
78,96,343.63,24.4462
79,1,252.642,0
79,16,471.246,7.50298
79,19,300.79,0.629246
79,22,199.222,11.1542
79,24,406.247,23.6778
79,25,254.216,19.0179
79,31,411.873,29.1606
79,34,172.939,0
79,40,374.161,26.4747
79,41,315.624,27.0561
79,43,326.695,13.5948
79,44,241.294,16.5529
79,45,422.678,29.8023
79,48,232.139,18.1597
79,50,198.79,7.2755
79,52,393.088,14.5569
79,55,219.846,13.5787
79,56,348.592,29.785
79,69,177.084,14.1338
79,70,264.456,17.3467
79,72,367.362,24.6459
79,78,240.279,18.8413
79,85,422.543,13.8632
79,93,347.212,28.976
80,8,148.273,12.0165
80,11,127.024,9.20562
80,12,60.502,2.68898
80,13,270.102,19.8057
80,17,243.865,20.8285
80,18,370.778,0
80,23,314,26.7807
80,24,442.764,0
80,29,379.231,31.9372
80,39,330.841,17.0166
80,42,188.103,15.8337
80,45,374.623,21.8514
80,57,309.059,21.5958
80,59,169.809,14.5202
80,60,306.503,18.9044
80,62,170.04,10.7983
80,63,273.705,23.4517
80,64,179.596,15.3387
80,65,268.758,19.9313
80,66,251.124,20.6074
80,73,204.222,15.0792
80,75,146.095,12.0768
80,76,284.27,23.5168
80,84,118.772,8.53465
80,86,327.91,25.6541
80,87,289.03,20.39
80,88,162.256,13.7178
80,90,242.116,15.1425
80,92,262.47,20.0689
80,93,288.953,20.2519
80,95,215.961,16.8145
80,96,300.107,0
80,98,101.117,5.17785
81,6,130.602,0
81,13,60.208,0
81,17,189.908,0
81,35,230.673,0
81,59,150.562,0
81,62,172.679,0
81,65,101.898,2.74956
81,73,152.201,0
81,75,202.789,3.7438
81,84,276.283,8.95496
81,87,79.1202,0
81,90,146.986,0
81,92,88.0909,0
82,10,120.241,0
82,14,106.099,0
82,15,235.601,0
82,26,152.122,0
82,27,116.039,0
82,31,183.535,0
82,36,160.91,0
82,40,202.714,0
82,49,50.9608,0
82,53,32.8938,0
82,54,84.6463,0
82,58,58.5491,0
82,61,218.577,0
82,72,210.609,0
82,94,237.171,0
82,97,161.941,0
83,2,102.469,0.533573
83,3,311.661,22.1166
83,4,56.6927,4.83176
83,9,253.642,11.8757
83,11,286.984,23.1021
83,21,92.4268,0.502197
83,29,345.048,29.6004
83,30,129.884,0.515346
83,33,242.499,0.594332
83,42,213.26,17.4935
83,57,47.2615,2.87595
83,62,240.706,3.7725
83,63,229.304,19.0412
83,68,250.665,0.55701
83,73,252.418,3.42408
83,84,296.309,24.4043
83,89,190.686,0
83,90,246.926,1.21614
83,95,175.017,14.7046
84,2,233.646,3.42946
84,4,241.53,15.7753
84,8,232.96,16.5912
84,11,11.4018,0
84,12,170.886,13.6352
84,13,250.799,11.1466
84,17,321.644,27.0775
84,21,213.314,4.34666
84,23,358.859,30.729
84,29,287,18.9446
84,30,230.08,0
84,42,57.2713,0
84,57,206.153,16.381
84,59,148.096,10.7857
84,62,102.315,5.5677
84,63,167.516,4.83009
84,64,265.204,18.386
84,65,269.975,12.6318
84,66,339.376,29.0408
84,73,126.708,5.78456
84,75,263.156,16.8951
84,80,118.772,8.53465
84,81,276.283,8.95496
84,83,296.309,24.4043
84,87,283.463,12.2464
84,88,246.566,16.9146
84,90,156.287,4.86722
84,92,256.793,12.2918
84,95,123.68,9.4206
84,96,416.773,26.3089
84,98,224.426,19.2288
85,1,323.004,23.3671
85,8,283.44,18.415
85,15,218.419,17.7722
85,17,403.347,31.0738
85,18,200.898,0
85,22,362.932,6.70028
85,24,116.499,0
85,26,272.185,17.838
85,34,368.262,1.01165
85,36,286.047,19.612
85,39,231.603,0
85,40,307.986,25.5368
85,43,197.464,0
85,45,87.3613,0
85,48,152.735,4.8766
85,50,324.189,5.86727
85,55,196.459,0
85,60,163.193,0
85,61,204.416,15.9111
85,64,257.942,9.64595
85,66,378.835,28.5744
85,67,153.3,11.2147
85,72,298.781,24.1713
85,76,297.42,8.31451
85,78,364.078,16.8158
85,79,422.543,13.8632
85,86,317.891,27.0585
85,88,272.955,14.3923
85,93,296.329,13.7978
85,94,278,18.9913
85,96,237.192,0
85,97,335.964,28.4581
85,98,415.899,10.7339
86,8,257.891,21.5719
86,12,266.928,20.3184
86,15,189.381,0
86,23,102.313,0
86,24,370.646,31.4526
86,28,236.123,0
86,29,218.147,0
86,32,201.517,0
86,36,244.984,0
86,45,294.686,24.9408
86,51,224.758,0
86,60,318.944,26.892
86,61,257.893,0
86,63,313.326,22.1791
86,64,231.475,16.8581
86,66,72.8354,0
86,67,143.056,0
86,71,168.772,0
86,76,92.7631,0
86,80,327.91,25.6541
86,85,317.891,27.0585
86,88,233.03,17.1165
86,91,168.015,0
86,94,161.645,0
86,96,343.116,29.2973
86,98,226.833,19.1199
87,6,211.796,1.04828
87,13,38.0132,0
87,17,117.29,0
87,35,172.54,0
87,38,189.552,0
87,39,292.025,15.2573
87,56,223.182,0
87,59,136.4,0
87,62,188.112,0
87,65,23.4094,0
87,73,175.548,0
87,75,155.516,3.79489
87,80,289.03,20.39
87,81,79.1202,0
87,84,283.463,12.2464
87,90,188.279,0
87,92,28.6356,0
87,93,242.972,5.83702
88,8,13.6015,0
88,11,232.82,10.8934
88,12,106.17,0
88,17,253.031,20.8124
88,18,164.609,12.8525
88,23,264.775,21.1008
88,24,210.148,14.326
88,39,188.477,14.0389
88,42,283.145,22.66
88,43,329.891,17.0664
88,45,187.007,12.7704
88,48,371.013,22.6728
88,55,413.055,23.6897
88,59,289.662,24.7944
88,60,120.902,9.87976
88,62,355.789,30.5164
88,63,310.808,22.365
88,64,15.0333,0
88,66,217.394,18.0239
88,67,226.955,18.9665
88,75,185.308,13.8981
88,76,137.104,11.7084
88,80,162.256,13.7178
88,84,246.566,16.9146
88,85,272.955,14.3923
88,86,233.03,17.1165
88,93,261.735,22.4065
88,96,88.4889,7.25107
88,98,87.1913,5.86524
89,2,110.44,0
89,4,246.219,9.32649
89,5,176.082,0
89,21,132.699,0
89,30,109.005,0
89,33,77.9295,0
89,57,198.338,0
89,68,103.092,0
89,77,253.444,0
89,83,190.686,0
90,2,208.387,0
90,6,156.895,0
90,11,156.678,2.00584
90,12,280.533,15.6915
90,13,150.266,0
90,17,242.074,0
90,20,254.136,0
90,21,191.951,0
90,30,192.234,0
90,42,218.186,11.2918
90,57,204.963,0
90,59,113.217,0
90,62,62.2013,0
90,65,186.936,0
90,68,255.131,0
90,73,41.2311,0
90,75,198.84,4.04261
90,80,242.116,15.1425
90,81,146.986,0
90,83,246.926,1.21614
90,84,156.287,4.86722
90,87,188.279,0
90,92,171.735,0
90,95,168.514,0
91,23,135.237,0
91,28,132.412,0
91,29,172.884,0
91,32,65.7875,0
91,51,136.605,0
91,63,293.196,15.8068
91,66,188.473,0
91,71,24.7588,0
91,74,176.638,0
91,76,252.8,0
91,86,168.015,0
92,6,215.112,0
92,8,313.727,21.5732
92,11,268.214,12.4094
92,13,30.0832,0
92,17,101.828,0
92,18,310.198,21.8428
92,35,193.003,0
92,38,201.817,0
92,39,278.784,16.5318
92,56,229.787,0
92,59,108.908,0
92,62,164.542,0
92,65,15.2315,0
92,73,154.237,0
92,75,128.445,3.77353
92,80,262.47,20.0689
92,81,88.0909,0
92,84,256.793,12.2918
92,87,28.6356,0
92,90,171.735,0
92,93,233.254,5.93028
92,96,286.556,16.6795
93,8,275.229,23.6023
93,13,264.133,6.43238
93,17,138.434,7.36949
93,18,143.686,11.5256
93,22,123.26,0
93,24,192.27,11.9017
93,25,235.026,12.0402
93,34,436.805,24.4183
93,35,233.345,3.91194
93,38,177,5.13554
93,39,102.741,8.7761
93,41,179.152,10.4452
93,43,106.787,8.78153
93,45,264.054,13.1235
93,48,210.167,17.6706
93,50,140.03,7.01091
93,55,231.085,19.6421
93,56,147.682,7.2636
93,59,289.397,17.1344
93,60,238.03,14.3698
93,64,265.78,22.451
93,65,228.24,7.63068
93,67,433.004,22.9678
93,75,262.615,21.9257
93,78,127.148,10.0069
93,79,347.212,28.976
93,80,288.953,20.2519
93,85,296.329,13.7978
93,87,242.972,5.83702
93,88,261.735,22.4065
93,92,233.254,5.93028
93,96,191.038,15.1261
93,98,355.836,30.4515
94,14,247.703,0
94,15,76.5376,0
94,26,156.016,0
94,36,89.6772,0
94,40,243.707,0
94,45,331.888,27.9845
94,49,212.596,0
94,54,160.515,0
94,61,145.691,0
94,66,229.473,0
94,67,149.452,0
94,72,255.952,3.46889
94,76,198.172,0
94,82,237.171,0
94,85,278,18.9913
94,86,161.645,0
94,97,217.313,0
95,2,162.856,0
95,4,151.985,10.2458
95,8,337.013,27.616
95,11,112.981,7.76607
95,12,237.27,20.3431
95,21,141.032,0
95,29,264.91,18.2695
95,30,173.738,0
95,42,55.0091,0
95,57,84.1487,0
95,59,226.041,15.3234
95,62,139.214,2.75235
95,63,141.694,5.60983
95,73,152.712,0
95,75,414.394,20.3459
95,80,215.961,16.8145
95,83,175.017,14.7046
95,84,123.68,9.4206
95,90,168.514,0
95,98,235.431,9.47991
96,8,96.6983,7.62826
96,11,427.12,27.1736
96,12,185.759,9.15795
96,17,203.948,16.6642
96,18,76.9675,0
96,22,346.874,26.5616
96,24,143.136,0
96,39,100.419,0
96,43,246.065,0
96,45,153.219,0
96,48,309.006,6.80569
96,50,406.047,4.74044
96,55,352,7.30435
96,56,322.19,25.4642
96,59,297.915,25.3597
96,60,80.7217,0
96,64,80.6794,6.91537
96,65,286.917,17.3344
96,66,291.024,24.9653
96,67,281.565,12.6643
96,75,229.442,17.2082
96,76,249.462,14.1901
96,78,343.63,24.4462
96,80,300.107,0
96,84,416.773,26.3089
96,85,237.192,0
96,86,343.116,29.2973
96,88,88.4889,7.25107
96,92,286.556,16.6795
96,93,191.038,15.1261
96,98,171.581,12.4825
97,1,162.004,7.87519
97,10,130.357,0
97,14,72.4707,0
97,15,163.991,0
97,16,233.411,19.385
97,19,236.21,20.1017
97,26,61.7738,0
97,27,215.523,0
97,31,45.2769,0
97,34,244.292,20.1473
97,36,133.405,0
97,40,42.7551,0
97,44,308.436,26.3542
97,48,324.619,26.5116
97,49,111.544,0
97,52,272.123,23.229
97,53,159.176,0
97,54,114.586,0
97,55,290.786,21.2821
97,58,173.185,0
97,61,102.02,0.504948
97,67,257.443,4.93433
97,72,50.8035,0
97,82,161.941,0
97,85,335.964,28.4581
97,94,217.313,0
98,8,74.8239,4.62148
98,11,224.772,19.24
98,12,54.0833,1.67401
98,17,295.174,22.2288
98,18,249.008,21.3565
98,23,234.46,18.4818
98,24,310.378,24.3854
98,29,339.403,24.8445
98,39,268.789,23.0439
98,42,165.503,2.50256
98,45,319.411,15.747
98,51,365.127,31.1617
98,59,277.473,23.2884
98,60,217.451,18.5545
98,62,262.287,14.4286
98,63,285.619,22.0478
98,64,100.788,6.24179
98,66,152.846,12.8861
98,67,300.017,23.2629
98,73,284.854,14.7261
98,75,242.105,20.7619
98,76,182.975,10.4411
98,80,101.117,5.17785
98,84,224.426,19.2288
98,85,415.899,10.7339
98,86,226.833,19.1199
98,88,87.1913,5.86524
98,93,355.836,30.4515
98,95,235.431,9.47991
98,96,171.581,12.4825
99,7,42.19,0
99,47,70.0071,0
99,69,215.724,0
99,70,218.131,0
