0,4,113.04,0
0,14,61.6604,0
0,17,151.811,7.33691
0,29,96.7988,0
0,72,160.733,8.37466
0,80,78,0
1,5,110.351,4.51438
1,6,43.0116,0
1,18,111.041,0
1,30,104.139,0
1,39,97,0
1,44,111.803,0
1,48,78.1232,3.19595
1,54,75.9605,0
1,64,79.3095,0
1,65,127.063,0
1,66,97.9439,0
1,67,141.993,0
1,68,144.7,0
1,70,134.236,11.1285
1,76,17,0
1,87,148.492,0
1,90,126.006,9.81868
1,91,60.1664,0
1,93,91.1776,4.75301
1,97,32.45,0
2,3,104.89,0
2,9,141.481,0
2,11,119.854,0
2,12,64.7765,0
2,16,98.1529,0
2,22,116.829,0
2,28,117.027,4.96738
2,30,116.297,0
2,32,104.661,0
2,40,100.225,0
2,49,145.207,0
2,54,128.973,0
2,57,127.883,0
2,58,34.7131,0
2,60,62.6259,0
2,62,132.503,0
2,64,124.652,0
2,65,123.454,0
2,68,70.8378,0
2,69,168.337,10.641
2,71,141.566,0
2,74,124.788,0
2,77,16.4924,0
2,78,89.4539,0
2,79,105.437,0
2,84,120.154,0
2,86,131.015,0
2,87,54.4243,0
2,88,115.935,0
2,95,122.025,0
3,2,104.89,0
3,8,85.0941,0
3,28,99.7246,0
3,32,8.48528,0
3,37,139.119,0
3,40,91.9837,0
3,47,67.7422,0
3,50,84.7703,0
3,52,94.541,0
3,53,124.471,0
3,55,96.5091,0
3,58,110.693,0
3,59,54.4059,0
3,60,131.469,0
3,62,44.5982,0
3,69,131.228,7.19775
3,71,108.724,0
3,74,71.0634,0
3,77,119.808,0
3,79,10.6301,0
3,81,123.713,0
3,86,148.476,0
3,96,90.5539,0
4,0,113.04,0
4,7,177.62,14.0332
4,13,83.0528,6.98901
4,14,141.98,9.24806
4,17,171.045,10.4931
4,25,39.2046,0
4,29,121.117,8.73438
4,72,58.4555,2.39136
4,80,160.829,10.2603
4,85,137.607,11.7948
5,1,110.351,4.51438
5,6,121.925,9.95761
5,39,168.476,9.83764
5,46,136.781,0
5,48,30.2655,0
5,66,160.492,13.7378
5,70,14.0357,0
5,73,127.645,7.55193
5,76,91.4217,3.63121
5,90,8.08122,0.432923
5,91,121.593,8.22558
5,93,41.744,2.23629
5,97,133.7,6.24896
6,1,43.0116,0
6,5,121.925,9.95761
6,15,164,9.29577
6,18,148.661,0
6,30,116.726,0
6,39,138.611,0
6,46,149.282,0
6,48,94.2467,7.97199
6,54,85.1587,0
6,64,86.5794,0
6,65,144.807,0
6,66,132.442,0
6,68,146.874,0
6,70,147.38,12.4448
6,76,41.1947,0
6,84,141.439,0
6,87,134.239,0
6,90,131.242,11.2147
6,91,97.4166,0
6,93,121.3,10.1566
6,97,34.0147,0
6,98,160.473,7.51164
7,4,177.62,14.0332
7,13,122.98,1.88806
7,14,194.202,16.1225
7,17,180.275,11.6947
7,20,203.713,17.4337
7,25,190.31,8.10844
7,29,146.519,12.2524
7,33,155.415,2.40816
7,37,204.948,1.75561
7,38,214.671,18.3034
7,53,201.691,11.7823
7,56,184.514,15.4811
7,71,230.823,10.5452
7,72,121.754,0
7,75,206.632,17.6331
7,80,200.218,16.7129
7,85,100.804,3.47364
7,86,243.662,6.46608
7,89,201.366,7.62752
8,3,85.0941,0
8,23,101.71,0
8,27,75.0267,0
8,32,92.8493,0
8,33,91.2634,0
8,37,95.1893,0
8,38,121.807,0
8,40,86.267,0
8,47,131.59,0
8,50,122.984,0
8,52,17.6918,0
8,53,51.8652,0
8,55,48.3839,0
8,59,103.233,0
8,62,40.4969,0
8,71,63.8905,0
8,74,43.6005,0
8,79,75.9605,0
8,81,98.9545,0
8,86,128.445,0
8,96,96.6902,0
9,2,141.481,0
9,11,49.98,0
9,15,69.2947,4.71907
9,22,24.6982,0
9,24,53.6004,0
9,28,132.523,10.1976
9,31,139.808,8.72825
9,35,123.762,0
9,42,112.004,0
9,51,79.8499,0
9,58,108.046,0
9,60,79.0759,0
9,69,123.167,0
9,77,131.244,0
9,84,35.3553,0
9,87,119.269,0
9,94,148.923,0
9,95,38.8973,0
9,98,54.7837,3.26093
10,12,123.548,0
10,16,82.7647,0
10,18,120.839,0
10,19,7.81025,0
10,30,124.808,0
10,34,17.2627,0
10,44,127.122,0
10,49,33.9559,0
10,57,52.3259,0
10,61,58.0517,0
10,65,94.578,0
10,67,69.6419,0
10,68,127.883,0
10,78,92.5743,0
10,82,31.9531,0
10,85,199.74,17.0718
10,86,110.277,0
10,88,77.4661,0
10,89,81.8841,0
11,2,119.854,0
11,9,49.98,0
11,15,121.29,6.06985
11,22,39.6989,0
11,24,53.0754,0
11,28,74.5969,6.26834
11,32,165.124,9.06379
11,47,162.843,8.49693
11,51,121.696,0
11,58,85.44,0
11,60,62.2977,0
11,69,74.4043,0
11,77,114.948,0
11,84,66.8431,0
11,87,118.377,0
11,95,11.1803,0
11,98,107.646,4.82582
12,2,64.7765,0
12,10,123.548,0
12,16,41.4005,0
12,18,141.852,0
12,19,131.229,0
12,30,58.7963,0
12,34,135.093,0
12,40,116.245,0
12,49,91.2634,0
12,54,81.939,0
12,57,71.3442,0
12,58,90.934,0
12,60,110.136,0
12,64,78.5493,0
12,65,59.1354,0
12,67,89.2749,0
12,68,13.3417,0
12,77,60.2993,0
12,78,31.4006,0
12,82,149.201,0
12,84,149.335,0
12,86,116.726,0
12,87,60.8769,0
12,88,81.5414,0
12,89,148.946,0
12,97,132.185,0
13,4,83.0528,6.98901
13,7,122.98,1.88806
13,14,182.622,13.8264
13,17,197.909,16.9747
13,25,65.0737,5.20828
13,29,139.516,11.4662
13,33,272.826,4.65951
13,37,269.429,8.68295
13,72,46.6905,0
13,82,231.281,16.6293
13,85,54.8821,4.62119
13,89,153.483,13.1658
14,0,61.6604,0
14,4,141.98,9.24806
14,7,194.202,16.1225
14,13,182.622,13.8264
14,17,94.5151,7.27288
14,20,157.233,8.64126
14,29,48.3322,0
14,56,161.397,8.60044
14,72,134.288,5.42145
14,75,130.204,9.04222
14,80,19.2354,0
15,6,164,9.29577
15,9,69.2947,4.71907
15,11,121.29,6.06985
15,22,105.774,9.07313
15,24,101.831,2.4405
15,31,103.113,7.62555
15,35,84.4586,0.603019
15,42,65.8102,1.51122
15,46,207.716,9.66506
15,51,58.2372,1.03699
15,58,173.263,9.93275
15,60,145.986,9.73242
15,63,172.331,14.7766
15,83,158.017,13.1959
15,84,83.0097,7.11184
15,87,165.424,9.95552
15,92,121.693,0.668478
15,94,121.015,0.664752
15,95,111.174,6.31885
15,98,22.0907,0
16,2,98.1529,0
16,10,82.7647,0
16,12,41.4005,0
16,18,127.562,0
16,19,90.3383,0
16,30,69.2604,0
16,34,93.7443,0
16,37,135.978,0
16,40,112.539,0
16,44,136.125,0
16,49,49.93,0
16,54,100,0
16,57,30.4631,0
16,58,128.736,0
16,61,118.068,0
16,64,98.0816,0
16,65,49.6488,0
16,67,64.4981,0
16,68,48.4149,0
16,71,146.291,0
16,77,98.0306,0
16,78,10,0
16,82,107.801,0
16,86,93.1719,0
16,87,102.176,0
16,88,50.01,0
16,89,112.894,0
17,0,151.811,7.33691
17,4,171.045,10.4931
17,7,180.275,11.6947
17,13,197.909,16.9747
17,14,94.5151,7.27288
17,20,67.4759,0
17,29,49.7293,0
17,33,184.711,15.3288
17,38,134.239,0
17,41,103.121,0
17,45,108.559,0
17,56,67.4685,0
17,72,134.197,6.78644
17,75,46.3249,0
17,80,91.5037,7.84958
18,1,111.041,0
18,6,148.661,0
18,10,120.839,0
18,12,141.852,0
18,16,127.562,0
18,19,124.904,0
18,30,91.2414,0
18,34,137.186,0
18,39,91.3947,0
18,44,8.60233,0
18,49,123.438,0
18,54,97.3242,0
18,57,117.644,0
18,61,82.9699,0
18,64,100.975,0
18,65,83.2406,0
18,66,131.381,0
18,67,65.6049,0
18,68,134.134,0
18,76,124.808,0
18,78,130,0
18,82,149.335,0
18,91,109.772,0
18,97,118.224,0
19,10,7.81025,0
19,12,131.229,0
19,16,90.3383,0
19,18,124.904,0
19,30,132.31,0
19,34,12.3693,0
19,44,130.863,0
19,49,41.1096,0
19,57,59.9416,0
19,61,57.4891,0
19,65,102.078,0
19,67,76.2168,0
19,68,135.665,0
19,78,100.185,0
19,82,25.4951,0
19,85,196.141,16.8091
19,86,113.146,0
19,88,82.6075,0
19,89,80.7094,0
20,7,203.713,17.4337
20,14,157.233,8.64126
20,17,67.4759,0
20,21,122.188,0
20,23,116.692,0
20,27,130.924,0
20,29,116.902,0
20,33,133.135,0
20,38,84.386,0
20,41,36.1248,0
20,43,89.9444,0
20,45,41.1096,0
20,56,22.0227,0
20,75,32.7567,0
20,80,148.165,10.2075
21,20,122.188,0
21,23,119.388,4.84538
21,26,39.0512,0
21,27,147.235,4.95043
21,36,78.2212,5.09505
21,38,104.484,0
21,41,87.3212,0
21,43,32.249,0
21,45,81.2158,0
21,56,140.68,5.67953
21,75,149,0
22,2,116.829,0
22,9,24.6982,0
22,11,39.6989,0
22,15,105.774,9.07313
22,24,71.345,1.91489
22,28,111.038,8.27935
22,31,179.169,14.423
22,35,147.258,0
22,42,147.597,6.2886
22,51,104.278,0
22,58,83.3547,0
22,60,54.3783,0
22,69,113.455,0
22,77,106.888,0
22,84,27.2029,0
22,87,97.4936,0
22,95,29.6816,0
22,98,83.6665,6.88021
23,8,101.71,0
23,20,116.692,0
23,21,119.388,4.84538
23,26,120.615,0
23,27,27.8568,0
23,33,99.8499,0
23,36,93.8136,0
23,38,32.8024,0
23,41,92.6607,0
23,43,104.353,3.25845
23,45,95.7549,0
23,52,88,0
23,53,103.812,0
23,55,106.456,5.93298
23,56,102.801,0
23,62,139.014,0
23,71,140.46,0
23,74,141.209,0
23,75,148.6,0
23,81,113.952,0
23,96,145.086,0
24,9,53.6004,0
24,11,53.0754,0
24,15,101.831,2.4405
24,22,71.345,1.91489
24,28,109.883,5.08224
24,31,151.177,3.2959
24,35,131.795,0
24,42,131.59,0
24,51,85.1645,0
24,58,137.437,0
24,60,111.83,0
24,69,99.3227,0
24,84,88.0511,0
24,94,141.693,0
24,95,50.2195,0
24,98,95.3428,2.81331
25,4,39.2046,0
25,7,190.31,8.10844
25,13,65.0737,5.20828
25,29,126.097,1.22326
25,72,73.6516,6.27305
25,82,195.532,16.1085
25,85,84.2009,5.06228
25,89,156.205,9.64796
26,21,39.0512,0
26,23,120.615,0
26,27,147.201,0
26,36,43.0465,0
26,38,126.491,0
26,41,151.603,10.8562
26,43,82.2089,4.98409
26,45,144.129,10.1447
27,8,75.0267,0
27,20,130.924,0
27,21,147.235,4.95043
27,23,27.8568,0
27,26,147.201,0
27,33,80.3617,0
27,36,117.154,0
27,37,131.59,0
27,38,48.7032,0
27,40,149.883,0
27,41,112.579,0
27,43,135.427,5.06147
27,45,116.914,0
27,52,62.8013,0
27,53,77.2334,0
27,55,81.8447,3.34819
27,56,113.701,0
27,62,113.635,0
27,71,113.159,0
27,74,113.508,0
27,79,149.215,0
27,81,106.944,0
27,96,145.664,6.31074
28,2,117.027,4.96738
28,3,99.7246,0
28,9,132.523,10.1976
28,11,74.5969,6.26834
28,22,111.038,8.27935
28,24,109.883,5.08224
28,32,92.0272,0
28,47,88.6002,0
28,50,126.289,0
28,58,90.5822,4.7648
28,59,110.168,0
28,60,92.8167,6.86006
28,62,144.312,0
28,69,56.509,4.66363
28,77,120.02,4.94579
28,79,109.252,0
28,84,133.432,8.20525
28,87,145.056,6.87998
28,95,87.4533,7.2278
29,0,96.7988,0
29,4,121.117,8.73438
29,7,146.519,12.2524
29,13,139.516,11.4662
29,14,48.3322,0
29,17,49.7293,0
29,20,116.902,0
29,25,126.097,1.22326
29,56,114.004,0
29,72,91.3732,3.81403
29,75,94.9368,0
29,80,53.0848,0
29,85,188.45,16.1
30,1,104.139,0
30,2,116.297,0
30,6,116.726,0
30,10,124.808,0
30,12,58.7963,0
30,16,69.2604,0
30,18,91.2414,0
30,19,132.31,0
30,34,140.801,0
30,44,99.0404,0
30,49,102.528,0
30,54,31.5753,0
30,57,83.9345,0
30,58,132.673,0
30,60,142.088,0
30,61,129.495,0
30,64,30.6757,0
30,65,30.2324,0
30,67,62.2013,0
30,68,47.5079,0
30,76,120.839,0
30,77,106.042,0
30,78,64.5368,0
30,87,84.0536,0
30,88,119.206,0
30,91,145.962,0
30,97,84.214,0
31,9,139.808,8.72825
31,15,103.113,7.62555
31,22,179.169,14.423
31,24,151.177,3.2959
31,35,45.1774,0
31,42,18.6815,0
31,46,77.456,5.74773
31,51,65.192,0
31,63,76.7026,6.41928
31,83,78.2133,6.70664
31,84,197.678,14.682
31,92,94.5098,5.33132
31,94,87.4757,0
31,98,116.041,9.29664
31,99,114.666,0.623035
32,2,104.661,0
32,3,8.48528,0
32,8,92.8493,0
32,11,165.124,9.06379
32,28,92.0272,0
32,37,147.248,0
32,40,99.2018,0
32,47,61.131,0
32,50,81.1542,0
32,52,101.637,0
32,53,132.91,0
32,55,101.597,0
32,58,107.782,0
32,59,50.9902,0
32,60,127.201,0
32,62,52.3927,0
32,69,122.679,7.0631
32,71,117.068,0
32,74,79.511,0
32,77,119.004,0
32,79,19.105,0
32,81,125.782,0
32,96,90.6863,0
33,7,155.415,2.40816
33,8,91.2634,0
33,13,272.826,4.65951
33,17,184.711,15.3288
33,20,133.135,0
33,23,99.8499,0
33,27,80.3617,0
33,37,114.338,8.00518
33,38,92.0978,0
33,40,113.864,0
33,41,136.616,0
33,45,143.892,0
33,52,95.3415,0
33,53,43.6005,0
33,55,126.531,0
33,56,111.113,0
33,62,126.574,0
33,71,72.3671,0
33,72,277.16,2.48183
33,74,99.8499,0
33,85,228.614,4.62921
33,86,199.251,10.2575
33,89,249.905,6.59567
34,10,17.2627,0
34,12,135.093,0
34,16,93.7443,0
34,18,137.186,0
34,19,12.3693,0
34,30,140.801,0
34,37,190.835,15.8694
34,44,143.199,0
34,49,43.8292,0
34,57,64.0312,0
34,61,68.8186,0
34,65,110.639,0
34,67,86.8332,0
34,68,140.584,0
34,78,103.73,0
34,82,15.2643,0
34,85,184.753,15.7909
34,86,105.475,0
34,88,79.0253,0
34,89,69.2026,0
35,9,123.762,0
35,15,84.4586,0.603019
35,22,147.258,0
35,24,131.795,0
35,31,45.1774,0
35,42,28.4605,0
35,46,129.076,10.725
35,51,47.1699,0
35,63,61.5873,0
35,83,54.1202,0
35,84,139.989,0
35,92,48.5977,3.59185
35,94,42.72,0
35,98,98.9054,3.22566
35,99,93.6521,5.95032
36,21,78.2212,5.09505
36,23,93.8136,0
36,26,43.0465,0
36,27,117.154,0
36,38,109.895,0
36,41,129.031,0
36,43,92.5425,2.79597
36,45,129.02,1.53408
36,55,156.356,6.20571
36,81,126.063,0
37,3,139.119,0
37,7,204.948,1.75561
37,8,95.1893,0
37,13,269.429,8.68295
37,16,135.978,0
37,27,131.59,0
37,32,147.248,0
37,33,114.338,8.00518
37,34,190.835,15.8694
37,40,56.6127,0
37,49,150.998,7.8613
37,52,109.636,0
37,53,55.2178,0
37,55,143.178,0
37,57,148.555,5.34873
37,62,110.422,0
37,71,33.2415,0
37,74,70.8802,0
37,78,139.463,0
37,79,128.798,0
37,82,213.214,17.9734
37,85,209.767,5.01539
37,86,56.1075,4.3065
37,88,94.0008,2.15039
37,89,143.251,7.75254
38,7,214.671,18.3034
38,8,121.807,0
38,17,134.239,0
38,20,84.386,0
38,21,104.484,0
38,23,32.8024,0
38,26,126.491,0
38,27,48.7032,0
38,33,92.0978,0
38,36,109.895,0
38,41,63.8905,0
38,43,101.663,6.92801
38,45,68.4471,0
38,52,111.086,0
38,53,109.731,0
38,55,134.443,5.66413
38,56,70,0
38,71,147.679,0
38,75,115.974,0
38,81,146.659,0
39,1,97,0
39,5,168.476,9.83764
39,6,138.611,0
39,18,91.3947,0
39,44,84.6463,0
39,48,133.107,1.73362
39,54,142.888,0
39,64,147.353,0
39,66,43.9318,0
39,70,172.291,13.3137
39,73,156.101,13.3871
39,76,98.4784,0
39,90,168.851,11.6405
39,91,46.5296,0
39,93,123.243,0.655396
39,97,125.3,0
40,2,100.225,0
40,3,91.9837,0
40,8,86.267,0
40,12,116.245,0
40,16,112.539,0
40,27,149.883,0
40,32,99.2018,0
40,33,113.864,0
40,37,56.6127,0
40,49,130.614,0
40,52,103.947,0
40,53,78.9177,0
40,55,131.244,0
40,57,125.925,0
40,58,129.808,0
40,59,142.032,0
40,62,78.4474,0
40,68,129.449,0
40,71,42,0
40,74,43.6005,0
40,77,115.261,0
40,78,112.004,0
40,79,82.8734,0
40,86,56.5685,0
40,87,149.013,0
40,88,81.939,0
40,89,130.906,7.01281
41,17,103.121,0
41,20,36.1248,0
41,21,87.3212,0
41,23,92.6607,0
41,26,151.603,10.8562
41,27,112.579,0
41,33,136.616,0
41,36,129.031,0
41,38,63.8905,0
41,43,55.3624,0
41,45,7.81025,0
41,56,41.5933,0
41,75,67.0522,0
42,9,112.004,0
42,15,65.8102,1.51122
42,22,147.597,6.2886
42,24,131.59,0
42,31,18.6815,0
42,35,28.4605,0
42,46,95.6824,6.6134
42,51,49.0408,0
42,63,83.4005,7.06673
42,83,81.0498,6.95164
42,84,145.792,9.62153
42,92,78.2624,4.65847
42,94,71.1688,0
42,95,149.566,0
42,98,82.1612,4.07835
42,99,118.595,6.53309
43,20,89.9444,0
43,21,32.249,0
43,23,104.353,3.25845
43,26,82.2089,4.98409
43,27,135.427,5.06147
43,36,92.5425,2.79597
43,38,101.663,6.92801
43,41,55.3624,0
43,45,49.0306,0
43,56,96.566,0
43,75,117.068,0
44,1,111.803,0
44,10,127.122,0
44,16,136.125,0
44,18,8.60233,0
44,19,130.863,0
44,30,99.0404,0
44,34,143.199,0
44,39,84.6463,0
44,49,131.061,0
44,54,103.586,0
44,57,125.801,0
44,61,86.3134,0
44,64,107.378,0
44,65,91.7878,0
44,66,125.575,0
44,67,73.8783,0
44,68,142.443,0
44,76,124.808,0
44,78,138.6,0
44,91,105.906,0
44,97,121.264,0
45,17,108.559,0
45,20,41.1096,0
45,21,81.2158,0
45,23,95.7549,0
45,26,144.129,10.1447
45,27,116.914,0
45,33,143.892,0
45,36,129.02,1.53408
45,38,68.4471,0
45,41,7.81025,0
45,43,49.0306,0
45,56,48.8774,0
45,75,70.406,0
46,5,136.781,0
46,6,149.282,0
46,15,207.716,9.66506
46,31,77.456,5.74773
46,35,129.076,10.725
46,42,95.6824,6.6134
46,48,140.943,0
46,51,141.149,6.16699
46,63,56.0892,0
46,83,63.3877,0
46,90,144.864,0.502949
46,92,172.307,14.7763
46,94,184.492,15.8034
46,98,229.316,9.82344
46,99,135.148,0
47,3,67.7422,0
47,8,131.59,0
47,11,162.843,8.49693
47,28,88.6002,0
47,32,61.131,0
47,50,37.6962,0
47,52,132.91,0
47,55,116.297,0
47,58,143.402,0
47,59,30.0167,0
47,62,97.0979,0
47,69,78.2304,0
47,74,133.825,0
47,79,76.9025,0
47,81,114,0
47,96,72.0069,0
48,1,78.1232,3.19595
48,5,30.2655,0
48,6,94.2467,7.97199
48,39,133.107,1.73362
48,46,140.943,0
48,54,152.858,5.09954
48,64,156.362,5.54481
48,66,117.046,5.8575
48,70,52.0358,4.4389
48,73,160.632,13.415
48,76,54.3415,0
48,90,40.6418,3.3192
48,91,84.4586,0.603019
48,93,29.0045,2.45685
48,97,102.457,5.61967
49,2,145.207,0
49,10,33.9559,0
49,12,91.2634,0
49,16,49.93,0
49,18,123.438,0
49,19,41.1096,0
49,30,102.528,0
49,34,43.8292,0
49,37,150.998,7.8613
49,40,130.614,0
49,44,131.061,0
49,54,133.765,0
49,57,20.5183,0
49,61,82.0792,0
49,64,133.195,0
49,65,73.4983,0
49,67,60.6383,0
49,68,97,0
49,77,146.932,0
49,78,59.9083,0
49,82,58.1378,0
49,86,89.1067,0
49,88,48.7647,0
49,89,80.2247,0
50,3,84.7703,0
50,8,122.984,0
50,28,126.289,0
50,32,81.1542,0
50,47,37.6962,0
50,52,119.281,0
50,55,94.8472,0
50,59,30.3645,0
50,62,97.4936,0
50,69,113.283,0
50,74,137.463,0
50,79,90.802,0
50,81,80.2309,0
50,96,39.9249,0
51,9,79.8499,0
51,11,121.696,0
51,15,58.2372,1.03699
51,22,104.278,0
51,24,85.1645,0
51,31,65.192,0
51,35,47.1699,0
51,42,49.0408,0
51,46,141.149,6.16699
51,63,123.837,7.51604
51,83,99.3277,0
51,84,102.303,0
51,92,73.9256,0
51,94,69.6419,0
51,95,112.45,0
51,98,64.9302,2.17591
51,99,120.334,0.527695
52,3,94.541,0
52,8,17.6918,0
52,23,88,0
52,27,62.8013,0
52,32,101.637,0
52,33,95.3415,0
52,37,109.636,0
52,38,111.086,0
52,40,103.947,0
52,47,132.91,0
52,50,119.281,0
52,53,61.131,0
52,55,34.0588,0
52,59,103.392,0
52,62,51.0392,0
52,71,79.7057,0
52,74,61.2209,0
52,79,86.4696,0
52,81,84.7172,0
52,86,144.903,0
52,96,88.6002,0
53,3,124.471,0
53,7,201.691,11.7823
53,8,51.8652,0
53,23,103.812,0
53,27,77.2334,0
53,32,132.91,0
53,33,43.6005,0
53,37,55.2178,0
53,38,109.731,0
53,40,78.9177,0
53,52,61.131,0
53,55,95.0211,0
53,56,147.503,0
53,62,83.6301,0
53,71,37.9473,0
53,74,56.8595,0
53,79,114.018,0
53,81,151.176,2.87921
53,85,248.715,14.765
53,86,97.591,0
53,88,141.032,0
53,89,225.777,14.9665
53,96,148.192,0
54,1,75.9605,0
54,2,128.973,0
54,6,85.1587,0
54,12,81.939,0
54,16,100,0
54,18,97.3242,0
54,30,31.5753,0
54,39,142.888,0
54,44,103.586,0
54,48,152.858,5.09954
54,49,133.765,0
54,57,115.447,0
54,58,137.743,0
54,60,140.684,0
54,64,4.47214,0
54,65,60.5392,0
54,67,88.0909,0
54,68,68.8767,0
54,76,92.0489,0
54,77,115.802,0
54,78,94.3398,0
54,84,145.344,0
54,87,85.0882,0
54,91,124.652,0
54,97,53,0
55,3,96.5091,0
55,8,48.3839,0
55,23,106.456,5.93298
55,27,81.8447,3.34819
55,32,101.597,0
55,33,126.531,0
55,36,156.356,6.20571
55,37,143.178,0
55,38,134.443,5.66413
55,40,131.244,0
55,47,116.297,0
55,50,94.8472,0
55,52,34.0588,0
55,53,95.0211,0
55,59,86.406,0
55,62,61.9112,0
55,71,112.272,0
55,74,87.6584,0
55,79,91.4822,0
55,81,50.8035,0
55,96,59.0762,0
56,7,184.514,15.4811
56,14,161.397,8.60044
56,17,67.4685,0
56,20,22.0227,0
56,21,140.68,5.67953
56,23,102.801,0
56,27,113.701,0
56,29,114.004,0
56,33,111.113,0
56,38,70,0
56,41,41.5933,0
56,43,96.566,0
56,45,48.8774,0
56,53,147.503,0
56,75,47.4342,0
56,80,153.091,9.83703
57,2,127.883,0
57,10,52.3259,0
57,12,71.3442,0
57,16,30.4631,0
57,18,117.644,0
57,19,59.9416,0
57,30,83.9345,0
57,34,64.0312,0
57,37,148.555,5.34873
57,40,125.925,0
57,44,125.801,0
57,49,20.5183,0
57,54,115.447,0
57,61,91.4112,0
57,64,114.56,0
57,65,56.2228,0
57,67,52.1536,0
57,68,76.5768,0
57,77,128.413,0
57,78,40.2492,0
57,82,78.5684,0
57,86,92.4392,0
57,87,131.605,0
57,88,47.8017,0
57,89,95.3362,0
58,2,34.7131,0
58,3,110.693,0
58,9,108.046,0
58,11,85.44,0
58,12,90.934,0
58,15,173.263,9.93275
58,16,128.736,0
58,22,83.3547,0
58,24,137.437,0
58,28,90.5822,4.7648
58,30,132.673,0
58,32,107.782,0
58,40,129.808,0
58,47,143.402,0
58,54,137.743,0
58,60,29.0689,0
58,62,146.697,0
58,64,133.27,0
58,65,146.123,0
58,68,93,0
58,69,147.059,11.2014
58,74,147.489,0
58,77,30.8058,0
58,78,119.369,0
58,79,114.481,0
58,84,90.2441,0
58,87,53,0
58,95,87.3212,0
58,98,152.622,6.0575
59,3,54.4059,0
59,8,103.233,0
59,28,110.168,0
59,32,50.9902,0
59,40,142.032,0
59,47,30.0167,0
59,50,30.3645,0
59,52,103.392,0
59,55,86.406,0
59,62,71.8679,0
59,69,106.099,0
59,71,148.96,0
59,74,110.86,0
59,79,60.6712,0
59,81,89.2693,0
59,96,48.0833,0
60,2,62.6259,0
60,3,131.469,0
60,9,79.0759,0
60,11,62.2977,0
60,12,110.136,0
60,15,145.986,9.73242
60,22,54.3783,0
60,24,111.83,0
60,28,92.8167,6.86006
60,30,142.088,0
60,32,127.201,0
60,54,140.684,0
60,58,29.0689,0
60,64,136.308,0
60,68,109.142,0
60,69,161.987,13.748
60,77,54.2033,0
60,78,140.528,0
60,79,136.781,0
60,84,62.3939,0
60,87,58.0345,0
60,95,61.7738,0
60,98,124.244,5.83005
61,10,58.0517,0
61,16,118.068,0
61,18,82.9699,0
61,19,57.4891,0
61,30,129.495,0
61,34,68.8186,0
61,44,86.3134,0
61,49,82.0792,0
61,57,91.4112,0
61,65,103.078,0
61,67,68.0294,0
61,78,126.016,0
61,82,76.0592,0
61,88,130.679,0
61,89,138.004,0
62,2,132.503,0
62,3,44.5982,0
62,8,40.4969,0
62,23,139.014,0
62,27,113.635,0
62,28,144.312,0
62,32,52.3927,0
62,33,126.574,0
62,37,110.422,0
62,40,78.4474,0
62,47,97.0979,0
62,50,97.4936,0
62,52,51.0392,0
62,53,83.6301,0
62,55,61.9112,0
62,58,146.697,0
62,59,71.8679,0
62,71,77.3692,0
62,74,40.1123,0
62,77,148.772,0
62,79,35.6931,0
62,81,102.801,0
62,86,131.856,0
62,96,83.4326,0
63,15,172.331,14.7766
63,31,76.7026,6.41928
63,35,61.5873,0
63,42,83.4005,7.06673
63,46,56.0892,0
63,51,123.837,7.51604
63,83,8.94427,0
63,92,90.5948,6.69585
63,94,106.854,8.29515
63,98,184.042,15.7687
63,99,79.0759,0
64,1,79.3095,0
64,2,124.652,0
64,6,86.5794,0
64,12,78.5493,0
64,16,98.0816,0
64,18,100.975,0
64,30,30.6757,0
64,39,147.353,0
64,44,107.378,0
64,48,156.362,5.54481
64,49,133.195,0
64,54,4.47214,0
64,57,114.56,0
64,58,133.27,0
64,60,136.308,0
64,65,60.3738,0
64,67,89.1964,0
64,68,65.3911,0
64,76,95.1893,0
64,77,111.4,0
64,78,92.0869,0
64,84,141.792,0
64,87,80.6226,0
64,88,148.03,0
64,91,128.818,0
64,97,55.1453,0
65,1,127.063,0
65,2,123.454,0
65,6,144.807,0
65,10,94.578,0
65,12,59.1354,0
65,16,49.6488,0
65,18,83.2406,0
65,19,102.078,0
65,30,30.2324,0
65,34,110.639,0
65,44,91.7878,0
65,49,73.4983,0
65,54,60.5392,0
65,57,56.2228,0
65,58,146.123,0
65,61,103.078,0
65,64,60.3738,0
65,67,35.1141,0
65,68,53.3385,0
65,76,144.056,0
65,77,116.726,0
65,78,49.0408,0
65,82,125.897,0
65,86,141.683,0
65,87,103.368,0
65,88,97.0155,0
65,97,111.4,0
66,1,97.9439,0
66,5,160.492,13.7378
66,6,132.442,0
66,18,131.381,0
66,39,43.9318,0
66,44,125.575,0
66,48,117.046,5.8575
66,70,149.434,12.5474
66,73,106.902,8.58656
66,76,91.7606,0
66,90,157.138,13.1424
66,91,38.2753,0
66,93,105.107,6.00195
66,97,130.177,0
67,1,141.993,0
67,10,69.6419,0
67,12,89.2749,0
67,16,64.4981,0
67,18,65.6049,0
67,19,76.2168,0
67,30,62.2013,0
67,34,86.8332,0
67,44,73.8783,0
67,49,60.6383,0
67,54,88.0909,0
67,57,52.1536,0
67,61,68.0294,0
67,64,89.1964,0
67,65,35.1141,0
67,68,86.209,0
67,77,149.003,0
67,78,69.0797,0
67,82,101.533,0
67,86,144.586,0
67,87,138.246,0
67,88,99.8649,0
67,89,140.431,0
67,97,133.33,0
68,1,144.7,0
68,2,70.8378,0
68,6,146.874,0
68,10,127.883,0
68,12,13.3417,0
68,16,48.4149,0
68,18,134.134,0
68,19,135.665,0
68,30,47.5079,0
68,34,140.584,0
68,40,129.449,0
68,44,142.443,0
68,49,97,0
68,54,68.8767,0
68,57,76.5768,0
68,58,93,0
68,60,109.142,0
68,64,65.3911,0
68,65,53.3385,0
68,67,86.209,0
68,77,63.3877,0
68,78,38.833,0
68,84,143.224,0
68,86,129.387,0
68,87,55.5698,0
68,88,92.6553,0
68,97,118.849,0
69,2,168.337,10.641
69,3,131.228,7.19775
69,9,123.167,0
69,11,74.4043,0
69,22,113.455,0
69,24,99.3227,0
69,28,56.509,4.66363
69,32,122.679,7.0631
69,47,78.2304,0
69,50,113.283,0
69,58,147.059,11.2014
69,59,106.099,0
69,60,161.987,13.748
69,77,175.201,11.6332
69,79,141.928,7.37305
69,84,140.071,0
69,95,85.4459,0
70,1,134.236,11.1285
70,5,14.0357,0
70,6,147.38,12.4448
70,39,172.291,13.3137
70,48,52.0358,4.4389
70,66,149.434,12.5474
70,73,113.624,7.33504
70,76,119.303,10.2343
70,90,7.28011,0
70,91,115.979,8.53889
70,93,40.0453,0.905787
70,97,166.038,13.9441
71,2,141.566,0
71,3,108.724,0
71,7,230.823,10.5452
71,8,63.8905,0
71,16,146.291,0
71,23,140.46,0
71,27,113.159,0
71,32,117.068,0
71,33,72.3671,0
71,37,33.2415,0
71,38,147.679,0
71,40,42,0
71,52,79.7057,0
71,53,37.9473,0
71,55,112.272,0
71,59,148.96,0
71,62,77.3692,0
71,74,38.4838,0
71,78,147.597,0
71,79,98.1835,0
71,85,248.925,13.3353
71,86,65.5134,0
71,88,106.066,0
71,89,172.181,14.1616
72,0,160.733,8.37466
72,4,58.4555,2.39136
72,7,121.754,0
72,13,46.6905,0
72,14,134.288,5.42145
72,17,134.197,6.78644
72,25,73.6516,6.27305
72,29,91.3732,3.81403
72,33,277.16,2.48183
72,80,139.472,2.91426
72,85,80.9143,6.87936
72,89,191.979,16.1198
73,5,127.645,7.55193
73,39,156.101,13.3871
73,48,160.632,13.415
73,66,106.902,8.58656
73,70,113.624,7.33504
73,76,174.859,13.5121
73,90,123.848,8.39574
73,91,129.985,10.5383
73,93,140.813,12.0628
74,2,124.788,0
74,3,71.0634,0
74,8,43.6005,0
74,23,141.209,0
74,27,113.508,0
74,32,79.511,0
74,33,99.8499,0
74,37,70.8802,0
74,40,43.6005,0
74,47,133.825,0
74,50,137.463,0
74,52,61.2209,0
74,53,56.8595,0
74,55,87.6584,0
74,58,147.489,0
74,59,110.86,0
74,62,40.1123,0
74,71,38.4838,0
74,77,141.152,0
74,79,60.4401,0
74,81,135.518,0
74,86,92.7631,0
74,88,124.824,0
74,89,196.018,16.3348
74,96,122.188,0
75,7,206.632,17.6331
75,14,130.204,9.04222
75,17,46.3249,0
75,20,32.7567,0
75,21,149,0
75,23,148.6,0
75,29,94.9368,0
75,38,115.974,0
75,41,67.0522,0
75,43,117.068,0
75,45,70.406,0
75,56,47.4342,0
75,80,117.6,9.37196
76,1,17,0
76,5,91.4217,3.63121
76,6,41.1947,0
76,18,124.808,0
76,30,120.839,0
76,39,98.4784,0
76,44,124.808,0
76,48,54.3415,0
76,54,92.0489,0
76,64,95.1893,0
76,65,144.056,0
76,66,91.7606,0
76,70,119.303,10.2343
76,73,174.859,13.5121
76,90,109.008,9.05555
76,91,56.2228,0
76,93,75.2358,4.87242
76,97,44.2041,0
77,2,16.4924,0
77,3,119.808,0
77,9,131.244,0
77,11,114.948,0
77,12,60.2993,0
77,16,98.0306,0
77,22,106.888,0
77,28,120.02,4.94579
77,30,106.042,0
77,32,119.004,0
77,40,115.261,0
77,49,146.932,0
77,54,115.802,0
77,57,128.413,0
77,58,30.8058,0
77,60,54.2033,0
77,62,148.772,0
77,64,111.4,0
77,65,116.726,0
77,67,149.003,0
77,68,63.3877,0
77,69,175.201,11.6332
77,74,141.152,0
77,78,88.6002,0
77,79,120.95,0
77,84,107.355,0
77,86,142.172,0
77,87,38.0789,0
77,88,122.577,0
77,95,115.663,0
78,2,89.4539,0
78,10,92.5743,0
78,12,31.4006,0
78,16,10,0
78,18,130,0
78,19,100.185,0
78,30,64.5368,0
78,34,103.73,0
78,37,139.463,0
78,40,112.004,0
78,44,138.6,0
78,49,59.9083,0
78,54,94.3398,0
78,57,40.2492,0
78,58,119.369,0
78,60,140.528,0
78,61,126.016,0
78,64,92.0869,0
78,65,49.0408,0
78,67,69.0797,0
78,68,38.833,0
78,71,147.597,0
78,77,88.6002,0
78,82,117.801,0
78,86,97.7394,0
78,87,92.1954,0
78,88,56.4358,0
78,89,121.264,0
78,97,147.218,0
79,2,105.437,0
79,3,10.6301,0
79,8,75.9605,0
79,27,149.215,0
79,28,109.252,0
79,32,19.105,0
79,37,128.798,0
79,40,82.8734,0
79,47,76.9025,0
79,50,90.802,0
79,52,86.4696,0
79,53,114.018,0
79,55,91.4822,0
79,58,114.481,0
79,59,60.6712,0
79,60,136.781,0
79,62,35.6931,0
79,69,141.928,7.37305
79,71,98.1835,0
79,74,60.4401,0
79,77,120.95,0
79,81,122.613,0
79,86,139.442,0
79,96,92.2009,0
80,0,78,0
80,4,160.829,10.2603
80,7,200.218,16.7129
80,14,19.2354,0
80,17,91.5037,7.84958
80,20,148.165,10.2075
80,29,53.0848,0
80,56,153.091,9.83703
80,72,139.472,2.91426
80,75,117.6,9.37196
81,3,123.713,0
81,8,98.9545,0
81,23,113.952,0
81,27,106.944,0
81,32,125.782,0
81,36,126.063,0
81,38,146.659,0
81,47,114,0
81,50,80.2309,0
81,52,84.7172,0
81,53,151.176,2.87921
81,55,50.8035,0
81,59,89.2693,0
81,62,102.801,0
81,74,135.518,0
81,79,122.613,0
81,96,42.0119,0
82,10,31.9531,0
82,12,149.201,0
82,13,231.281,16.6293
82,16,107.801,0
82,18,149.335,0
82,19,25.4951,0
82,25,195.532,16.1085
82,34,15.2643,0
82,37,213.214,17.9734
82,49,58.1378,0
82,57,78.5684,0
82,61,76.0592,0
82,65,125.897,0
82,67,101.533,0
82,78,117.801,0
82,85,169.681,14.4758
82,86,113.261,1.98158
82,88,88.2836,0
82,89,120.151,4.38811
83,15,158.017,13.1959
83,31,78.2133,6.70664
83,35,54.1202,0
83,42,81.0498,6.95164
83,46,63.3877,0
83,51,99.3277,0
83,63,8.94427,0
83,92,81.6253,6.39005
83,94,97.9615,7.9391
83,98,166.442,13.3055
83,99,72.0347,0
84,2,120.154,0
84,6,141.439,0
84,9,35.3553,0
84,11,66.8431,0
84,12,149.335,0
84,15,83.0097,7.11184
84,22,27.2029,0
84,24,88.0511,0
84,28,133.432,8.20525
84,31,197.678,14.682
84,35,139.989,0
84,42,145.792,9.62153
84,51,102.303,0
84,54,145.344,0
84,58,90.2441,0
84,60,62.3939,0
84,64,141.792,0
84,68,143.224,0
84,69,140.071,0
84,77,107.355,0
84,87,88.459,0
84,95,56.8595,0
84,97,145.527,0
84,98,62.6053,4.9063
85,4,137.607,11.7948
85,7,100.804,3.47364
85,10,199.74,17.0718
85,13,54.8821,4.62119
85,19,196.141,16.8091
85,25,84.2009,5.06228
85,29,188.45,16.1
85,33,228.614,4.62921
85,34,184.753,15.7909
85,37,209.767,5.01539
85,53,248.715,14.765
85,71,248.925,13.3353
85,72,80.9143,6.87936
85,82,169.681,14.4758
85,86,209.796,8.669
85,88,197.041,16.899
85,89,111.164,9.21856
86,2,131.015,0
86,3,148.476,0
86,7,243.662,6.46608
86,8,128.445,0
86,10,110.277,0
86,12,116.726,0
86,16,93.1719,0
86,19,113.146,0
86,33,199.251,10.2575
86,34,105.475,0
86,37,56.1075,4.3065
86,40,56.5685,0
86,49,89.1067,0
86,52,144.903,0
86,53,97.591,0
86,57,92.4392,0
86,62,131.856,0
86,65,141.683,0
86,67,144.586,0
86,68,129.387,0
86,71,65.5134,0
86,74,92.7631,0
86,77,142.172,0
86,78,97.7394,0
86,79,139.442,0
86,82,113.261,1.98158
86,85,209.796,8.669
86,88,45.1885,0
86,89,61.3609,1.47645
87,1,148.492,0
87,2,54.4243,0
87,6,134.239,0
87,9,119.269,0
87,11,118.377,0
87,12,60.8769,0
87,15,165.424,9.95552
87,16,102.176,0
87,22,97.4936,0
87,28,145.056,6.87998
87,30,84.0536,0
87,40,149.013,0
87,54,85.0882,0
87,57,131.605,0
87,58,53,0
87,60,58.0345,0
87,64,80.6226,0
87,65,103.368,0
87,67,138.246,0
87,68,55.5698,0
87,77,38.0789,0
87,78,92.1954,0
87,84,88.459,0
87,88,139.23,0
87,95,115.447,0
87,97,116.846,0
87,98,147.92,6.62173
88,2,115.935,0
88,10,77.4661,0
88,12,81.5414,0
88,16,50.01,0
88,19,82.6075,0
88,30,119.206,0
88,34,79.0253,0
88,37,94.0008,2.15039
88,40,81.939,0
88,49,48.7647,0
88,53,141.032,0
88,57,47.8017,0
88,61,130.679,0
88,64,148.03,0
88,65,97.0155,0
88,67,99.8649,0
88,68,92.6553,0
88,71,106.066,0
88,74,124.824,0
88,77,122.577,0
88,78,56.4358,0
88,82,88.2836,0
88,85,197.041,16.899
88,86,45.1885,0
88,87,139.23,0
88,89,67.9559,0
89,7,201.366,7.62752
89,10,81.8841,0
89,12,148.946,0
89,13,153.483,13.1658
89,16,112.894,0
89,19,80.7094,0
89,25,156.205,9.64796
89,33,249.905,6.59567
89,34,69.2026,0
89,37,143.251,7.75254
89,40,130.906,7.01281
89,49,80.2247,0
89,53,225.777,14.9665
89,57,95.3362,0
89,61,138.004,0
89,67,140.431,0
89,71,172.181,14.1616
89,72,191.979,16.1198
89,74,196.018,16.3348
89,78,121.264,0
89,82,120.151,4.38811
89,85,111.164,9.21856
89,86,61.3609,1.47645
89,88,67.9559,0
90,1,126.006,9.81868
90,5,8.08122,0.432923
90,6,131.242,11.2147
90,39,168.851,11.6405
90,46,144.864,0.502949
90,48,40.6418,3.3192
90,66,157.138,13.1424
90,70,7.28011,0
90,73,123.848,8.39574
90,76,109.008,9.05555
90,91,118.197,8.58
90,93,39.8497,0
90,97,152.635,11.9075
91,1,60.1664,0
91,5,121.593,8.22558
91,6,97.4166,0
91,18,109.772,0
91,30,145.962,0
91,39,46.5296,0
91,44,105.906,0
91,48,84.4586,0.603019
91,54,124.652,0
91,64,128.818,0
91,66,38.2753,0
91,70,115.979,8.53889
91,73,129.985,10.5383
91,76,56.2228,0
91,90,118.197,8.58
91,93,78.565,0.654326
91,97,92.1358,0
92,15,121.693,0.668478
92,31,94.5098,5.33132
92,35,48.5977,3.59185
92,42,78.2624,4.65847
92,46,172.307,14.7763
92,51,73.9256,0
92,63,90.5948,6.69585
92,83,81.6253,6.39005
92,94,12.0416,0
92,98,134.466,3.04148
92,99,45.607,0
93,1,91.1776,4.75301
93,5,41.744,2.23629
93,6,121.3,10.1566
93,39,123.243,0.655396
93,48,29.0045,2.45685
93,66,105.107,6.00195
93,70,40.0453,0.905787
93,73,140.813,12.0628
93,76,75.2358,4.87242
93,90,39.8497,0
93,91,78.565,0.654326
93,97,129.391,9.79505
94,9,148.923,0
94,15,121.015,0.664752
94,24,141.693,0
94,31,87.4757,0
94,35,42.72,0
94,42,71.1688,0
94,46,184.492,15.8034
94,51,69.6419,0
94,63,106.854,8.29515
94,83,97.9615,7.9391
94,92,12.0416,0
94,98,132.154,2.6599
94,99,53.1507,0
95,2,122.025,0
95,9,38.8973,0
95,11,11.1803,0
95,15,111.174,6.31885
95,22,29.6816,0
95,24,50.2195,0
95,28,87.4533,7.2278
95,42,149.566,0
95,51,112.45,0
95,58,87.3212,0
95,60,61.7738,0
95,69,85.4459,0
95,77,115.663,0
95,84,56.8595,0
95,87,115.447,0
95,98,100.788,6.24179
96,3,90.5539,0
96,8,96.6902,0
96,23,145.086,0
96,27,145.664,6.31074
96,32,90.6863,0
96,47,72.0069,0
96,50,39.9249,0
96,52,88.6002,0
96,53,148.192,0
96,55,59.0762,0
96,59,48.0833,0
96,62,83.4326,0
96,74,122.188,0
96,79,92.2009,0
96,81,42.0119,0
97,1,32.45,0
97,5,133.7,6.24896
97,6,34.0147,0
97,12,132.185,0
97,18,118.224,0
97,30,84.214,0
97,39,125.3,0
97,44,121.264,0
97,48,102.457,5.61967
97,54,53,0
97,64,55.1453,0
97,65,111.4,0
97,66,130.177,0
97,67,133.33,0
97,68,118.849,0
97,70,166.038,13.9441
97,76,44.2041,0
97,78,147.218,0
97,84,145.527,0
97,87,116.846,0
97,90,152.635,11.9075
97,91,92.1358,0
97,93,129.391,9.79505
98,6,160.473,7.51164
98,9,54.7837,3.26093
98,11,107.646,4.82582
98,15,22.0907,0
98,22,83.6665,6.88021
98,24,95.3428,2.81331
98,31,116.041,9.29664
98,35,98.9054,3.22566
98,42,82.1612,4.07835
98,46,229.316,9.82344
98,51,64.9302,2.17591
98,58,152.622,6.0575
98,60,124.244,5.83005
98,63,184.042,15.7687
98,83,166.442,13.3055
98,84,62.6053,4.9063
98,87,147.92,6.62173
98,92,134.466,3.04148
98,94,132.154,2.6599
98,95,100.788,6.24179
99,31,114.666,0.623035
99,35,93.6521,5.95032
99,42,118.595,6.53309
99,46,135.148,0
99,51,120.334,0.527695
99,63,79.0759,0
99,83,72.0347,0
99,92,45.607,0
99,94,53.1507,0
