0,23,202.898,17.2068
0,26,186.308,15.8744
0,35,55.9464,0
0,59,178.724,14.3736
0,80,146.283,10.8239
0,85,137.033,0
1,2,130.43,0
1,5,121.457,3.93102
1,6,316.247,10.2772
1,15,260.722,0
1,19,317.805,0
1,20,239.708,0
1,25,94.7085,1.18226
1,28,190.379,0
1,38,123.874,5.89464
1,44,144.402,0
1,45,222.475,7.84367
1,47,66.5733,0
1,51,262.484,1.49666
1,54,311.204,0
1,56,107.87,0
1,61,192.452,13.3423
1,62,235.847,0
1,69,191.635,0
1,71,225.442,0
1,78,149.616,11.6584
1,85,297.161,17.9938
1,87,230.703,0
1,92,137.002,9.13344
2,1,130.43,0
2,5,206.155,0
2,6,314.168,9.27596
2,19,207.625,0
2,23,306.203,0
2,24,342.94,0
2,25,183.874,0.496926
2,28,156.589,0
2,32,165.122,5.64742
2,38,213.075,5.75424
2,39,151.004,5.06799
2,44,269.072,0
2,45,66.8093,4.38966
2,47,143.402,0
2,50,137.378,5.90968
2,51,337.976,0.999858
2,54,172.821,7.21377
2,56,129.522,0
2,61,63.2802,4.26829
2,62,142.899,0
2,69,262.069,0
2,71,189.156,0
2,73,176.534,4.9275
2,78,238.252,9.87796
2,79,166.032,5.28265
2,80,340.94,0
2,87,155.602,0
2,92,224.955,6.2028
2,98,320.923,4.57644
3,8,116.017,0
3,11,118.609,0
3,12,243.13,0
3,14,272.36,0
3,16,222.479,1.50946
3,17,111.158,0
3,30,204.355,16.3249
3,33,133.076,11.1299
3,40,101.685,4.35825
3,46,281.397,0
3,48,170.158,4.14145
3,52,106.459,3.75337
3,60,134.833,0
3,73,182.215,4.40446
3,89,195.73,8.0409
3,93,279.27,0
4,7,110.335,6.48846
4,13,189.067,12.4469
4,18,279.073,13.0843
4,22,23.4094,0
4,29,196.239,7.81978
4,34,102.345,8.75267
4,42,107.591,8.70849
4,49,310.528,5.73282
4,53,230.185,8.05342
4,55,203.317,3.71449
4,63,98.0734,8.4015
4,66,242.107,7.06147
4,74,153.868,3.97119
4,82,313.017,4.25188
4,83,121.537,10.1281
4,95,208.965,7.85056
4,98,274.892,16.8995
5,1,121.457,3.93102
5,2,206.155,0
5,15,327.989,3.36344
5,19,319.612,0
5,20,306.057,3.35454
5,23,287.357,4.94133
5,25,24.8891,2.11608
5,28,312.395,1.65542
5,38,12.2066,0
5,44,202.564,3.28983
5,45,279.141,5.67521
5,47,69.857,0
5,54,331.421,0
5,56,82.9699,0
5,61,266.287,14.5671
5,62,232.499,0
5,69,296.409,6.37005
5,78,31.5403,0.542359
5,80,285.58,0
5,85,154.602,12.8542
5,87,345.404,0
5,92,17.4642,0
6,1,316.247,10.2772
6,2,314.168,9.27596
6,15,286.886,16.1833
6,20,259.019,20.2257
6,28,157.954,8.03204
6,29,271.822,6.22472
6,34,217.022,12.0981
6,39,266.735,19.3157
6,44,295.708,17.5607
6,50,233.516,13.5174
6,51,174.71,10.7107
6,61,273.177,20.5586
6,63,203.332,9.51367
6,69,130.906,10.6444
6,71,129.293,7.31371
6,83,201.635,8.52035
6,87,186.468,8.42554
6,97,79.2298,0.590992
6,98,34.7802,2.94193
7,4,110.335,6.48846
7,13,248.073,0
7,18,313.209,0
7,22,134.602,5.47284
7,29,148.081,0
7,34,142.338,0
7,37,296.331,0
7,39,282.966,5.63882
7,42,164.924,0
7,49,276.875,0
7,50,292.709,4.61156
7,53,231.041,0
7,55,109.417,0
7,63,179.64,11.306
7,66,130.231,0
7,74,64.56,0
7,82,209.781,0
7,83,166.506,1.55016
7,95,217.044,0
7,98,295.009,18.2758
8,3,116.017,0
8,11,117.201,0
8,12,168.345,0
8,14,219.126,0
8,16,320.485,1.66305
8,17,194.34,0
8,30,258.202,18.9741
8,33,211.284,17.421
8,40,188.305,13.899
8,46,244.598,0
8,52,201.677,16.4652
8,60,241.084,4.45077
8,89,296.198,12.3278
8,93,209.848,0
9,10,139.617,0
9,21,117.414,0
9,27,119.419,0
9,31,114.14,0
9,41,84.0119,0
9,57,22.8035,0
9,64,106.075,0
9,70,149.773,0
9,76,116.362,0
9,77,156.554,0
9,81,144.014,0
9,84,140.407,0
9,86,97.4064,0
10,9,139.617,0
10,16,93.6056,0
10,17,222.371,19.0604
10,21,45.8803,0
10,27,27.8927,0
10,31,95.8175,0
10,37,131.67,2.4764
10,41,100.005,0
10,43,164.779,0
10,57,154.923,0
10,60,226.729,18.3776
10,64,86.2844,0
10,68,148.556,0
10,70,11.1803,0
10,72,151.608,0
10,76,130.188,0
10,77,116.662,0
10,81,107.336,0
10,82,236.424,20.2608
10,84,85,0
10,86,145.344,0
10,89,213.902,18.3372
11,3,118.609,0
11,8,117.201,0
11,12,139.786,0
11,14,156.179,0
11,16,309.864,12.1089
11,17,229.713,0
11,30,136.07,10.8956
11,32,159.391,9.90639
11,33,133.902,11.1912
11,40,74.2565,5.38527
11,46,162.788,0
11,48,142.342,6.0841
11,52,92.4826,5.77372
11,60,177.058,12.3893
11,67,281.261,18.5054
11,73,144.805,6.84247
11,79,153.485,8.16338
11,88,259.238,19.3673
11,89,192.557,16.3193
11,93,169.387,0
12,3,243.13,0
12,8,168.345,0
12,11,139.786,0
12,14,64.405,0
12,17,347.615,0
12,24,282.645,0
12,30,179.513,11.9675
12,32,238.225,12.6818
12,33,251.828,20.866
12,40,179.217,13.5198
12,46,104.652,0
12,48,221.67,18.7586
12,52,202.072,16.7902
12,59,232.301,19.6114
12,65,200.872,12.6423
12,67,128.213,9.24612
12,73,211.823,18.1385
12,79,214.893,17.7214
12,88,117.375,8.57132
12,93,41.7612,0
13,4,189.067,12.4469
13,7,248.073,0
13,18,89.8888,0
13,22,173.252,4.48295
13,37,316.101,0
13,42,89.822,0
13,43,239.153,12.3925
13,49,156,0
13,53,74.6726,0
13,55,215.796,0
13,66,315.221,0
13,74,208.125,0
13,75,177.362,13.6726
13,82,290.661,0
13,91,155.494,9.84833
13,94,150.382,7.08944
13,95,60.531,0
14,3,272.36,0
14,8,219.126,0
14,11,156.179,0
14,12,64.405,0
14,19,308.415,0
14,24,227.095,0
14,26,323.586,0
14,30,129.258,9.19558
14,32,182.768,10.4673
14,33,235.558,20.1684
14,40,148.883,12.6988
14,46,42.7551,0
14,48,182.053,14.4687
14,52,169.68,14.3906
14,54,307.675,0
14,59,278.338,0
14,65,196.367,0
14,67,130.359,11.1629
14,73,166.204,14.1496
14,79,174.346,13.9965
14,88,121.72,10.4385
14,93,40.05,0
15,1,260.722,0
15,5,327.989,3.36344
15,6,286.886,16.1833
15,20,22,0
15,25,301.025,3.34119
15,28,316.006,0
15,38,273.786,17.1716
15,44,126,0
15,47,308.35,0
15,51,128.39,0
15,69,150.266,0
15,71,329.97,0
15,97,286.803,0
16,3,222.479,1.50946
16,8,320.485,1.66305
16,10,93.6056,0
16,11,309.864,12.1089
16,17,127.283,1.71731
16,21,136.752,0
16,27,85.0882,0
16,33,249.58,2.18788
16,37,216.346,18.3123
16,52,278.105,19.4006
16,60,152.087,2.0247
16,64,81.9085,0
16,70,87,0
16,76,104.139,0
16,89,215.329,2.59108
17,3,111.158,0
17,8,194.34,0
17,10,222.371,19.0604
17,11,229.713,0
17,12,347.615,0
17,16,127.283,1.71731
17,27,210.064,18.0085
17,33,226.035,0
17,40,195.478,16.7434
17,52,222.452,17.0387
17,60,135.44,0
17,64,189.779,16.26
17,70,218.155,18.6697
17,76,205.793,16.9623
17,89,230.417,0
18,4,279.073,13.0843
18,7,313.209,0
18,13,89.8888,0
18,22,263.263,3.83608
18,37,293.993,0
18,42,172.569,0
18,43,123.278,9.83178
18,49,114.543,0
18,53,85.0882,0
18,55,252.492,0
18,68,168.899,9.04818
18,72,172.77,9.43418
18,74,261.358,0
18,75,87.5976,7.01788
18,82,296.223,0
18,91,65.9785,5.6553
18,94,65.7891,5.38452
18,95,96.1665,0
18,96,191.622,9.85592
19,1,317.805,0
19,2,207.625,0
19,5,319.612,0
19,14,308.415,0
19,23,174.642,0
19,24,136.367,0
19,25,318.347,0.683122
19,26,204.949,0
19,28,267.78,20.8873
19,30,176.36,13.2629
19,32,126.073,10.8017
19,35,322.246,6.17637
19,38,331.451,5.81927
19,39,178.239,10.4883
19,45,96.525,7.56455
19,46,274.875,0
19,47,292.205,0
19,48,183.518,11.9442
19,50,183.543,10.6902
19,54,45.3431,0
19,56,244.663,0
19,59,253.393,0
19,61,119.18,10.1994
19,62,87.7268,0
19,65,225.743,0
19,67,266.968,6.40911
19,73,151.207,11.7549
19,79,133.249,11.2711
19,80,241.404,0
19,85,296.326,9.14537
19,87,206.487,17.4119
19,88,280.481,12.3946
19,92,323.75,6.4945
19,93,335.839,0
20,1,239.708,0
20,5,306.057,3.35454
20,6,259.019,20.2257
20,15,22,0
20,25,279.027,3.329
20,28,303.434,0
20,38,255.996,15.8907
20,44,104,0
20,47,286.531,0
20,51,131.939,0
20,56,338.337,0
20,69,141.676,0
20,71,315.957,1.65097
20,78,214.708,15.4368
20,92,251.894,20.6568
20,97,290.689,0
21,9,117.414,0
21,10,45.8803,0
21,16,136.752,0
21,27,54.4885,0
21,31,49.98,0
21,36,173.485,0
21,37,157.611,3.46118
21,41,57.2713,0
21,43,153.574,0
21,57,127.287,0
21,58,167.631,0
21,64,105.688,0
21,68,123.321,0
21,70,56.0892,0
21,72,125.132,0
21,76,147.709,0
21,77,76.2168,0
21,81,65.0692,0
21,84,44.9444,0
21,86,101.045,0
21,90,156.461,0
22,4,23.4094,0
22,7,134.602,5.47284
22,13,173.252,4.48295
22,18,263.263,3.83608
22,29,234.043,9.11893
22,34,125.541,10.1121
22,42,92.3758,3.95401
22,49,276.485,7.50642
22,53,205.718,4.09946
22,55,194.19,6.28506
22,63,89.202,0
22,66,260.176,5.47428
22,74,152.224,5.18689
22,82,298.253,9.17551
22,83,140.272,11.7743
22,95,183.51,4.01531
23,0,202.898,17.2068
23,2,306.203,0
23,5,287.357,4.94133
23,19,174.642,0
23,24,169.541,0
23,25,315.251,0.513427
23,26,108.407,0
23,32,298.501,15.0255
23,35,162.727,6.69261
23,38,294.489,10.1271
23,45,254.97,8.03228
23,47,310.335,0
23,54,219.208,0
23,56,258.936,0
23,59,190.379,0
23,61,284.126,14.3169
23,62,170.47,0
23,65,226.813,0
23,67,267.999,5.58689
23,78,265.799,12.1344
23,80,72.111,0
23,85,150.05,8.50508
23,88,283.765,12.2283
23,92,279.93,7.88014
24,2,342.94,0
24,12,282.645,0
24,14,227.095,0
24,19,136.367,0
24,23,169.541,0
24,26,116.619,0
24,30,208.008,5.28843
24,32,187.983,8.95231
24,35,246.944,5.98963
24,45,223.551,12.2763
24,46,208.787,0
24,54,167.726,0
24,59,128.016,0
24,61,239.097,18.4317
24,62,209.504,0
24,65,89.822,0
24,67,133.125,5.5481
24,73,224.579,16.7998
24,79,200.637,12.7519
24,80,238.479,0
24,85,319.666,10.0057
24,88,147.431,10.152
24,93,241.661,0
25,1,94.7085,1.18226
25,2,183.874,0.496926
25,5,24.8891,2.11608
25,15,301.025,3.34119
25,19,318.347,0.683122
25,20,279.027,3.329
25,23,315.251,0.513427
25,28,283.439,0.547163
25,38,33.2805,2.72385
25,44,175.042,3.23155
25,45,264.639,6.26777
25,47,41.0465,0.47673
25,51,329.15,6.91176
25,54,325.659,0.609832
25,56,73.9881,0.626638
25,61,244.686,15.0326
25,62,230.619,0.682256
25,69,272.232,2.23015
25,71,319.113,0.552085
25,78,55.2025,3.50262
25,80,300.1,4.67898
25,85,194.109,16.4317
25,87,316.208,0.511653
25,92,42.3119,3.22639
26,0,186.308,15.8744
26,14,323.586,0
26,19,204.949,0
26,23,108.407,0
26,24,116.619,0
26,30,324.619,5.51332
26,32,298.519,10.9381
26,35,130.411,5.55637
26,45,302.609,9.79412
26,46,314.159,0
26,54,248.04,0
26,59,82.0975,0
26,62,242.396,0
26,65,133.462,0
26,67,164.402,6.37283
26,80,154.842,0
26,85,239.13,10.2899
26,88,177.091,11.806
26,93,316.725,5.24992
27,9,119.419,0
27,10,27.8927,0
27,16,85.0882,0
27,17,210.064,18.0085
27,21,54.4885,0
27,31,101.514,0
27,37,158.388,2.92408
27,41,97.1236,0
27,57,137.058,0
27,60,225.178,18.8824
27,64,59,0
27,68,171.082,0
27,70,34.1321,0
27,72,173.692,0
27,76,103,0
27,77,130.599,0
27,81,119.553,0
27,84,99.0202,0
27,86,142.874,0
27,89,237.524,20.2905
28,1,190.379,0
28,2,156.589,0
28,5,312.395,1.65542
28,6,157.954,8.03204
28,15,316.006,0
28,19,267.78,20.8873
28,20,303.434,0
28,25,283.439,0.547163
28,29,304.164,0
28,34,311.77,4.83087
28,38,312.461,6.93386
28,39,174.107,14.9198
28,44,261.457,0
28,45,165.007,13.7506
28,47,246.13,0
28,50,151.227,11.8788
28,51,207.429,10.4642
28,54,213.071,18.1544
28,56,261.197,0
28,61,140.286,10.8208
28,62,266.799,11.1191
28,69,169.706,0
28,71,36.0555,0
28,83,289.277,6.22019
28,87,66.6033,0
28,97,208.784,8.63962
28,98,164.115,5.11452
29,4,196.239,7.81978
29,6,271.822,6.22472
29,7,148.081,0
29,22,234.043,9.11893
29,28,304.164,0
29,34,90.3549,0
29,39,152.782,4.39272
29,42,306.946,0
29,48,195.04,16.6965
29,50,147.72,4.12957
29,55,236.415,0
29,61,231.344,19.8419
29,63,147.007,12.3643
29,66,186.955,0
29,71,275.637,0
29,73,223.211,19.1459
29,74,205.407,0
29,79,241.99,20.7476
29,82,303.078,0
29,83,95.1059,4.08597
29,87,256.265,0
29,98,238.403,0
30,3,204.355,16.3249
30,8,258.202,18.9741
30,11,136.07,10.8956
30,12,179.513,11.9675
30,14,129.258,9.19558
30,19,176.36,13.2629
30,24,208.008,5.28843
30,26,324.619,5.51332
30,32,30.6105,0
30,33,151.134,5.51967
30,39,127.318,0
30,40,77.2334,0
30,45,127.35,0
30,46,90.0134,7.17348
30,48,72.0069,0
30,50,151.268,0
30,52,90.7965,0
30,54,104.835,2.60556
30,59,318.09,5.19278
30,61,136.4,0
30,62,218.324,18.6149
30,65,241.146,4.95286
30,67,235.437,13.7702
30,73,43.4166,0
30,79,34.2053,0
30,88,228.879,16.8337
30,89,216.785,16.5613
30,93,170.139,10.0486
31,9,114.14,0
31,10,95.8175,0
31,21,49.98,0
31,27,101.514,0
31,36,128.55,0
31,41,30.3645,0
31,43,153.561,0
31,57,114.769,0
31,58,129.468,0
31,64,143.22,0
31,68,108.931,0
31,70,105.773,0
31,72,108.683,0
31,77,43,0
31,81,30.0666,0
31,84,31.1448,0
31,86,57.5847,0
31,90,108.231,0
32,2,165.122,5.64742
32,11,159.391,9.90639
32,12,238.225,12.6818
32,14,182.768,10.4673
32,19,126.073,10.8017
32,23,298.501,15.0255
32,24,187.983,8.95231
32,26,298.519,10.9381
32,30,30.6105,0
32,33,169.168,5.54691
32,39,106.738,0
32,40,100.578,0
32,45,97.1854,0
32,46,139.987,9.48978
32,48,71.1196,0
32,50,127.393,0
32,52,109.659,0
32,54,77.3727,1.94703
32,59,311.879,9.02697
32,61,105.802,0
32,62,177.348,15.2068
32,65,245.362,7.8176
32,67,257.877,14.2249
32,73,34.9857,0
32,79,13.4536,0
32,87,172.757,6.25759
32,88,256.493,17.9546
32,93,222.796,10.7192
33,3,133.076,11.1299
33,8,211.284,17.421
33,11,133.902,11.1912
33,12,251.828,20.866
33,14,235.558,20.1684
33,16,249.58,2.18788
33,17,226.035,0
33,30,151.134,5.51967
33,32,169.168,5.54691
33,37,285.727,0
33,39,186.616,7.68144
33,40,78.0167,5.15089
33,46,196.087,14.8538
33,48,116.285,6.08709
33,52,60.3246,4.52435
33,55,344.488,0
33,60,100.896,0
33,66,264.068,0
33,70,272.041,20.9334
33,73,142.687,5.94662
33,79,159.939,5.54275
33,82,262.975,0
33,89,68.8767,0
34,4,102.345,8.75267
34,6,217.022,12.0981
34,7,142.338,0
34,22,125.541,10.1121
34,28,311.77,4.83087
34,29,90.3549,0
34,39,234.215,4.58641
34,42,267.918,0
34,50,212.669,4.70452
34,55,250.599,0
34,63,67.2866,4.9563
34,66,236.516,0
34,71,276.044,5.61224
34,74,206.814,0
34,82,341.204,0
34,83,21.9964,1.68832
34,87,283.224,3.16701
34,95,342.286,0
34,97,300.408,8.0096
34,98,157.552,12.7628
35,0,55.9464,0
35,19,322.246,6.17637
35,23,162.727,6.69261
35,24,246.944,5.98963
35,26,130.411,5.55637
35,59,153.01,7.40166
35,62,331.975,7.62327
35,65,235.242,7.75524
35,67,215.938,17.2982
35,80,133,8.94375
35,85,119.231,0
35,88,214.146,18.3665
36,21,173.485,0
36,31,128.55,0
36,41,147.353,0
36,43,160.854,0
36,58,36.8917,0
36,68,111.162,0
36,72,106.231,0
36,75,174.428,0
36,77,99.2975,0
36,81,108.706,0
36,84,130.801,0
36,86,122.25,0
36,90,32.1403,0
36,96,163.49,0
36,99,173.934,0
37,7,296.331,0
37,10,131.67,2.4764
37,13,316.101,0
37,16,216.346,18.3123
37,18,293.993,0
37,21,157.611,3.46118
37,27,158.388,2.92408
37,33,285.727,0
37,42,313.081,0
37,43,211.154,8.87394
37,49,179.689,0
37,53,242.008,0
37,55,189.589,0
37,60,291.596,0
37,66,210.609,0
37,68,229.412,18.0479
37,70,123.15,2.36038
37,72,234.462,18.8306
37,74,239.207,0
37,75,247.202,14.5021
37,77,192.02,8.53421
37,81,184.494,5.2704
37,82,93.2309,0
37,84,163.677,3.97
37,89,221.269,0
37,91,271.738,13.0357
37,94,296.073,17.1738
37,95,256.5,0
38,1,123.874,5.89464
38,2,213.075,5.75424
38,5,12.2066,0
38,15,273.786,17.1716
38,19,331.451,5.81927
38,20,255.996,15.8907
38,23,294.489,10.1271
38,25,33.2805,2.72385
38,28,312.461,6.93386
38,44,174.714,9.28133
38,45,285.396,11.8783
38,47,75.0207,3.86207
38,56,91.4031,5.35665
38,61,267.432,18.9283
38,62,244.679,5.53439
38,69,294.937,6.67119
38,78,27.0185,0
38,80,277.83,10.2078
38,85,120.839,0
38,92,15.2315,0
39,2,151.004,5.06799
39,6,266.735,19.3157
39,7,282.966,5.63882
39,19,178.239,10.4883
39,28,174.107,14.9198
39,29,152.782,4.39272
39,30,127.318,0
39,32,106.738,0
39,33,186.616,7.68144
39,34,234.215,4.58641
39,40,149.375,0
39,45,109.563,0
39,48,78.2624,0
39,50,30,0
39,52,140.663,0
39,54,133.12,1.29139
39,61,92.7631,0
39,62,201.33,14.4854
39,63,276.117,20.2132
39,66,209.855,16.4165
39,71,170.284,14.5896
39,73,85.0235,0
39,74,324.406,6.66817
39,79,95.7079,0
39,83,229.938,7.69811
39,87,105.676,5.96122
39,98,260.552,11.4341
40,3,101.685,4.35825
40,8,188.305,13.899
40,11,74.2565,5.38527
40,12,179.217,13.5198
40,14,148.883,12.6988
40,17,195.478,16.7434
40,30,77.2334,0
40,32,100.578,0
40,33,78.0167,5.15089
40,39,149.375,0
40,46,118.744,9.47016
40,48,71.1196,0
40,52,22.2036,0
40,54,177.923,2.03113
40,60,141.57,12.1439
40,66,222.87,18.5108
40,73,81.6088,0
40,79,94.4299,0
40,89,146.063,12.3894
40,93,185.606,14.4898
41,9,84.0119,0
41,10,100.005,0
41,21,57.2713,0
41,27,97.1236,0
41,31,30.3645,0
41,36,147.353,0
41,57,84.5813,0
41,58,153.844,0
41,64,127.35,0
41,68,139.284,0
41,70,111.005,0
41,72,138.975,0
41,76,160.655,0
41,77,72.5603,0
41,81,60.0167,0
41,84,59.3633,0
41,86,45.8912,0
41,90,122.442,0
42,4,107.591,8.70849
42,7,164.924,0
42,13,89.822,0
42,18,172.569,0
42,22,92.3758,3.95401
42,29,306.946,0
42,34,267.918,0
42,37,313.081,0
42,43,302.406,12.2957
42,49,194.371,0
42,53,112.872,0
42,55,163.573,0
42,63,204.64,17.2742
42,66,254.244,0
42,74,138.708,0
42,75,258.333,15.0463
42,82,262.191,0
42,83,256.724,12.5528
42,91,236.988,11.1482
42,94,238.065,7.7365
42,95,90.3549,0
43,10,164.779,0
43,13,239.153,12.3925
43,18,123.278,9.83178
43,21,153.574,0
43,31,153.561,0
43,36,160.854,0
43,37,211.154,8.87394
43,42,302.406,12.2957
43,49,117.522,8.6247
43,53,189.502,10.9104
43,55,298.052,10.213
43,58,126.89,0
43,68,54.3783,0
43,70,164.235,0
43,72,58.1808,0
43,75,41,0
43,77,117.924,0
43,81,127.063,0
43,82,271.892,9.43018
43,84,124.391,0
43,90,173.462,0
43,91,63.3482,0
43,94,87.4757,0
43,95,211.887,11.3511
43,96,159.452,0
44,1,144.402,0
44,2,269.072,0
44,5,202.564,3.28983
44,6,295.708,17.5607
44,15,126,0
44,20,104,0
44,25,175.042,3.23155
44,28,261.457,0
44,38,174.714,9.28133
44,47,183.967,0
44,51,186.762,0
44,56,236.254,0
44,69,146.014,0
44,71,287.089,0
44,78,185.837,15.5699
44,87,321.95,0
44,92,187.075,13.3619
44,97,319.69,4.37216
45,1,222.475,7.84367
45,2,66.8093,4.38966
45,5,279.141,5.67521
45,19,96.525,7.56455
45,23,254.97,8.03228
45,24,223.551,12.2763
45,25,264.639,6.26777
45,26,302.609,9.79412
45,28,165.007,13.7506
45,30,127.35,0
45,32,97.1854,0
45,38,285.396,11.8783
45,39,109.563,0
45,46,255.034,21.5501
45,47,227.434,5.89501
45,48,140.246,0
45,50,105.603,0
45,54,48.1065,1.40311
45,56,196.194,5.4595
45,61,24.5967,0
45,62,95.5098,5.29456
45,65,308,14.2326
45,71,182.228,15.0975
45,73,113.318,0
45,78,304.817,13.686
45,79,99.8599,0
45,80,312.41,7.06642
45,87,109.871,7.42056
45,92,294.229,10.6997
46,3,281.397,0
46,8,244.598,0
46,11,162.788,0
46,12,104.652,0
46,14,42.7551,0
46,19,274.875,0
46,24,208.787,0
46,26,314.159,0
46,30,90.0134,7.17348
46,32,139.987,9.48978
46,33,196.087,14.8538
46,40,118.744,9.47016
46,45,255.034,21.5501
46,48,146.264,9.49717
46,52,138.675,9.86348
46,54,270.414,0
46,59,279.12,0
46,65,195.602,0
46,67,150.576,11.9505
46,73,127.633,9.90415
46,79,133.801,11.3758
46,88,144.312,12.026
46,93,82.2192,0
47,1,66.5733,0
47,2,143.402,0
47,5,69.857,0
47,15,308.35,0
47,19,292.205,0
47,20,286.531,0
47,23,310.335,0
47,25,41.0465,0.47673
47,28,246.13,0
47,38,75.0207,3.86207
47,44,183.967,0
47,45,227.434,5.89501
47,51,325.447,1.53004
47,54,295.025,0
47,56,52.4976,0
47,61,204.729,13.8843
47,62,205.232,0
47,69,256.632,0
47,71,282.064,0
47,78,102.941,7.97342
47,80,313.847,0
47,85,228.079,16.6108
47,87,276.101,0
47,92,87.3212,5.82142
48,3,170.158,4.14145
48,11,142.342,6.0841
48,12,221.67,18.7586
48,14,182.053,14.4687
48,19,183.518,11.9442
48,29,195.04,16.6965
48,30,72.0069,0
48,32,71.1196,0
48,33,116.285,6.08709
48,39,78.2624,0
48,40,71.1196,0
48,45,140.246,0
48,46,146.264,9.49717
48,50,107.912,0
48,52,64.3506,0
48,54,136.849,0.991227
48,60,205.82,17.4417
48,61,136.308,0
48,66,191.576,16.4111
48,73,36.2491,0
48,79,58.1808,0
48,82,263.856,21.4314
48,87,175.841,5.75538
48,89,168.268,13.8693
48,93,220.923,18.8073
49,4,310.528,5.73282
49,7,276.875,0
49,13,156,0
49,18,114.543,0
49,22,276.485,7.50642
49,37,179.689,0
49,42,194.371,0
49,43,117.522,8.6247
49,53,86.0233,0
49,55,185.149,0
49,66,273.386,0
49,68,174.775,14.9498
49,72,176.433,14.9102
49,74,214.037,0
49,75,115.887,8.8668
49,82,193.752,0
49,91,110.551,8.71684
49,94,130.498,10.6203
49,95,108.074,0
50,2,137.378,5.90968
50,6,233.516,13.5174
50,7,292.709,4.61156
50,19,183.543,10.6902
50,28,151.227,11.8788
50,29,147.72,4.12957
50,30,151.268,0
50,32,127.393,0
50,34,212.669,4.70452
50,39,30,0
50,45,105.603,0
50,48,107.912,0
50,52,170.652,0
50,54,138.293,1.22302
50,61,84.22,0
50,62,202.382,15.4919
50,63,262.016,16.4688
50,66,264.023,13.6812
50,71,143.43,10.7572
50,73,110.82,0
50,79,118,0
50,83,202.509,7.44938
50,87,79.7004,5.78008
50,97,303.441,16.9048
50,98,222.532,4.69535
51,1,262.484,1.49666
51,2,337.976,0.999858
51,6,174.71,10.7107
51,15,128.39,0
51,20,131.939,0
51,25,329.15,6.91176
51,28,207.429,10.4642
51,44,186.762,0
51,47,325.447,1.53004
51,69,76.2245,0.951521
51,71,218.07,7.8437
51,87,275.739,9.9022
51,97,158.858,0
51,98,185.255,15.5199
52,3,106.459,3.75337
52,8,201.677,16.4652
52,11,92.4826,5.77372
52,12,202.072,16.7902
52,14,169.68,14.3906
52,16,278.105,19.4006
52,17,222.452,17.0387
52,30,90.7965,0
52,32,109.659,0
52,33,60.3246,4.52435
52,39,140.663,0
52,40,22.2036,0
52,46,138.675,9.86348
52,48,64.3506,0
52,50,170.652,0
52,60,124.599,10.5909
52,66,212.341,18.1086
52,73,84.5044,0
52,79,101.203,0
52,82,263.101,19.2941
52,89,126.88,10.0543
52,93,207.463,17.5165
53,4,230.185,8.05342
53,7,231.041,0
53,13,74.6726,0
53,18,85.0882,0
53,22,205.718,4.09946
53,37,242.008,0
53,42,112.872,0
53,43,189.502,10.9104
53,49,86.0233,0
53,55,168.048,0
53,66,267.918,0
53,68,243.277,20.4898
53,72,247.314,20.9299
53,74,176.782,0
53,75,152.631,11.6189
53,82,224.009,0
53,91,135.491,9.40604
53,94,146.096,8.52589
53,95,22.8035,0
54,1,311.204,0
54,2,172.821,7.21377
54,5,331.421,0
54,14,307.675,0
54,19,45.3431,0
54,23,219.208,0
54,24,167.726,0
54,25,325.659,0.609832
54,26,248.04,0
54,28,213.071,18.1544
54,30,104.835,2.60556
54,32,77.3727,1.94703
54,39,133.12,1.29139
54,40,177.923,2.03113
54,45,48.1065,1.40311
54,46,270.414,0
54,47,295.025,0
54,48,136.849,0.991227
54,50,138.293,1.22302
54,56,251.849,0
54,59,290.998,0
54,61,70.4972,1.44301
54,62,102.489,0
54,65,254.071,0
54,67,291.621,6.77914
54,71,226.502,19.2669
54,73,103,0.980198
54,79,83.5108,0.981311
54,80,284.542,0
54,87,155.908,8.95165
54,88,302.391,13.0186
54,93,338.922,0
55,4,203.317,3.71449
55,7,109.417,0
55,13,215.796,0
55,18,252.492,0
55,22,194.19,6.28506
55,29,236.415,0
55,33,344.488,0
55,34,250.599,0
55,37,189.589,0
55,42,163.573,0
55,43,298.052,10.213
55,49,185.149,0
55,53,168.048,0
55,63,283.91,13.6058
55,66,100.419,0
55,74,49.679,0
55,75,298.996,12.8594
55,82,111.086,0
55,83,272.738,2.65096
55,89,306.32,0
55,91,289.587,11.8819
55,94,306.496,11.5383
55,95,164.073,0
56,1,107.87,0
56,2,129.522,0
56,5,82.9699,0
56,19,244.663,0
56,20,338.337,0
56,23,258.936,0
56,25,73.9881,0.626638
56,28,261.197,0
56,38,91.4031,5.35665
56,44,236.254,0
56,45,196.194,5.4595
56,47,52.4976,0
56,54,251.849,0
56,61,188.12,12.2221
56,62,156.984,0
56,69,298.905,0
56,71,297.059,0
56,78,111.111,7.55981
56,80,266.728,0
56,85,195.578,14.9951
56,87,279.063,0
56,92,98.2497,5.26338
57,9,22.8035,0
57,10,154.923,0
57,21,127.287,0
57,27,137.058,0
57,31,114.769,0
57,41,84.5813,0
57,64,128.39,0
57,70,165.529,0
57,76,138.924,0
57,77,155.361,0
57,81,143.569,0
57,84,143.59,0
57,86,86.5794,0
58,21,167.631,0
58,31,129.468,0
58,36,36.8917,0
58,41,153.844,0
58,43,126.89,0
58,68,81.2158,0
58,72,76.1183,0
58,75,137.884,0
58,77,91.526,0
58,81,103.586,0
58,84,122.801,0
58,86,139.032,0
58,90,62.1289,0
58,91,158.902,0
58,94,174.256,0
58,96,136.624,0
58,99,160.655,0
59,0,178.724,14.3736
59,12,232.301,19.6114
59,14,278.338,0
59,19,253.393,0
59,23,190.379,0
59,24,128.016,0
59,26,82.0975,0
59,30,318.09,5.19278
59,32,311.879,9.02697
59,35,153.01,7.40166
59,46,279.12,0
59,54,290.998,0
59,62,308.234,0
59,65,83.5225,0
59,67,76.5382,6.55707
59,80,233.555,0
59,85,315.14,11.4508
59,88,85.7424,6.23227
59,93,215.023,16.7974
60,3,134.833,0
60,8,241.084,4.45077
60,10,226.729,18.3776
60,11,177.058,12.3893
60,16,152.087,2.0247
60,17,135.44,0
60,27,225.178,18.8824
60,33,100.896,0
60,37,291.596,0
60,40,141.57,12.1439
60,48,205.82,17.4417
60,52,124.599,10.5909
60,64,233.158,19.8556
60,66,335.809,0
60,70,215.082,16.9102
60,82,300.945,0
60,89,95.352,0
61,1,192.452,13.3423
61,2,63.2802,4.26829
61,5,266.287,14.5671
61,6,273.177,20.5586
61,19,119.18,10.1994
61,23,284.126,14.3169
61,24,239.097,18.4317
61,25,244.686,15.0326
61,28,140.286,10.8208
61,29,231.344,19.8419
61,30,136.4,0
61,32,105.802,0
61,38,267.432,18.9283
61,39,92.7631,0
61,45,24.5967,0
61,47,204.729,13.8843
61,48,136.308,0
61,50,84.22,0
61,54,70.4972,1.44301
61,56,188.12,12.2221
61,62,123.178,9.28528
61,69,292.471,14.2576
61,71,153.072,12.072
61,73,114.621,0
61,79,105.38,0
61,87,85.614,6.67122
61,92,285.323,17.7791
61,98,261.364,19.0254
62,1,235.847,0
62,2,142.899,0
62,5,232.499,0
62,19,87.7268,0
62,23,170.47,0
62,24,209.504,0
62,25,230.619,0.682256
62,26,242.396,0
62,28,266.799,11.1191
62,30,218.324,18.6149
62,32,177.348,15.2068
62,35,331.975,7.62327
62,38,244.679,5.53439
62,39,201.33,14.4854
62,45,95.5098,5.29456
62,47,205.232,0
62,50,202.382,15.4919
62,54,102.489,0
62,56,156.984,0
62,59,308.234,0
62,61,123.178,9.28528
62,65,298.53,0
62,71,289.722,13.2439
62,73,195.973,15.8286
62,78,244.224,9.11552
62,79,181.008,15.3943
62,80,219.317,0
62,85,245.29,9.29129
62,87,226.73,15.5538
62,92,238.716,6.08311
63,4,98.0734,8.4015
63,6,203.332,9.51367
63,7,179.64,11.306
63,22,89.202,0
63,29,147.007,12.3643
63,34,67.2866,4.9563
63,39,276.117,20.2132
63,42,204.64,17.2742
63,50,262.016,16.4688
63,55,283.91,13.6058
63,66,300.923,11.9664
63,71,282.088,14.381
63,74,236.927,12.3909
63,83,49.5405,0.968008
63,87,309.91,13.2042
63,97,250.667,9.98864
63,98,157.106,11.6717
64,9,106.075,0
64,10,86.2844,0
64,16,81.9085,0
64,17,189.779,16.26
64,21,105.688,0
64,27,59,0
64,31,143.22,0
64,41,127.35,0
64,57,128.39,0
64,60,233.158,19.8556
64,70,89.822,0
64,76,44,0
64,81,167.451,0
64,84,149.967,0
64,86,168.107,0
65,12,200.872,12.6423
65,14,196.367,0
65,19,225.743,0
65,23,226.813,0
65,24,89.822,0
65,26,133.462,0
65,30,241.146,4.95286
65,32,245.362,7.8176
65,35,235.242,7.75524
65,45,308,14.2326
65,46,195.602,0
65,54,254.071,0
65,59,83.5225,0
65,62,298.53,0
65,67,44.7214,3.61211
65,73,277.891,17.4642
65,79,259.002,12.0929
65,80,285.412,0
65,88,61.0574,5.08811
65,93,164.689,10.6557
66,4,242.107,7.06147
66,7,130.231,0
66,13,315.221,0
66,22,260.176,5.47428
66,29,186.955,0
66,33,264.068,0
66,34,236.516,0
66,37,210.609,0
66,39,209.855,16.4165
66,40,222.87,18.5108
66,42,254.244,0
66,48,191.576,16.4111
66,49,273.386,0
66,50,264.023,13.6812
66,52,212.341,18.1086
66,53,267.918,0
66,55,100.419,0
66,60,335.809,0
66,63,300.923,11.9664
66,73,226.654,19.0539
66,74,116.379,0
66,82,117.881,0
66,83,254.796,3.89191
66,89,240.608,0
66,95,264.492,0
67,11,281.261,18.5054
67,12,128.213,9.24612
67,14,130.359,11.1629
67,19,266.968,6.40911
67,23,267.999,5.58689
67,24,133.125,5.5481
67,26,164.402,6.37283
67,30,235.437,13.7702
67,32,257.877,14.2249
67,35,215.938,17.2982
67,46,150.576,11.9505
67,54,291.621,6.77914
67,59,76.5382,6.55707
67,65,44.7214,3.61211
67,79,267.587,17.8391
67,80,320.046,6.59586
67,88,17.0294,0
67,93,97.9848,5.54983
68,10,148.556,0
68,18,168.899,9.04818
68,21,123.321,0
68,27,171.082,0
68,31,108.931,0
68,36,111.162,0
68,37,229.412,18.0479
68,41,139.284,0
68,43,54.3783,0
68,49,174.775,14.9498
68,53,243.277,20.4898
68,58,81.2158,0
68,70,151.717,0
68,72,5.09902,0
68,75,83.7616,0
68,77,68.4471,0
68,81,79.712,0
68,84,84.214,0
68,86,150.047,0
68,90,120.167,0
68,91,108.453,0
68,94,130.648,0
68,96,160.256,0
69,1,191.635,0
69,2,262.069,0
69,5,296.409,6.37005
69,6,130.906,10.6444
69,15,150.266,0
69,20,141.676,0
69,25,272.232,2.23015
69,28,169.706,0
69,38,294.937,6.67119
69,44,146.014,0
69,47,256.632,0
69,51,76.2245,0.951521
69,56,298.905,0
69,61,292.471,14.2576
69,71,180.278,0
69,87,236.212,0
69,92,312.83,11.2418
69,97,166.352,7.3934
69,98,189.338,13.8709
70,9,149.773,0
70,10,11.1803,0
70,16,87,0
70,17,218.155,18.6697
70,21,56.0892,0
70,27,34.1321,0
70,31,105.773,0
70,33,272.041,20.9334
70,37,123.15,2.36038
70,41,111.005,0
70,43,164.235,0
70,57,165.529,0
70,60,215.082,16.9102
70,64,89.822,0
70,68,151.717,0
70,72,155.048,0
70,76,133.222,0
70,77,124.278,0
70,81,115.603,0
70,82,231.307,19.7552
70,84,92.9624,0
70,86,156.205,0
70,89,201.727,17.2963
71,1,225.442,0
71,2,189.156,0
71,6,129.293,7.31371
71,15,329.97,0
71,20,315.957,1.65097
71,25,319.113,0.552085
71,28,36.0555,0
71,29,275.637,0
71,34,276.044,5.61224
71,39,170.284,14.5896
71,44,287.089,0
71,45,182.228,15.0975
71,47,282.064,0
71,50,143.43,10.7572
71,51,218.07,7.8437
71,54,226.502,19.2669
71,56,297.059,0
71,61,153.072,12.072
71,62,289.722,13.2439
71,63,282.088,14.381
71,69,180.278,0
71,83,252.798,6.89515
71,87,67.0522,0
71,97,186,8.67308
71,98,131.668,4.27125
72,10,151.608,0
72,18,172.77,9.43418
72,21,125.132,0
72,27,173.692,0
72,31,108.683,0
72,36,106.231,0
72,37,234.462,18.8306
72,41,138.975,0
72,43,58.1808,0
72,49,176.433,14.9102
72,53,247.314,20.9299
72,58,76.1183,0
72,68,5.09902,0
72,70,155.048,0
72,75,85.8021,0
72,77,67.4166,0
72,81,79.1202,0
72,84,85.0059,0
72,86,148.189,0
72,90,115.767,0
72,91,110.436,0
72,94,132.231,0
72,96,157.544,0
73,2,176.534,4.9275
73,3,182.215,4.40446
73,11,144.805,6.84247
73,12,211.823,18.1385
73,14,166.204,14.1496
73,19,151.207,11.7549
73,24,224.579,16.7998
73,29,223.211,19.1459
73,30,43.4166,0
73,32,34.9857,0
73,33,142.687,5.94662
73,39,85.0235,0
73,40,81.6088,0
73,45,113.318,0
73,46,127.633,9.90415
73,48,36.2491,0
73,50,110.82,0
73,52,84.5044,0
73,54,103,0.980198
73,61,114.621,0
73,62,195.973,15.8286
73,65,277.891,17.4642
73,66,226.654,19.0539
73,79,21.9317,0
73,87,168.043,5.88747
73,89,200.4,15.4486
73,93,206.254,17.5393
74,4,153.868,3.97119
74,7,64.56,0
74,13,208.125,0
74,18,261.358,0
74,22,152.224,5.18689
74,29,205.407,0
74,34,206.814,0
74,37,239.207,0
74,39,324.406,6.66817
74,42,138.708,0
74,49,214.037,0
74,53,176.782,0
74,55,49.679,0
74,63,236.927,12.3909
74,66,116.379,0
74,82,159.298,0
74,83,230.902,1.55257
74,89,344.471,0
74,91,308.794,11.9501
74,94,322.834,10.2197
74,95,166.481,0
75,13,177.362,13.6726
75,18,87.5976,7.01788
75,36,174.428,0
75,37,247.202,14.5021
75,42,258.333,15.0463
75,43,41,0
75,49,115.887,8.8668
75,53,152.631,11.6189
75,55,298.996,12.8594
75,58,137.884,0
75,68,83.7616,0
75,72,85.8021,0
75,77,151.819,0
75,81,162.339,0
75,82,301.605,11.7888
75,84,162.542,0
75,91,24.6982,0
75,94,47.7598,0
75,95,171.391,12.5561
75,96,131.4,0
76,9,116.362,0
76,10,130.188,0
76,16,104.139,0
76,17,205.793,16.9623
76,21,147.709,0
76,27,103,0
76,41,160.655,0
76,57,138.924,0
76,64,44,0
76,70,133.222,0
77,9,156.554,0
77,10,116.662,0
77,21,76.2168,0
77,27,130.599,0
77,31,43,0
77,36,99.2975,0
77,37,192.02,8.53421
77,41,72.5603,0
77,43,117.924,0
77,57,155.361,0
77,58,91.526,0
77,68,68.4471,0
77,70,124.278,0
77,72,67.4166,0
77,75,151.819,0
77,81,13.1529,0
77,84,31.8277,0
77,86,82.9759,0
77,90,88.3233,0
78,1,149.616,11.6584
78,2,238.252,9.87796
78,5,31.5403,0.542359
78,20,214.708,15.4368
78,23,265.799,12.1344
78,25,55.2025,3.50262
78,38,27.0185,0
78,44,185.837,15.5699
78,45,304.817,13.686
78,47,102.941,7.97342
78,56,111.111,7.55981
78,62,244.224,9.11552
78,80,210.491,16.5762
78,85,98.0816,0
78,92,13.0384,0
79,2,166.032,5.28265
79,11,153.485,8.16338
79,12,214.893,17.7214
79,14,174.346,13.9965
79,19,133.249,11.2711
79,24,200.637,12.7519
79,29,241.99,20.7476
79,30,34.2053,0
79,32,13.4536,0
79,33,159.939,5.54275
79,39,95.7079,0
79,40,94.4299,0
79,45,99.8599,0
79,46,133.801,11.3758
79,48,58.1808,0
79,50,118,0
79,52,101.203,0
79,54,83.5108,0.981311
79,61,105.38,0
79,62,181.008,15.3943
79,65,259.002,12.0929
79,67,267.587,17.8391
79,73,21.9317,0
79,87,167.183,5.96318
79,88,265.493,20.4766
79,93,216.04,15.4798
80,0,146.283,10.8239
80,2,340.94,0
80,5,285.58,0
80,19,241.404,0
80,23,72.111,0
80,24,238.479,0
80,25,300.1,4.67898
80,26,154.842,0
80,35,133,8.94375
80,38,277.83,10.2078
80,45,312.41,7.06642
80,47,313.847,0
80,54,284.542,0
80,56,266.728,0
80,59,233.555,0
80,62,219.317,0
80,65,285.412,0
80,67,320.046,6.59586
80,78,210.491,16.5762
80,85,84.7649,6.81286
80,92,252.402,10.1235
81,9,144.014,0
81,10,107.336,0
81,21,65.0692,0
81,27,119.553,0
81,31,30.0666,0
81,36,108.706,0
81,37,184.494,5.2704
81,41,60.0167,0
81,43,127.063,0
81,57,143.569,0
81,58,103.586,0
81,64,167.451,0
81,68,79.712,0
81,70,115.603,0
81,72,79.1202,0
81,75,162.339,0
81,77,13.1529,0
81,84,22.8473,0
81,86,75.0733,0
81,90,94.541,0
82,4,313.017,4.25188
82,7,209.781,0
82,10,236.424,20.2608
82,13,290.661,0
82,18,296.223,0
82,22,298.253,9.17551
82,29,303.078,0
82,33,262.975,0
82,34,341.204,0
82,37,93.2309,0
82,42,262.191,0
82,43,271.892,9.43018
82,48,263.856,21.4314
82,49,193.752,0
82,52,263.101,19.2941
82,53,224.009,0
82,55,111.086,0
82,60,300.945,0
82,66,117.881,0
82,70,231.307,19.7552
82,74,159.298,0
82,75,301.605,11.7888
82,89,212.085,0
82,91,303.989,12.4792
82,95,230.868,0
83,4,121.537,10.1281
83,6,201.635,8.52035
83,7,166.506,1.55016
83,22,140.272,11.7743
83,28,289.277,6.22019
83,29,95.1059,4.08597
83,34,21.9964,1.68832
83,39,229.938,7.69811
83,42,256.724,12.5528
83,50,202.509,7.44938
83,55,272.738,2.65096
83,63,49.5405,0.968008
83,66,254.796,3.89191
83,71,252.798,6.89515
83,74,230.902,1.55257
83,87,262.399,5.77
83,97,278.328,5.66911
83,98,152.886,9.1404
84,9,140.407,0
84,10,85,0
84,21,44.9444,0
84,27,99.0202,0
84,31,31.1448,0
84,36,130.801,0
84,37,163.677,3.97
84,41,59.3633,0
84,43,124.391,0
84,57,143.59,0
84,58,122.801,0
84,64,149.967,0
84,68,84.214,0
84,70,92.9624,0
84,72,85.0059,0
84,75,162.542,0
84,77,31.8277,0
84,81,22.8473,0
84,86,87.2353,0
84,90,117.388,0
85,0,137.033,0
85,1,297.161,17.9938
85,5,154.602,12.8542
85,19,296.326,9.14537
85,23,150.05,8.50508
85,24,319.666,10.0057
85,25,194.109,16.4317
85,26,239.13,10.2899
85,35,119.231,0
85,38,120.839,0
85,47,228.079,16.6108
85,56,195.578,14.9951
85,59,315.14,11.4508
85,62,245.29,9.29129
85,78,98.0816,0
85,80,84.7649,6.81286
85,92,106.066,0
86,9,97.4064,0
86,10,145.344,0
86,21,101.045,0
86,27,142.874,0
86,31,57.5847,0
86,36,122.25,0
86,41,45.8912,0
86,57,86.5794,0
86,58,139.032,0
86,64,168.107,0
86,68,150.047,0
86,70,156.205,0
86,72,148.189,0
86,77,82.9759,0
86,81,75.0733,0
86,84,87.2353,0
86,90,92.358,0
87,1,230.703,0
87,2,155.602,0
87,5,345.404,0
87,6,186.468,8.42554
87,19,206.487,17.4119
87,25,316.208,0.511653
87,28,66.6033,0
87,29,256.265,0
87,32,172.757,6.25759
87,34,283.224,3.16701
87,39,105.676,5.96122
87,44,321.95,0
87,45,109.871,7.42056
87,47,276.101,0
87,48,175.841,5.75538
87,50,79.7004,5.78008
87,51,275.739,9.9022
87,54,155.908,8.95165
87,56,279.063,0
87,61,85.614,6.67122
87,62,226.73,15.5538
87,63,309.91,13.2042
87,69,236.212,0
87,71,67.0522,0
87,73,168.043,5.88747
87,79,167.183,5.96318
87,83,262.399,5.77
87,97,247.667,10.2297
87,98,180.655,3.86861
88,11,259.238,19.3673
88,12,117.375,8.57132
88,14,121.72,10.4385
88,19,280.481,12.3946
88,23,283.765,12.2283
88,24,147.431,10.152
88,26,177.091,11.806
88,30,228.879,16.8337
88,32,256.493,17.9546
88,35,214.146,18.3665
88,46,144.312,12.026
88,54,302.391,13.0186
88,59,85.7424,6.23227
88,65,61.0574,5.08811
88,67,17.0294,0
88,79,265.493,20.4766
88,93,87.7323,4.5611
89,3,195.73,8.0409
89,8,296.198,12.3278
89,10,213.902,18.3372
89,11,192.557,16.3193
89,16,215.329,2.59108
89,17,230.417,0
89,27,237.524,20.2905
89,30,216.785,16.5613
89,33,68.8767,0
89,37,221.269,0
89,40,146.063,12.3894
89,48,168.268,13.8693
89,52,126.88,10.0543
89,55,306.32,0
89,60,95.352,0
89,66,240.608,0
89,70,201.727,17.2963
89,73,200.4,15.4486
89,74,344.471,0
89,82,212.085,0
90,21,156.461,0
90,31,108.231,0
90,36,32.1403,0
90,41,122.442,0
90,43,173.462,0
90,58,62.1289,0
90,68,120.167,0
90,72,115.767,0
90,77,88.3233,0
90,81,94.541,0
90,84,117.388,0
90,86,92.358,0
91,13,155.494,9.84833
91,18,65.9785,5.6553
91,37,271.738,13.0357
91,42,236.988,11.1482
91,43,63.3482,0
91,49,110.551,8.71684
91,53,135.491,9.40604
91,55,289.587,11.8819
91,58,158.902,0
91,68,108.453,0
91,72,110.436,0
91,74,308.794,11.9501
91,75,24.6982,0
91,82,303.989,12.4792
91,94,24.1868,0
91,95,153,9.87912
91,96,131.484,0
92,1,137.002,9.13344
92,2,224.955,6.2028
92,5,17.4642,0
92,19,323.75,6.4945
92,20,251.894,20.6568
92,23,279.93,7.88014
92,25,42.3119,3.22639
92,38,15.2315,0
92,44,187.075,13.3619
92,45,294.229,10.6997
92,47,87.3212,5.82142
92,56,98.2497,5.26338
92,61,285.323,17.7791
92,62,238.716,6.08311
92,69,312.83,11.2418
92,78,13.0384,0
92,80,252.402,10.1235
92,85,106.066,0
93,3,279.27,0
93,8,209.848,0
93,11,169.387,0
93,12,41.7612,0
93,14,40.05,0
93,19,335.839,0
93,24,241.661,0
93,26,316.725,5.24992
93,30,170.139,10.0486
93,32,222.796,10.7192
93,40,185.606,14.4898
93,46,82.2192,0
93,48,220.923,18.8073
93,52,207.463,17.5165
93,54,338.922,0
93,59,215.023,16.7974
93,65,164.689,10.6557
93,67,97.9848,5.54983
93,73,206.254,17.5393
93,79,216.04,15.4798
93,88,87.7323,4.5611
94,13,150.382,7.08944
94,18,65.7891,5.38452
94,37,296.073,17.1738
94,42,238.065,7.7365
94,43,87.4757,0
94,49,130.498,10.6203
94,53,146.096,8.52589
94,55,306.496,11.5383
94,58,174.256,0
94,68,130.648,0
94,72,132.231,0
94,74,322.834,10.2197
94,75,47.7598,0
94,91,24.1868,0
94,95,161.698,8.0095
94,96,125.686,0
95,4,208.965,7.85056
95,7,217.044,0
95,13,60.531,0
95,18,96.1665,0
95,22,183.51,4.01531
95,34,342.286,0
95,37,256.5,0
95,42,90.3549,0
95,43,211.887,11.3511
95,49,108.074,0
95,53,22.8035,0
95,55,164.073,0
95,66,264.492,0
95,74,166.481,0
95,75,171.391,12.5561
95,82,230.868,0
95,91,153,9.87912
95,94,161.698,8.0095
96,18,191.622,9.85592
96,36,163.49,0
96,43,159.452,0
96,58,136.624,0
96,68,160.256,0
96,72,157.544,0
96,75,131.4,0
96,91,131.484,0
96,94,125.686,0
96,99,72.2772,0
97,6,79.2298,0.590992
97,15,286.803,0
97,20,290.689,0
97,28,208.784,8.63962
97,34,300.408,8.0096
97,44,319.69,4.37216
97,50,303.441,16.9048
97,51,158.858,0
97,63,250.667,9.98864
97,69,166.352,7.3934
97,71,186,8.67308
97,83,278.328,5.66911
97,87,247.667,10.2297
97,98,126.063,0
98,2,320.923,4.57644
98,4,274.892,16.8995
98,6,34.7802,2.94193
98,7,295.009,18.2758
98,28,164.115,5.11452
98,29,238.403,0
98,34,157.552,12.7628
98,39,260.552,11.4341
98,50,222.532,4.69535
98,51,185.255,15.5199
98,61,261.364,19.0254
98,63,157.106,11.6717
98,69,189.338,13.8709
98,71,131.668,4.27125
98,83,152.886,9.1404
98,87,180.655,3.86861
98,97,126.063,0
99,36,173.934,0
99,58,160.655,0
99,96,72.2772,0
