0,28,270.224,0
0,30,352.495,18.2999
0,44,230.015,19.3394
0,47,262.128,17.1953
0,69,339.722,24.2975
0,73,343.692,20.4578
0,77,313.098,22.0449
0,80,315.842,26.3202
1,7,205.507,0
1,8,356.448,28.1551
1,11,27.8568,0
1,12,222.542,15.6377
1,15,414.89,34.2291
1,18,211.79,14.2737
1,19,338.273,28.6514
1,20,353.396,27.077
1,23,341.971,22.1467
1,25,246.603,21.0616
1,26,312.089,13.0385
1,30,338.122,19.191
1,37,241.269,1.65188
1,38,329.167,17.8999
1,43,222.318,2.98613
1,47,427.756,35.476
1,49,124.275,10.6242
1,53,343.665,28.8767
1,55,177.588,14.6375
1,56,368.671,27.417
1,57,143.23,9.30563
1,58,175.86,13.3437
1,59,526.448,33.2903
1,63,354.814,30.387
1,65,273.222,23.2604
1,71,223.996,0.53585
1,72,303.784,25.9244
1,73,345.251,26.8608
1,79,151.793,12.9331
1,80,357.84,30.4425
1,81,84.8265,6.94265
1,84,29.6816,0
1,85,323.482,20.6018
1,86,400.27,28.4886
1,89,315.277,27.0237
1,94,140.5,0.571062
1,95,339.228,23.5364
2,3,213.594,10.2148
2,4,402.213,33.7394
2,5,397.085,27.5163
2,13,242.56,20.2417
2,17,395.077,32.7396
2,34,521.896,12.1017
2,41,366.235,25.6667
2,51,60.3315,4.65717
2,60,322.595,20.7474
2,82,105.485,6.21688
2,90,405.613,27.7456
2,93,122.006,7.12413
2,96,476.973,12.988
2,98,483.27,37.9378
3,2,213.594,10.2148
3,4,164.149,14.0783
3,7,440.744,36.3672
3,13,226.908,17.5686
3,26,330.946,28.2975
3,27,375.721,27.7741
3,37,463.903,38.2907
3,38,334.327,28.5579
3,42,211.959,15.8969
3,51,252.104,13.0102
3,54,185.12,15.8365
3,82,349.508,25.964
3,93,196.141,16.8091
3,98,220.168,17.9051
4,2,402.213,33.7394
4,3,164.149,14.0783
4,7,396.959,31.5542
4,13,261.785,15.4373
4,26,287.903,8.14623
4,27,217.095,9.01186
4,37,394.791,15.4401
4,38,281.028,9.97723
4,42,162.773,3.19297
4,43,466.147,27.0149
4,54,25.2389,1.50231
4,93,358.109,30.7098
4,98,171.951,11.8917
5,2,397.085,27.5163
5,17,594.837,13.7525
5,29,558.76,5.8638
5,41,31.4276,1.83046
5,50,229.544,17.7109
5,51,334.004,23.2318
5,60,115.503,9.72559
5,62,263.986,13.094
5,66,598.912,0
5,74,194.29,6.52635
5,75,469.825,0
5,76,350.509,29.5595
5,82,299.317,23.3008
5,90,116.276,0
5,93,405.331,33.1467
6,8,239.55,0
6,9,528.453,26.3838
6,10,359.778,0
6,12,402.03,19.727
6,15,247.421,12.7372
6,16,534.679,31.9055
6,19,309.539,19.3736
6,31,133.901,10.5202
6,34,347.989,0
6,45,476.981,28.1542
6,48,87.9318,0
6,52,321.012,19.5506
6,53,310.103,22.1239
6,61,235.657,18.8211
6,63,322.161,20.2362
6,65,338.546,24.7199
6,70,136.484,0
6,72,336.428,18.6002
6,83,58.8218,0
6,85,437.227,8.74941
6,87,443.945,29.9032
6,91,275.454,4.33971
6,92,264.645,20.1799
6,96,357.605,13.3926
6,97,240.608,0
7,1,205.507,0
7,3,440.744,36.3672
7,4,396.959,31.5542
7,8,400.522,34.0736
7,11,226.02,0
7,12,141.796,0
7,13,285.401,22.3028
7,15,353.448,19.4852
7,18,363.576,30.0675
7,19,290.067,12.3764
7,26,143.807,0.991378
7,27,257.218,6.60229
7,34,455.561,22.7909
7,37,158.43,2.29187
7,38,171.504,8.74336
7,42,258.504,21.9998
7,43,190.434,0
7,49,259,15.4167
7,53,255.247,16.8451
7,54,420.694,32.6658
7,57,351.829,24.5548
7,58,363.778,25.1616
7,63,397.929,32.4797
7,65,188.559,7.71379
7,70,483.031,31.6313
7,71,355.287,24.0582
7,72,229.036,19.3522
7,73,306.811,0
7,79,318.432,25.6876
7,81,261.387,12.9688
7,84,181.516,0
7,94,294.103,17.0836
7,96,518.465,23.1259
7,98,226.226,18.9385
8,1,356.448,28.1551
8,6,239.55,0
8,7,400.522,34.0736
8,10,330.478,24.1962
8,11,362.414,30.52
8,12,211.864,16.7992
8,15,133.236,11.4277
8,18,236.241,14.3951
8,19,217.355,13.2592
8,25,364.679,30.6243
8,31,379.205,10.7641
8,34,424.897,4.46837
8,48,152.118,0
8,52,386.44,25.7627
8,53,244.797,14.1917
8,55,351.938,19.5713
8,56,368.017,24.0395
8,58,362.243,30.4087
8,61,495.739,18.1362
8,63,125.108,10.1049
8,65,164.024,13.7517
8,70,110.653,0
8,72,159.87,13.1861
8,78,468.543,29.4622
8,79,223.509,11.2284
8,81,305.256,25.1883
8,83,206.814,0
8,84,349.711,24.9972
8,85,159.963,10.3325
8,87,335.119,27.5482
8,91,383.314,6.07083
8,92,507.598,10.1152
8,96,491.254,5.85377
8,97,146.492,0
9,6,528.453,26.3838
9,16,290.241,7.2136
9,17,592.811,7.97141
9,22,244.121,4.60858
9,31,381.013,17.8719
9,36,599.293,4.84598
9,39,268.693,4.65228
9,45,310.891,7.8871
9,46,388.045,7.57247
9,52,352.174,25.3972
9,61,330.103,17.7677
9,67,336.108,4.27864
9,91,373.685,31.8958
9,92,499.862,14.6321
10,6,359.778,0
10,8,330.478,24.1962
10,14,378.211,32.4406
10,15,474.686,31.7236
10,31,256.261,21.9281
10,33,421.59,35.6182
10,48,353.14,0
10,52,58.8591,4.70714
10,61,369.338,30.962
10,63,281.123,23.7598
10,65,472.051,39.1148
10,70,394.496,1.98198
10,72,491.322,37.6572
10,78,315.014,26.3709
10,83,402.616,0
10,85,312.886,23.3687
10,87,181.757,7.28998
10,91,71.9677,5.89727
10,97,182.991,15.5629
11,1,27.8568,0
11,7,226.02,0
11,8,362.414,30.52
11,12,263.945,22.6389
11,15,452.772,31.1331
11,18,196.106,4.6013
11,19,391.713,31.2673
11,20,325.108,25.8891
11,23,308.424,18.9484
11,25,219.964,18.709
11,26,338.324,12.9406
11,30,380.47,11.7765
11,35,351.55,24.7187
11,37,268.998,1.64641
11,43,260.214,7.67264
11,47,470.093,35.3549
11,49,186.36,12.3438
11,53,399.834,32.4656
11,55,156.655,13.4093
11,56,340.731,26.4642
11,57,122.33,8.66854
11,58,146.148,7.472
11,59,470.997,37.8612
11,63,368.406,27.8003
11,65,289.991,22.9832
11,71,225.769,3.48393
11,72,338.127,24.9063
11,73,425.913,36.4127
11,79,156.402,4.39257
11,80,402.649,34.2505
11,81,74.9083,3.83956
11,84,57.2451,0
11,85,345.016,29.3412
11,86,316.826,26.6098
11,89,306.961,26.0274
11,94,151.498,4.0203
11,95,313.069,23.0981
12,1,222.542,15.6377
12,6,402.03,19.727
12,7,141.796,0
12,8,211.864,16.7992
12,11,263.945,22.6389
12,13,375.999,31.5347
12,15,169.461,7.28044
12,18,241.298,20.5309
12,19,127.738,2.76489
12,25,316.204,21.0291
12,26,282,0
12,31,520.322,34.3788
12,34,361.713,23.717
12,37,283.28,2.02981
12,38,317.047,11.8402
12,43,297.047,0
12,48,314.033,22.2043
12,49,300.068,19.8911
12,53,146.013,2.7634
12,55,431.398,31.3813
12,57,387.31,32.5474
12,58,392.106,22.7743
12,63,249.464,20.3856
12,65,49.3785,3.36994
12,70,257.052,19.7454
12,71,447.048,36.816
12,72,61.818,2.03796
12,79,238.596,18.889
12,81,284.19,16.1083
12,83,350.505,18.1625
12,84,204.737,11.4988
12,85,301.834,25.7505
12,94,353.475,30.3037
12,96,442.365,24.7397
12,97,347.144,22.7448
12,98,386.414,32.143
13,2,242.56,20.2417
13,3,226.908,17.5686
13,4,261.785,15.4373
13,7,285.401,22.3028
13,12,375.999,31.5347
13,15,365.495,30.2023
13,19,381.44,18.2204
13,26,325.846,27.9489
13,27,448.609,36.8331
13,34,273.511,22.6138
13,37,335.852,20.6263
13,38,342.159,29.3435
13,42,260.068,20.9095
13,51,297.311,25.2358
13,53,350.346,17.7907
13,54,295.81,19.9178
13,65,462.046,30.5895
13,72,433.509,28.1288
13,82,329.41,28.15
13,92,463.088,34.2742
13,93,247.611,7.92505
13,96,284.871,23.5019
13,98,246.483,21.1386
14,10,378.211,32.4406
14,18,349.069,20.4044
14,20,269.879,22.9718
14,23,368.555,29.753
14,24,298.997,7.26384
14,25,300.756,17.3435
14,32,299.364,25.1074
14,33,109.689,8.72425
14,35,280.698,24.0258
14,40,110.002,8.81095
14,52,415.114,35.5417
14,56,165.444,6.30282
14,63,397.859,33.2072
14,64,370.774,25.2735
14,68,261.094,21.6417
14,78,72.1606,4.19285
14,85,322.831,25.4673
14,87,184.575,3.37208
14,95,302.043,25.6224
14,97,403.937,34.6484
15,1,414.89,34.2291
15,6,247.421,12.7372
15,7,353.448,19.4852
15,8,133.236,11.4277
15,10,474.686,31.7236
15,11,452.772,31.1331
15,12,169.461,7.28044
15,13,365.495,30.2023
15,18,294.737,20.9774
15,19,62.5171,5.31141
15,31,339.487,27.7732
15,34,225.562,16.7712
15,48,189.906,12.9684
15,52,525.137,31.1405
15,53,59.042,2.66227
15,58,481.38,36.4808
15,61,421.272,29.6727
15,63,193.877,12.172
15,65,162.646,5.70389
15,70,131.311,10.8994
15,72,115.243,5.48389
15,79,351.281,27.7422
15,81,419.377,25.7421
15,83,189.858,11.6066
15,84,377.117,32.2815
15,85,251.962,12.8451
15,91,477.478,21.2904
15,92,403.864,17.2246
15,96,302.886,19.0227
15,97,268.651,18.7722
16,6,534.679,31.9055
16,9,290.241,7.2136
16,17,314.814,0
16,21,490.197,33.8176
16,22,277.431,0
16,31,451.034,16.3971
16,36,475.45,14.5384
16,39,276.391,0
16,45,79.6492,0
16,46,103.247,0
16,61,310.831,4.81632
16,67,351.141,0
16,88,458.7,34.9573
16,92,348.286,17.2519
16,96,538.645,16.3859
17,2,395.077,32.7396
17,5,594.837,13.7525
17,9,592.811,7.97141
17,16,314.814,0
17,21,426.492,28.5895
17,22,573.149,0
17,31,539.41,29.7674
17,34,444.878,26.4005
17,39,564.287,0
17,41,533.463,27.032
17,45,281.887,0
17,46,211.603,0
17,51,459.689,33.4974
17,60,470.675,5.60855
17,61,406.225,8.74567
17,67,624.288,0
17,82,379.936,20.7345
17,88,501.679,21.4815
17,90,500.711,9.32463
17,92,339.227,7.81778
17,96,377.132,23.2391
18,1,211.79,14.2737
18,7,363.576,30.0675
18,8,236.241,14.3951
18,11,196.106,4.6013
18,12,241.298,20.5309
18,14,349.069,20.4044
18,15,294.737,20.9774
18,19,357.02,29.3715
18,20,198.978,6.1214
18,23,231.521,0
18,25,87.6641,0
18,30,522.58,25.3585
18,32,270.612,7.78904
18,33,323.264,24.4305
18,35,239.942,5.99305
18,40,386.986,32.3946
18,48,408.274,34.5442
18,49,384.536,17.7853
18,53,380.46,30.8699
18,55,104.547,0
18,56,199.101,6.16266
18,57,249.144,15.5247
18,58,68.4471,0
18,63,189.307,15.703
18,65,206.552,16.4909
18,70,349.338,29.6694
18,71,370.646,16.0538
18,72,256.403,21.9367
18,78,285.049,7.52546
18,79,50.7974,3.19704
18,81,123.062,1.42929
18,83,446.129,37.839
18,84,222.12,18.8918
18,85,151.819,0
18,86,298.403,7.7745
18,89,233.829,0
18,94,352.015,2.13277
18,95,196.115,0
18,97,345.929,28.7747
19,1,338.273,28.6514
19,6,309.539,19.3736
19,7,290.067,12.3764
19,8,217.355,13.2592
19,11,391.713,31.2673
19,12,127.738,2.76489
19,13,381.44,18.2204
19,15,62.5171,5.31141
19,18,357.02,29.3715
19,26,437.699,37.2694
19,31,400.316,32.9293
19,34,234.526,18.2961
19,37,415.72,34.6433
19,38,463.296,38.7724
19,48,253.297,18.7028
19,49,402.882,32.1271
19,53,31.241,0
19,58,510.534,27.197
19,61,450.529,36.0941
19,63,276.963,23.1323
19,65,150.373,0
19,70,195.909,16.1416
19,72,101.843,0
19,79,353.928,24.7156
19,81,421.099,16.1973
19,83,252.801,17.5121
19,84,316.882,25.8553
19,85,336.387,28.7057
19,91,540.364,28.2511
19,92,396.215,29.9425
19,96,312.357,21.1306
19,97,361.481,15.3499
19,98,517.149,25.8208
20,1,353.396,27.077
20,11,325.108,25.8891
20,14,269.879,22.9718
20,18,198.978,6.1214
20,23,95.4149,0
20,24,219.009,0
20,25,116.082,5.48905
20,32,68.5055,0
20,33,172.027,14.447
20,35,42.4853,0
20,40,207.299,17.783
20,55,153.31,0
20,56,69.6775,5.97546
20,57,258.903,9.73805
20,58,178.573,4.27973
20,63,299.649,18.0195
20,64,194.756,0
20,68,352.537,26.4002
20,71,400.589,34.094
20,78,227.56,8.9027
20,79,254.195,16.2197
20,81,299.531,24.1629
20,84,383.3,28.0806
20,85,252.327,15.0194
20,86,280.765,7.31315
20,89,206.594,3.20447
20,94,328.28,15.7897
20,95,28.3019,0
21,16,490.197,33.8176
21,17,426.492,28.5895
21,29,362.858,13.5039
21,36,322.367,27.5619
21,46,470.042,27.6951
21,66,168.955,10.9418
21,75,281.306,11.6805
21,88,105.178,0.973164
21,90,520.463,19.1719
21,99,596.796,4.41868
22,9,244.121,4.60858
22,16,277.431,0
22,17,573.149,0
22,36,355.443,0
22,39,26.8328,0
22,45,348.941,0
22,46,370.13,0
22,61,516.514,7.26226
22,67,96.933,0
22,88,463.229,37.1574
23,1,341.971,22.1467
23,11,308.424,18.9484
23,14,368.555,29.753
23,18,231.521,0
23,20,95.4149,0
23,24,197.497,0
23,25,145.344,0
23,30,315.071,1.50483
23,32,92.8924,0
23,33,260.336,18.4076
23,35,82.4924,0
23,40,287.629,22.9782
23,55,153.675,0
23,56,161.921,7.61697
23,57,270.494,19.32
23,58,186.775,0
23,59,247.136,0
23,64,147.248,0
23,68,305.707,22.5217
23,71,328.182,24.8494
23,78,327.16,11.6193
23,79,285.665,13.71
23,81,311.75,21.8805
23,85,343.526,17.6847
23,86,200.421,4.8148
23,89,129.097,0
23,94,374.37,31.6765
23,95,67.1193,0
24,14,298.997,7.26384
24,20,219.009,0
24,23,197.497,0
24,32,150.586,0
24,33,347.079,29.2225
24,35,176.709,0
24,40,260.546,17.9216
24,56,328.582,28.0441
24,64,67.0298,0
24,68,181.592,13.5203
24,89,312.136,0
24,95,207.87,0
25,1,246.603,21.0616
25,8,364.679,30.6243
25,11,219.964,18.709
25,12,316.204,21.0291
25,14,300.756,17.3435
25,18,87.6641,0
25,20,116.082,5.48905
25,23,145.344,0
25,30,438.344,36.4843
25,32,175.322,2.71242
25,33,223.614,9.43432
25,35,148.444,2.691
25,40,267.299,15.6781
25,49,366.396,31.1251
25,55,68.6222,0
25,56,118.663,0
25,57,161.913,5.12558
25,58,69.1231,0
25,59,310.788,0
25,63,198.154,0
25,64,282.668,0
25,65,277.226,13.3901
25,71,297.356,25.5059
25,72,326.191,22.0359
25,78,331.988,27.9835
25,79,137.914,9.52377
25,81,183.59,15.6872
25,84,278.809,23.378
25,85,180.422,0
25,86,246.598,5.09086
25,89,176.672,0
25,94,248.15,18.0159
25,95,109.636,0
25,97,353.508,26.698
26,1,312.089,13.0385
26,3,330.946,28.2975
26,4,287.903,8.14623
26,7,143.807,0.991378
26,11,338.324,12.9406
26,12,282,0
26,13,325.846,27.9489
26,19,437.699,37.2694
26,27,113.136,4.91275
26,37,133.767,0.983137
26,38,13.7275,1.14396
26,42,124.831,6.60377
26,43,202.067,15.2591
26,49,329.106,26.9754
26,53,368.791,28.4788
26,54,276.449,13.4888
26,65,329.083,8.48125
26,69,453.974,21.6325
26,72,371.625,24.5397
26,73,421.431,19.6249
26,77,477.036,27.3051
26,84,282.772,12.9551
26,94,392.526,31.9704
26,98,126.012,7.26096
27,3,375.721,27.7741
27,4,217.095,9.01186
27,7,257.218,6.60229
27,13,448.609,36.8331
27,26,113.136,4.91275
27,37,208.691,16.5269
27,38,108.623,6.32658
27,42,188.987,0
27,43,280.768,20.7217
27,54,187.294,10.1093
27,69,362.05,29.9958
27,73,327.332,27.3615
27,77,411.11,31.4061
27,98,227.672,8.09706
28,0,270.224,0
28,30,218.793,18.1756
28,44,366.821,29.9722
28,47,173.69,13.4994
28,49,431.576,36.2708
28,55,374.647,26.4902
28,57,445.435,28.9012
28,59,69.4262,0
28,71,323.664,27.7466
28,80,234.178,17.7686
28,86,156.621,9.71187
28,89,221.722,10.5323
28,94,404.8,33.7757
29,5,558.76,5.8638
29,21,362.858,13.5039
29,41,593.907,1.76395
29,50,364.897,11.5897
29,60,594.303,13.5734
29,62,459.158,29.2802
29,66,194.402,0
29,74,444.895,20.4266
29,75,146.67,0
29,76,502.5,31.6851
29,88,423.213,19.8967
29,90,520.069,0
30,0,352.495,18.2999
30,1,338.122,19.191
30,11,380.47,11.7765
30,18,522.58,25.3585
30,23,315.071,1.50483
30,25,438.344,36.4843
30,28,218.793,18.1756
30,37,356.197,26.8078
30,43,295.965,23.6155
30,44,242.793,20.3139
30,47,117.98,9.48243
30,49,188.811,16.06
30,55,368.586,25.3639
30,57,275.03,9.00188
30,58,376.312,28.607
30,59,247.308,21.1257
30,69,262.64,13.3895
30,71,157.124,7.91405
30,73,183.33,0
30,77,289.005,21.0958
30,79,533.699,14.1362
30,80,88.3629,0
30,81,468.595,8.93267
30,84,253.22,20.2027
30,86,241.972,17.1091
30,89,219.69,13.407
30,94,210.534,13.4218
31,6,133.901,10.5202
31,8,379.205,10.7641
31,9,381.013,17.8719
31,10,256.261,21.9281
31,12,520.322,34.3788
31,15,339.487,27.7732
31,16,451.034,16.3971
31,17,539.41,29.7674
31,19,400.316,32.9293
31,34,353.639,25.0986
31,45,362.06,23.5754
31,46,439.685,27.1838
31,48,227.441,10.192
31,52,180.834,5.79406
31,53,388.102,33.196
31,61,127.717,10.3544
31,63,445.531,28.2455
31,65,472.63,35.2979
31,70,271.679,13.5333
31,72,463.647,31.0131
31,83,166.505,14.0201
31,85,533.088,20.5033
31,87,447.154,32.8594
31,91,156.053,11.6471
31,92,278.308,12.3693
31,96,427.777,8.48712
31,97,337.957,10.9143
32,14,299.364,25.1074
32,18,270.612,7.78904
32,20,68.5055,0
32,23,92.8924,0
32,24,150.586,0
32,25,175.322,2.71242
32,33,187.593,16.0877
32,35,26.8701,0
32,40,199.404,16.8047
32,55,209.774,0
32,56,140.198,11.7613
32,57,327.357,16.3035
32,58,232.034,0
32,64,132.306,0
32,68,258,19.7035
32,78,275.245,17.9179
32,79,317.886,15.6145
32,81,361.507,25.4687
32,85,322.566,19.8767
32,86,293.224,4.92401
32,89,220.783,0
32,95,62.434,0
33,10,421.59,35.6182
33,14,109.689,8.72425
33,18,323.264,24.4305
33,20,172.027,14.447
33,23,260.336,18.4076
33,24,347.079,29.2225
33,25,223.614,9.43432
33,32,187.593,16.0877
33,35,171.93,14.0366
33,40,65.2993,0
33,55,287.099,9.25412
33,56,106.714,7.72613
33,58,292.045,9.74855
33,63,294.712,15.9494
33,64,314.696,24.6203
33,68,245.492,20.9822
33,78,125.043,8.62035
33,79,375.003,30.4404
33,85,255.152,19.8659
33,87,282.289,19.9839
33,95,200.311,16.5236
33,97,455.169,37.0377
34,2,521.896,12.1017
34,6,347.989,0
34,7,455.561,22.7909
34,8,424.897,4.46837
34,12,361.713,23.717
34,13,273.511,22.6138
34,15,225.562,16.7712
34,17,444.878,26.4005
34,19,234.526,18.2961
34,31,353.639,25.0986
34,45,502.513,19.7893
34,46,565.845,6.33157
34,48,371.08,0
34,51,474.769,35.0302
34,53,242.987,13.9776
34,61,359.776,9.65633
34,63,509.916,29.9084
34,65,381.247,22.5755
34,70,323.01,12.3183
34,72,331.209,21.4399
34,82,389.034,33.2466
34,83,307.877,0
34,92,231.806,3.69071
34,96,78.0256,0
34,97,497.145,15.6081
35,11,351.55,24.7187
35,14,280.698,24.0258
35,18,239.942,5.99305
35,20,42.4853,0
35,23,82.4924,0
35,24,176.709,0
35,25,148.444,2.691
35,32,26.8701,0
35,33,171.93,14.0366
35,40,203.345,17.3641
35,55,184.318,0
35,56,106.814,9.15546
35,57,295.146,13.1176
35,58,209.197,1.79201
35,63,368.931,27.3071
35,64,153.574,0
35,68,314.58,20.1927
35,78,254.026,12.7438
35,79,290.862,15.2948
35,81,333.012,24.3127
35,85,312.155,22.389
35,86,279.681,5.01569
35,89,205.448,0
35,95,36.7696,0
36,9,599.293,4.84598
36,16,475.45,14.5384
36,21,322.367,27.5619
36,22,355.443,0
36,39,330.606,0
36,45,551.815,15.4608
36,46,502.653,19.1939
36,67,272.617,0
36,88,257.445,22.0787
36,99,389.487,0
37,1,241.269,1.65188
37,3,463.903,38.2907
37,4,394.791,15.4401
37,7,158.43,2.29187
37,11,268.998,1.64641
37,12,283.28,2.02981
37,13,335.852,20.6263
37,19,415.72,34.6433
37,26,133.767,0.983137
37,27,208.691,16.5269
37,30,356.197,26.8078
37,38,130.292,0
37,42,258.092,7.73784
37,43,64.0368,2.28945
37,44,433.441,36.977
37,49,231.989,16.0833
37,53,413.032,34.8385
37,54,357.844,23.9493
37,57,385.306,31.0583
37,65,334.496,12.9447
37,69,359.995,16.1635
37,71,351.241,28.3694
37,72,349.313,16.853
37,73,267.364,21.4463
37,77,386.411,21.1454
37,80,294.331,9.2805
37,81,307.267,6.5638
37,84,211.758,1.63649
37,94,318.964,26.0599
37,98,256.652,9.96819
38,1,329.167,17.8999
38,3,334.327,28.5579
38,4,281.028,9.97723
38,7,171.504,8.74336
38,12,317.047,11.8402
38,13,342.159,29.3435
38,19,463.296,38.7724
38,26,13.7275,1.14396
38,27,108.623,6.32658
38,37,130.292,0
38,42,127.922,6.69324
38,43,206.328,13.4315
38,49,333.81,27.6736
38,53,389.353,31.193
38,54,255.441,17.0294
38,69,426.758,24.2796
38,73,411.024,18.8186
38,77,450.903,29.0212
38,84,299.731,17.6137
38,94,406.286,34.1298
38,98,137.113,7.49676
39,9,268.693,4.65228
39,16,276.391,0
39,17,564.287,0
39,22,26.8328,0
39,36,330.606,0
39,45,350.657,0
39,46,364.971,0
39,61,528.731,7.03887
39,67,81.6088,0
39,88,435.912,35.7746
40,14,110.002,8.81095
40,18,386.986,32.3946
40,20,207.299,17.783
40,23,287.629,22.9782
40,24,260.546,17.9216
40,25,267.299,15.6781
40,32,199.404,16.8047
40,33,65.2993,0
40,35,203.345,17.3641
40,55,326.374,15.0378
40,56,146.715,12.0407
40,58,336.335,16.4324
40,63,359.03,26.4721
40,64,263.295,12.1187
40,68,179.202,13.9638
40,78,153.085,11.9691
40,85,322.253,27.574
40,87,286.874,17.3065
40,95,241.104,20.5964
41,2,366.235,25.6667
41,5,31.4276,1.83046
41,17,533.463,27.032
41,29,593.907,1.76395
41,50,260.826,19.7004
41,51,304.071,21.232
41,60,63.2535,0
41,62,266.734,19.709
41,66,612.102,1.90079
41,74,215.018,11.3545
41,75,486.76,2.03353
41,76,355.833,30.5091
41,82,263.935,21.4691
41,90,110.412,1.46341
41,93,393.133,30.7985
42,3,211.959,15.8969
42,4,162.773,3.19297
42,7,258.504,21.9998
42,13,260.068,20.9095
42,26,124.831,6.60377
42,27,188.987,0
42,37,258.092,7.73784
42,38,127.922,6.69324
42,43,335.836,19.8292
42,53,539.339,29.9366
42,54,180.357,1.67911
42,69,455.592,38.4175
42,73,495.404,33.0269
42,93,383.008,28.8127
42,98,62.0967,0
43,1,222.318,2.98613
43,4,466.147,27.0149
43,7,190.434,0
43,11,260.214,7.67264
43,12,297.047,0
43,26,202.067,15.2591
43,27,280.768,20.7217
43,30,295.965,23.6155
43,37,64.0368,2.28945
43,38,206.328,13.4315
43,42,335.836,19.8292
43,44,336.246,28.7365
43,47,285.593,9.29426
43,49,204.729,17.2657
43,54,433.021,31.392
43,57,381.431,32.4456
43,69,285.912,10.5683
43,71,289.082,22.7576
43,73,169.465,14.5315
43,77,313.748,15.051
43,79,362.819,21.0411
43,80,231.302,7.41434
43,81,289.727,5.79271
43,84,188.566,0
43,94,294.951,25.2613
43,98,322.585,23.5301
44,0,230.015,19.3394
44,28,366.821,29.9722
44,30,242.793,20.3139
44,37,433.441,36.977
44,43,336.246,28.7365
44,47,228.963,0
44,49,341.869,28.5228
44,59,417.36,35.7613
44,69,230.894,7.14672
44,71,366.771,31.4543
44,73,165.857,13.6341
44,77,188.224,10.6385
44,80,146.669,11.363
44,86,580.308,15.4065
44,94,390.445,33.3184
45,6,476.981,28.1542
45,9,310.891,7.8871
45,16,79.6492,0
45,17,281.887,0
45,22,348.941,0
45,31,362.06,23.5754
45,34,502.513,19.7893
45,36,551.815,15.4608
45,39,350.657,0
45,46,93.7443,0
45,61,241.294,4.62481
45,67,427.612,0
45,83,564.725,8.16246
45,92,268.718,15.9452
45,96,460.977,15.7074
46,9,388.045,7.57247
46,16,103.247,0
46,17,211.603,0
46,21,470.042,27.6951
46,22,370.13,0
46,31,439.685,27.1838
46,34,565.845,6.33157
46,36,502.653,19.1939
46,39,364.971,0
46,45,93.7443,0
46,61,318.998,4.70985
46,67,433.35,0
46,88,428.345,33.7498
46,92,316.629,14.6655
46,96,489.246,12.6123
47,0,262.128,17.1953
47,1,427.756,35.476
47,11,470.093,35.3549
47,28,173.69,13.4994
47,30,117.98,9.48243
47,43,285.593,9.29426
47,44,228.963,0
47,49,282.612,23.881
47,55,428.567,36.6005
47,57,389.105,27.7589
47,59,230.538,18.3415
47,69,349.234,22.7479
47,71,276.296,22.3745
47,73,201.671,10.2575
47,77,361.498,16.6197
47,80,56.0991,1.94414
47,84,344.347,24.4033
47,86,386.041,1.00005
47,89,400.013,30.001
47,94,305.033,26.1593
48,6,87.9318,0
48,8,152.118,0
48,10,353.14,0
48,12,314.033,22.2043
48,15,189.906,12.9684
48,18,408.274,34.5442
48,19,253.297,18.7028
48,31,227.441,10.192
48,34,371.08,0
48,52,346.784,15.8908
48,53,249.16,20.9193
48,61,329.166,21.1275
48,63,243.455,16.6842
48,65,284.256,19.4288
48,70,59.0593,0
48,72,254.762,18.9423
48,78,489.408,37.3187
48,79,378.705,32.3601
48,81,469.066,38.1661
48,83,72.4983,0
48,85,352.49,10.6391
48,87,392.896,31.1645
48,91,291.313,5.10481
48,92,337.827,22.2773
48,96,425.962,0
48,97,170.95,0
49,1,124.275,10.6242
49,7,259,15.4167
49,11,186.36,12.3438
49,12,300.068,19.8911
49,18,384.536,17.7853
49,19,402.882,32.1271
49,25,366.396,31.1251
49,26,329.106,26.9754
49,28,431.576,36.2708
49,30,188.811,16.06
49,37,231.989,16.0833
49,38,333.81,27.6736
49,43,204.729,17.2657
49,44,341.869,28.5228
49,47,282.612,23.881
49,55,261.443,22.207
49,57,198.706,8.59732
49,58,316.386,17.4744
49,59,435.82,34.7688
49,65,351.734,29.4512
49,69,337.291,28.9161
49,71,126.693,9.87215
49,72,371.448,30.6163
49,73,248.31,20.9421
49,77,355.163,30.448
49,79,302.925,23.7804
49,80,204.441,11.294
49,81,245.89,18.2936
49,84,96.3811,7.34126
49,86,340.368,28.7207
49,89,359.758,29.276
49,94,99.1805,3.82785
49,98,408.082,33.0918
50,5,229.544,17.7109
50,29,364.897,11.5897
50,41,260.826,19.7004
50,60,316.817,26.5263
50,62,100.153,8.0641
50,66,486.384,10.5278
50,74,84.7994,7.23927
50,75,342.156,10.0808
50,76,180.377,15.373
50,90,233.034,19.9851
51,2,60.3315,4.65717
51,3,252.104,13.0102
51,5,334.004,23.2318
51,13,297.311,25.2358
51,17,459.689,33.4974
51,34,474.769,35.0302
51,41,304.071,21.232
51,60,267.242,15.1776
51,74,517.8,30.7027
51,82,126.682,3.31196
51,90,347.327,22.826
51,93,176.306,14.4404
51,96,421.707,33.1659
52,6,321.012,19.5506
52,8,386.44,25.7627
52,9,352.174,25.3972
52,10,58.8591,4.70714
52,14,415.114,35.5417
52,15,525.137,31.1405
52,31,180.834,5.79406
52,48,346.784,15.8908
52,61,304.051,17.6283
52,63,326.406,27.4461
52,70,396.004,16.9728
52,78,379.289,29.8867
52,83,387.133,15.9041
52,85,370.983,28.1024
52,87,211.109,12.4059
52,91,46.5188,0
52,97,206.278,15.6563
53,1,343.665,28.8767
53,6,310.103,22.1239
53,7,255.247,16.8451
53,8,244.797,14.1917
53,11,399.834,32.4656
53,12,146.013,2.7634
53,13,350.346,17.7907
53,15,59.042,2.66227
53,18,380.46,30.8699
53,19,31.241,0
53,26,368.791,28.4788
53,31,388.102,33.196
53,34,242.987,13.9776
53,37,413.032,34.8385
53,38,389.353,31.193
53,42,539.339,29.9366
53,48,249.16,20.9193
53,58,549.057,22.985
53,61,466.569,34.9927
53,63,308.056,24.9623
53,65,176.511,0
53,70,190.31,16.0976
53,72,129.692,0
53,79,376.114,25.6922
53,81,431.183,19.5062
53,83,251.168,19.77
53,84,315.916,24.8423
53,85,367.5,31.5262
53,92,387.846,29.6933
53,96,335.309,10.0835
53,97,380.903,18.1767
53,98,477.027,29.1999
54,3,185.12,15.8365
54,4,25.2389,1.50231
54,7,420.694,32.6658
54,13,295.81,19.9178
54,26,276.449,13.4888
54,27,187.294,10.1093
54,37,357.844,23.9493
54,38,255.441,17.0294
54,42,180.357,1.67911
54,43,433.021,31.392
54,93,376.147,32.1611
54,98,191.175,13.1445
55,1,177.588,14.6375
55,8,351.938,19.5713
55,11,156.655,13.4093
55,12,431.398,31.3813
55,18,104.547,0
55,20,153.31,0
55,23,153.675,0
55,25,68.6222,0
55,28,374.647,26.4902
55,30,368.586,25.3639
55,32,209.774,0
55,33,287.099,9.25412
55,35,184.318,0
55,40,326.374,15.0378
55,47,428.567,36.6005
55,49,261.443,22.207
55,56,181.025,0
55,57,104.259,7.39483
55,58,39.0512,0
55,59,285.739,13.3155
55,63,268.531,11.6295
55,64,300.776,0
55,65,390.503,31.9708
55,71,222.057,17.812
55,72,440.546,34.5588
55,79,167.006,14.2893
55,80,473.227,38.6366
55,81,162.802,13.059
55,84,242.562,20.4539
55,85,237.186,0
55,86,191.335,5.42396
55,89,129.283,0
55,94,173.822,13.0366
55,95,147.597,0
56,1,368.671,27.417
56,8,368.017,24.0395
56,11,340.731,26.4642
56,14,165.444,6.30282
56,18,199.101,6.16266
56,20,69.6775,5.97546
56,23,161.921,7.61697
56,24,328.582,28.0441
56,25,118.663,0
56,32,140.198,11.7613
56,33,106.714,7.72613
56,35,106.814,9.15546
56,40,146.715,12.0407
56,55,181.025,0
56,57,282.161,7.5231
56,58,187.758,0
56,63,244.9,8.19902
56,64,272.521,18.3537
56,68,262.873,18.7096
56,78,159.827,0.682917
56,79,248.147,13.756
56,81,296.13,21.5544
56,85,180.347,0
56,86,327.627,7.60611
56,87,350.413,26.7932
56,89,249.786,1.70243
56,95,95.4355,6.86301
56,97,419.724,35.8231
57,1,143.23,9.30563
57,7,351.829,24.5548
57,11,122.33,8.66854
57,12,387.31,32.5474
57,18,249.144,15.5247
57,20,258.903,9.73805
57,23,270.494,19.32
57,25,161.913,5.12558
57,28,445.435,28.9012
57,30,275.03,9.00188
57,32,327.357,16.3035
57,35,295.146,13.1176
57,37,385.306,31.0583
57,43,381.431,32.4456
57,47,389.105,27.7589
57,49,198.706,8.59732
57,55,104.259,7.39483
57,56,282.161,7.5231
57,58,91.4719,1.05021
57,59,341.576,28.7685
57,63,484.385,31.1789
57,65,431.868,29.1901
57,71,120.587,1.02131
57,72,470.953,31.9489
57,73,392.555,33.6315
57,79,248.792,11.9088
57,80,356.439,28.628
57,81,176.329,11.4854
57,84,164.786,13.4144
57,85,368.071,26.943
57,86,206.143,16.2224
57,89,159.234,7.95839
57,94,100.923,4.40946
57,95,257.321,12.4228
58,1,175.86,13.3437
58,7,363.778,25.1616
58,8,362.243,30.4087
58,11,146.148,7.472
58,12,392.106,22.7743
58,15,481.38,36.4808
58,18,68.4471,0
58,19,510.534,27.197
58,20,178.573,4.27973
58,23,186.775,0
58,25,69.1231,0
58,30,376.312,28.607
58,32,232.034,0
58,33,292.045,9.74855
58,35,209.197,1.79201
58,40,336.335,16.4324
58,49,316.386,17.4744
58,53,549.057,22.985
58,55,39.0512,0
58,56,187.758,0
58,57,91.4719,1.05021
58,59,331.29,18.0842
58,63,247.147,15.3018
58,65,351.451,25.6596
58,71,208.321,17.7976
58,72,401.493,27.3
58,78,327.988,10.4422
58,79,130.099,8.26601
58,81,124.135,5.5171
58,84,203.833,17.368
58,85,211.4,0
58,86,229.944,7.61357
58,89,166.904,0
58,94,209.581,16.5571
58,95,169.806,0
58,97,383.143,30.4774
59,1,526.448,33.2903
59,11,470.997,37.8612
59,23,247.136,0
59,25,310.788,0
59,28,69.4262,0
59,30,247.308,21.1257
59,44,417.36,35.7613
59,47,230.538,18.3415
59,49,435.82,34.7688
59,55,285.739,13.3155
59,57,341.576,28.7685
59,58,331.29,18.0842
59,71,334.664,24.2812
59,80,315.317,27.0403
59,86,93.2952,6.72802
59,89,135.772,0
59,94,426.124,25.5978
59,95,305.786,0
60,2,322.595,20.7474
60,5,115.503,9.72559
60,17,470.675,5.60855
60,29,594.303,13.5734
60,41,63.2535,0
60,50,316.817,26.5263
60,51,267.242,15.1776
60,62,391.51,22.3491
60,66,570.235,14.4289
60,74,299.922,20.1753
60,75,448.606,19.7012
60,82,193.647,14.8899
60,90,79.4862,6.75427
60,93,395.709,29.0475
61,6,235.657,18.8211
61,8,495.739,18.1362
61,9,330.103,17.7677
61,10,369.338,30.962
61,15,421.272,29.6727
61,16,310.831,4.81632
61,17,406.225,8.74567
61,19,450.529,36.0941
61,22,516.514,7.26226
61,31,127.717,10.3544
61,34,359.776,9.65633
61,39,528.731,7.03887
61,45,241.294,4.62481
61,46,318.998,4.70985
61,48,329.166,21.1275
61,52,304.051,17.6283
61,53,466.569,34.9927
61,67,610.346,7.08881
61,70,393.106,15.0823
61,83,297.585,13.9298
61,91,267.763,18.3403
61,92,135.038,10.0207
61,96,323.929,14.3263
61,97,483.336,21.2741
62,5,263.986,13.094
62,29,459.158,29.2802
62,41,266.734,19.709
62,50,100.153,8.0641
62,60,391.51,22.3491
62,74,85.5942,5.09489
62,75,439.52,27.1996
62,76,87.983,0
62,90,342.108,15.4804
63,1,354.814,30.387
63,6,322.161,20.2362
63,7,397.929,32.4797
63,8,125.108,10.1049
63,10,281.123,23.7598
63,11,368.406,27.8003
63,12,249.464,20.3856
63,14,397.859,33.2072
63,15,193.877,12.172
63,18,189.307,15.703
63,19,276.963,23.1323
63,20,299.649,18.0195
63,25,198.154,0
63,31,445.531,28.2455
63,33,294.712,15.9494
63,34,509.916,29.9084
63,35,368.931,27.3071
63,40,359.03,26.4721
63,48,243.455,16.6842
63,52,326.406,27.4461
63,53,308.056,24.9623
63,55,268.531,11.6295
63,56,244.9,8.19902
63,57,484.385,31.1789
63,58,247.147,15.3018
63,65,200.12,16.7196
63,70,231.871,13.2346
63,72,207.683,17.7772
63,78,324.425,26.339
63,79,213.113,18.2738
63,81,302.417,22.6813
63,83,317.176,16.373
63,84,404.926,32.5305
63,85,58.8982,0
63,87,335.569,27.9218
63,91,323.392,27.5465
63,94,542.395,29.6178
63,95,344.802,25.2242
63,97,138.793,10.6529
64,14,370.774,25.2735
64,20,194.756,0
64,23,147.248,0
64,24,67.0298,0
64,25,282.668,0
64,32,132.306,0
64,33,314.696,24.6203
64,35,153.574,0
64,40,263.295,12.1187
64,55,300.776,0
64,56,272.521,18.3537
64,68,220.857,18.1211
64,86,305.748,4.98407
64,89,250.599,0
64,95,176.264,0
65,1,273.222,23.2604
65,6,338.546,24.7199
65,7,188.559,7.71379
65,8,164.024,13.7517
65,10,472.051,39.1148
65,11,289.991,22.9832
65,12,49.3785,3.36994
65,13,462.046,30.5895
65,15,162.646,5.70389
65,18,206.552,16.4909
65,19,150.373,0
65,25,277.226,13.3901
65,26,329.083,8.48125
65,31,472.63,35.2979
65,34,381.247,22.5755
65,37,334.496,12.9447
65,48,284.256,19.4288
65,49,351.734,29.4512
65,53,176.511,0
65,55,390.503,31.9708
65,57,431.868,29.1901
65,58,351.451,25.6596
65,63,200.12,16.7196
65,70,219.334,17.7509
65,71,499.444,33.2963
65,72,50.04,0
65,79,204.012,17.4114
65,81,277.935,14.8125
65,83,291.262,22.2479
65,84,252.097,21.1994
65,85,256.97,21.708
65,91,546.385,26.9858
65,92,567.549,22.638
65,94,408.314,31.4154
65,96,459.273,23.9108
65,97,276.894,22.2794
66,5,598.912,0
66,21,168.955,10.9418
66,29,194.402,0
66,41,612.102,1.90079
66,50,486.384,10.5278
66,60,570.235,14.4289
66,74,564.513,12.2595
66,75,145.134,0
66,88,236.741,15.3425
66,90,495.363,9.00318
67,9,336.108,4.27864
67,16,351.141,0
67,17,624.288,0
67,22,96.933,0
67,36,272.617,0
67,39,81.6088,0
67,45,427.612,0
67,46,433.35,0
67,61,610.346,7.08881
67,88,412.308,34.8757
68,14,261.094,21.6417
68,20,352.537,26.4002
68,23,305.707,22.5217
68,24,181.592,13.5203
68,32,258,19.7035
68,33,245.492,20.9822
68,35,314.58,20.1927
68,40,179.202,13.9638
68,56,262.873,18.7096
68,64,220.857,18.1211
68,78,293.572,16.0334
68,95,354.718,27.1103
69,0,339.722,24.2975
69,26,453.974,21.6325
69,27,362.05,29.9958
69,30,262.64,13.3895
69,37,359.995,16.1635
69,38,426.758,24.2796
69,42,455.592,38.4175
69,43,285.912,10.5683
69,44,230.894,7.14672
69,47,349.234,22.7479
69,49,337.291,28.9161
69,71,377.203,31.516
69,73,91.126,6.86914
69,77,25.9911,1.78429
69,80,262.296,18.9805
69,84,405.293,33.4019
69,94,392.002,33.3568
70,6,136.484,0
70,7,483.031,31.6313
70,8,110.653,0
70,10,394.496,1.98198
70,12,257.052,19.7454
70,15,131.311,10.8994
70,18,349.338,29.6694
70,19,195.909,16.1416
70,31,271.679,13.5333
70,34,323.01,12.3183
70,48,59.0593,0
70,52,396.004,16.9728
70,53,190.31,16.0976
70,61,393.106,15.0823
70,63,231.871,13.2346
70,65,219.334,17.7509
70,72,196.618,16.1097
70,78,527.819,33.4975
70,79,335.704,28.1465
70,81,434.601,34.8997
70,83,96.5401,0
70,85,298.9,20.8697
70,87,401.374,33.5387
70,91,345.406,5.19437
70,92,395.258,11.4774
70,96,393.051,9.82269
70,97,178.513,1.312
71,1,223.996,0.53585
71,7,355.287,24.0582
71,11,225.769,3.48393
71,12,447.048,36.816
71,18,370.646,16.0538
71,20,400.589,34.094
71,23,328.182,24.8494
71,25,297.356,25.5059
71,28,323.664,27.7466
71,30,157.124,7.91405
71,37,351.241,28.3694
71,43,289.082,22.7576
71,44,366.771,31.4543
71,47,276.296,22.3745
71,49,126.693,9.87215
71,55,222.057,17.812
71,57,120.587,1.02131
71,58,208.321,17.7976
71,59,334.664,24.2812
71,65,499.444,33.2963
71,69,377.203,31.516
71,73,292.837,23.4517
71,77,420.325,35.8743
71,79,371.833,7.40972
71,80,236.497,20.2566
71,81,302.98,3.91217
71,84,209.316,12.0963
71,86,234.484,18.5123
71,89,226.665,19.3422
71,94,87.1321,0
71,95,387.201,33.0566
72,1,303.784,25.9244
72,6,336.428,18.6002
72,7,229.036,19.3522
72,8,159.87,13.1861
72,10,491.322,37.6572
72,11,338.127,24.9063
72,12,61.818,2.03796
72,13,433.509,28.1288
72,15,115.243,5.48389
72,18,256.403,21.9367
72,19,101.843,0
72,25,326.191,22.0359
72,26,371.625,24.5397
72,31,463.647,31.0131
72,34,331.209,21.4399
72,37,349.313,16.853
72,48,254.762,18.9423
72,49,371.448,30.6163
72,53,129.692,0
72,55,440.546,34.5588
72,57,470.953,31.9489
72,58,401.493,27.3
72,63,207.683,17.7772
72,65,50.04,0
72,70,196.618,16.1097
72,79,254.043,20.618
72,81,329.38,14.8463
72,83,287.603,16.4069
72,84,291.312,24.9831
72,85,270.218,22.5503
72,91,543.208,23.5622
72,92,483.072,31.2847
72,94,436.633,34.5013
72,96,409.235,23.1044
72,97,303.12,18.6169
73,0,343.692,20.4578
73,1,345.251,26.8608
73,7,306.811,0
73,11,425.913,36.4127
73,26,421.431,19.6249
73,27,327.332,27.3615
73,30,183.33,0
73,37,267.364,21.4463
73,38,411.024,18.8186
73,42,495.404,33.0269
73,43,169.465,14.5315
73,44,165.857,13.6341
73,47,201.671,10.2575
73,49,248.31,20.9421
73,57,392.555,33.6315
73,69,91.126,6.86914
73,71,292.837,23.4517
73,77,103.148,8.76585
73,80,126.909,0
73,84,320.593,25.066
73,94,303.012,25.0446
73,98,548.124,26.3877
74,5,194.29,6.52635
74,29,444.895,20.4266
74,41,215.018,11.3545
74,50,84.7994,7.23927
74,51,517.8,30.7027
74,60,299.922,20.1753
74,62,85.5942,5.09489
74,66,564.513,12.2595
74,75,420.636,11.5228
74,76,206.034,16.781
74,82,474.475,35.1257
74,90,258.801,9.97728
75,5,469.825,0
75,21,281.306,11.6805
75,29,146.67,0
75,41,486.76,2.03353
75,50,342.156,10.0808
75,60,448.606,19.7012
75,62,439.52,27.1996
75,66,145.134,0
75,74,420.636,11.5228
75,76,431.375,37.0047
75,88,367.671,16.0571
75,90,399.46,0
76,5,350.509,29.5595
76,29,502.5,31.6851
76,41,355.833,30.5091
76,50,180.377,15.373
76,62,87.983,0
76,74,206.034,16.781
76,75,431.375,37.0047
76,90,476.764,27.3386
77,0,313.098,22.0449
77,26,477.036,27.3051
77,27,411.11,31.4061
77,30,289.005,21.0958
77,37,386.411,21.1454
77,38,450.903,29.0212
77,43,313.748,15.051
77,44,188.224,10.6385
77,47,361.498,16.6197
77,49,355.163,30.448
77,69,25.9911,1.78429
77,71,420.325,35.8743
77,73,103.148,8.76585
77,80,252.707,18.9948
77,94,396.903,33.1836
78,8,468.543,29.4622
78,10,315.014,26.3709
78,14,72.1606,4.19285
78,18,285.049,7.52546
78,20,227.56,8.9027
78,23,327.16,11.6193
78,25,331.988,27.9835
78,32,275.245,17.9179
78,33,125.043,8.62035
78,35,254.026,12.7438
78,40,153.085,11.9691
78,48,489.408,37.3187
78,52,379.289,29.8867
78,56,159.827,0.682917
78,58,327.988,10.4422
78,63,324.425,26.339
78,68,293.572,16.0334
78,70,527.819,33.4975
78,79,333.191,16.562
78,85,248.177,18.2463
78,87,158.377,11.6405
78,91,381.337,32.5416
78,95,254.914,8.89918
78,97,323.659,27.6226
79,1,151.793,12.9331
79,7,318.432,25.6876
79,8,223.509,11.2284
79,11,156.402,4.39257
79,12,238.596,18.889
79,15,351.281,27.7422
79,18,50.7974,3.19704
79,19,353.928,24.7156
79,20,254.195,16.2197
79,23,285.665,13.71
79,25,137.914,9.52377
79,30,533.699,14.1362
79,32,317.886,15.6145
79,33,375.003,30.4404
79,35,290.862,15.2948
79,43,362.819,21.0411
79,48,378.705,32.3601
79,49,302.925,23.7804
79,53,376.114,25.6922
79,55,167.006,14.2893
79,56,248.147,13.756
79,57,248.792,11.9088
79,58,130.099,8.26601
79,63,213.113,18.2738
79,65,204.012,17.4114
79,70,335.704,28.1465
79,71,371.833,7.40972
79,72,254.043,20.618
79,78,333.191,16.562
79,81,81.4371,0
79,83,430.749,36.8015
79,84,171.538,14.5098
79,85,177.566,4.06206
79,86,405.525,34.7874
79,89,300.951,21.9748
79,94,324.58,0
79,95,246.774,10.5372
79,97,356.049,29.4235
80,0,315.842,26.3202
80,1,357.84,30.4425
80,11,402.649,34.2505
80,28,234.178,17.7686
80,30,88.3629,0
80,37,294.331,9.2805
80,43,231.302,7.41434
80,44,146.669,11.363
80,47,56.0991,1.94414
80,49,204.441,11.294
80,55,473.227,38.6366
80,57,356.439,28.628
80,59,315.317,27.0403
80,69,262.296,18.9805
80,71,236.497,20.2566
80,73,126.909,0
80,77,252.707,18.9948
80,84,322.934,25.1261
80,86,336.764,27.8257
80,89,316.797,18.9955
80,94,262.684,22.0165
81,1,84.8265,6.94265
81,7,261.387,12.9688
81,8,305.256,25.1883
81,11,74.9083,3.83956
81,12,284.19,16.1083
81,15,419.377,25.7421
81,18,123.062,1.42929
81,19,421.099,16.1973
81,20,299.531,24.1629
81,23,311.75,21.8805
81,25,183.59,15.6872
81,30,468.595,8.93267
81,32,361.507,25.4687
81,35,333.012,24.3127
81,37,307.267,6.5638
81,43,289.727,5.79271
81,48,469.066,38.1661
81,49,245.89,18.2936
81,53,431.183,19.5062
81,55,162.802,13.059
81,56,296.13,21.5544
81,57,176.329,11.4854
81,58,124.135,5.5171
81,63,302.417,22.6813
81,65,277.935,14.8125
81,70,434.601,34.8997
81,71,302.98,3.91217
81,72,329.38,14.8463
81,79,81.4371,0
81,84,103.318,5.91709
81,85,265.559,20.4993
81,86,383.691,32.4133
81,89,281.025,21.2497
81,94,244.131,0
81,95,290.371,21.21
81,97,432.611,33.3494
82,2,105.485,6.21688
82,3,349.508,25.964
82,5,299.317,23.3008
82,13,329.41,28.15
82,17,379.936,20.7345
82,34,389.034,33.2466
82,41,263.935,21.4691
82,51,126.682,3.31196
82,60,193.647,14.8899
82,74,474.475,35.1257
82,90,319.082,13.4097
82,92,410.706,35.1539
82,93,302.95,20.6015
82,96,357.81,29.7611
83,6,58.8218,0
83,8,206.814,0
83,10,402.616,0
83,12,350.505,18.1625
83,15,189.858,11.6066
83,18,446.129,37.839
83,19,252.801,17.5121
83,31,166.505,14.0201
83,34,307.877,0
83,45,564.725,8.16246
83,48,72.4983,0
83,52,387.133,15.9041
83,53,251.168,19.77
83,61,297.585,13.9298
83,63,317.176,16.373
83,65,291.262,22.2479
83,70,96.5401,0
83,72,287.603,16.4069
83,79,430.749,36.8015
83,85,414.908,14.02
83,87,464.125,32.7468
83,91,325.926,4.75608
83,92,274.247,18.9736
83,96,342.79,6.93098
83,97,243.311,0
84,1,29.6816,0
84,7,181.516,0
84,8,349.711,24.9972
84,11,57.2451,0
84,12,204.737,11.4988
84,15,377.117,32.2815
84,18,222.12,18.8918
84,19,316.882,25.8553
84,20,383.3,28.0806
84,25,278.809,23.378
84,26,282.772,12.9551
84,30,253.22,20.2027
84,37,211.758,1.63649
84,38,299.731,17.6137
84,43,188.566,0
84,47,344.347,24.4033
84,49,96.3811,7.34126
84,53,315.916,24.8423
84,55,242.562,20.4539
84,57,164.786,13.4144
84,58,203.833,17.368
84,63,404.926,32.5305
84,65,252.097,21.1994
84,69,405.293,33.4019
84,71,209.316,12.0963
84,72,291.312,24.9831
84,73,320.593,25.066
84,79,171.538,14.5098
84,80,322.934,25.1261
84,81,103.318,5.91709
84,85,332.667,17.3256
84,86,433.633,30.0371
84,89,321.841,25.8241
84,94,122.228,9.5243
84,95,368.851,24.137
84,98,356.267,21.8005
85,1,323.482,20.6018
85,6,437.227,8.74941
85,8,159.963,10.3325
85,10,312.886,23.3687
85,11,345.016,29.3412
85,12,301.834,25.7505
85,14,322.831,25.4673
85,15,251.962,12.8451
85,18,151.819,0
85,19,336.387,28.7057
85,20,252.327,15.0194
85,23,343.526,17.6847
85,25,180.422,0
85,31,533.088,20.5033
85,32,322.566,19.8767
85,33,255.152,19.8659
85,35,312.155,22.389
85,40,322.253,27.574
85,48,352.49,10.6391
85,52,370.983,28.1024
85,53,367.5,31.5262
85,55,237.186,0
85,56,180.347,0
85,57,368.071,26.943
85,58,211.4,0
85,63,58.8982,0
85,65,256.97,21.708
85,70,298.9,20.8697
85,72,270.218,22.5503
85,78,248.177,18.2463
85,79,177.566,4.06206
85,81,265.559,20.4993
85,83,414.908,14.02
85,84,332.667,17.3256
85,87,274.622,23.119
85,91,345.034,27.7814
85,95,290.691,19.612
85,97,208.215,5.35097
86,1,400.27,28.4886
86,11,316.826,26.6098
86,18,298.403,7.7745
86,20,280.765,7.31315
86,23,200.421,4.8148
86,25,246.598,5.09086
86,28,156.621,9.71187
86,30,241.972,17.1091
86,32,293.224,4.92401
86,35,279.681,5.01569
86,44,580.308,15.4065
86,47,386.041,1.00005
86,49,340.368,28.7207
86,55,191.335,5.42396
86,56,327.627,7.60611
86,57,206.143,16.2224
86,58,229.944,7.61357
86,59,93.2952,6.72802
86,64,305.748,4.98407
86,71,234.484,18.5123
86,79,405.525,34.7874
86,80,336.764,27.8257
86,81,383.691,32.4133
86,84,433.633,30.0371
86,89,75.432,4.28017
86,94,315.018,21.1601
86,95,251.493,4.66201
87,6,443.945,29.9032
87,8,335.119,27.5482
87,10,181.757,7.28998
87,14,184.575,3.37208
87,31,447.154,32.8594
87,33,282.289,19.9839
87,40,286.874,17.3065
87,48,392.896,31.1645
87,52,211.109,12.4059
87,56,350.413,26.7932
87,63,335.569,27.9218
87,70,401.374,33.5387
87,78,158.377,11.6405
87,83,464.125,32.7468
87,85,274.622,23.119
87,91,253.01,17.8274
87,97,207.085,10.535
88,16,458.7,34.9573
88,17,501.679,21.4815
88,21,105.178,0.973164
88,22,463.229,37.1574
88,29,423.213,19.8967
88,36,257.445,22.0787
88,39,435.912,35.7746
88,46,428.345,33.7498
88,66,236.741,15.3425
88,67,412.308,34.8757
88,75,367.671,16.0571
88,99,506.51,0
89,1,315.277,27.0237
89,11,306.961,26.0274
89,18,233.829,0
89,20,206.594,3.20447
89,23,129.097,0
89,24,312.136,0
89,25,176.672,0
89,28,221.722,10.5323
89,30,219.69,13.407
89,32,220.783,0
89,35,205.448,0
89,47,400.013,30.001
89,49,359.758,29.276
89,55,129.283,0
89,56,249.786,1.70243
89,57,159.234,7.95839
89,58,166.904,0
89,59,135.772,0
89,64,250.599,0
89,71,226.665,19.3422
89,79,300.951,21.9748
89,80,316.797,18.9955
89,81,281.025,21.2497
89,84,321.841,25.8241
89,86,75.432,4.28017
89,94,275.499,23.1431
89,95,176.853,0
90,2,405.613,27.7456
90,5,116.276,0
90,17,500.711,9.32463
90,21,520.463,19.1719
90,29,520.069,0
90,41,110.412,1.46341
90,50,233.034,19.9851
90,51,347.327,22.826
90,60,79.4862,6.75427
90,62,342.108,15.4804
90,66,495.363,9.00318
90,74,258.801,9.97728
90,75,399.46,0
90,76,476.764,27.3386
90,82,319.082,13.4097
90,93,476.151,33.7819
91,6,275.454,4.33971
91,8,383.314,6.07083
91,9,373.685,31.8958
91,10,71.9677,5.89727
91,15,477.478,21.2904
91,19,540.364,28.2511
91,31,156.053,11.6471
91,48,291.313,5.10481
91,52,46.5188,0
91,61,267.763,18.3403
91,63,323.392,27.5465
91,65,546.385,26.9858
91,70,345.406,5.19437
91,72,543.208,23.5622
91,78,381.337,32.5416
91,83,325.926,4.75608
91,85,345.034,27.7814
91,87,253.01,17.8274
91,92,422.924,34.5938
91,97,220.768,16.3337
92,6,264.645,20.1799
92,8,507.598,10.1152
92,9,499.862,14.6321
92,13,463.088,34.2742
92,15,403.864,17.2246
92,16,348.286,17.2519
92,17,339.227,7.81778
92,19,396.215,29.9425
92,31,278.308,12.3693
92,34,231.806,3.69071
92,45,268.718,15.9452
92,46,316.629,14.6655
92,48,337.827,22.2773
92,53,387.846,29.6933
92,61,135.038,10.0207
92,65,567.549,22.638
92,70,395.258,11.4774
92,72,483.072,31.2847
92,82,410.706,35.1539
92,83,274.247,18.9736
92,91,422.924,34.5938
92,96,184.644,6.44601
92,97,497.669,27.4522
93,2,122.006,7.12413
93,3,196.141,16.8091
93,4,358.109,30.7098
93,5,405.331,33.1467
93,13,247.611,7.92505
93,41,393.133,30.7985
93,42,383.008,28.8127
93,51,176.306,14.4404
93,54,376.147,32.1611
93,60,395.709,29.0475
93,82,302.95,20.6015
93,90,476.151,33.7819
93,98,406.784,34.4413
94,1,140.5,0.571062
94,7,294.103,17.0836
94,11,151.498,4.0203
94,12,353.475,30.3037
94,18,352.015,2.13277
94,20,328.28,15.7897
94,23,374.37,31.6765
94,25,248.15,18.0159
94,26,392.526,31.9704
94,28,404.8,33.7757
94,30,210.534,13.4218
94,37,318.964,26.0599
94,38,406.286,34.1298
94,43,294.951,25.2613
94,44,390.445,33.3184
94,47,305.033,26.1593
94,49,99.1805,3.82785
94,55,173.822,13.0366
94,57,100.923,4.40946
94,58,209.581,16.5571
94,59,426.124,25.5978
94,63,542.395,29.6178
94,65,408.314,31.4154
94,69,392.002,33.3568
94,71,87.1321,0
94,72,436.633,34.5013
94,73,303.012,25.0446
94,77,396.903,33.1836
94,79,324.58,0
94,80,262.684,22.0165
94,81,244.131,0
94,84,122.228,9.5243
94,86,315.018,21.1601
94,89,275.499,23.1431
94,95,340.701,22.5146
95,1,339.228,23.5364
95,11,313.069,23.0981
95,14,302.043,25.6224
95,18,196.115,0
95,20,28.3019,0
95,23,67.1193,0
95,24,207.87,0
95,25,109.636,0
95,32,62.434,0
95,33,200.311,16.5236
95,35,36.7696,0
95,40,241.104,20.5964
95,55,147.597,0
95,56,95.4355,6.86301
95,57,257.321,12.4228
95,58,169.806,0
95,59,305.786,0
95,63,344.802,25.2242
95,64,176.264,0
95,68,354.718,27.1103
95,71,387.201,33.0566
95,78,254.914,8.89918
95,79,246.774,10.5372
95,81,290.371,21.21
95,84,368.851,24.137
95,85,290.691,19.612
95,86,251.493,4.66201
95,89,176.853,0
95,94,340.701,22.5146
96,2,476.973,12.988
96,6,357.605,13.3926
96,7,518.465,23.1259
96,8,491.254,5.85377
96,12,442.365,24.7397
96,13,284.871,23.5019
96,15,302.886,19.0227
96,16,538.645,16.3859
96,17,377.132,23.2391
96,19,312.357,21.1306
96,31,427.777,8.48712
96,34,78.0256,0
96,45,460.977,15.7074
96,46,489.246,12.6123
96,48,425.962,0
96,51,421.707,33.1659
96,53,335.309,10.0835
96,61,323.929,14.3263
96,65,459.273,23.9108
96,70,393.051,9.82269
96,72,409.235,23.1044
96,82,357.81,29.7611
96,83,342.79,6.93098
96,92,184.644,6.44601
96,97,593.151,0
97,6,240.608,0
97,8,146.492,0
97,10,182.991,15.5629
97,12,347.144,22.7448
97,14,403.937,34.6484
97,15,268.651,18.7722
97,18,345.929,28.7747
97,19,361.481,15.3499
97,25,353.508,26.698
97,31,337.957,10.9143
97,33,455.169,37.0377
97,34,497.145,15.6081
97,48,170.95,0
97,52,206.278,15.6563
97,53,380.903,18.1767
97,56,419.724,35.8231
97,58,383.143,30.4774
97,61,483.336,21.2741
97,63,138.793,10.6529
97,65,276.894,22.2794
97,70,178.513,1.312
97,72,303.12,18.6169
97,78,323.659,27.6226
97,79,356.049,29.4235
97,81,432.611,33.3494
97,83,243.311,0
97,85,208.215,5.35097
97,87,207.085,10.535
97,91,220.768,16.3337
97,92,497.669,27.4522
97,96,593.151,0
98,2,483.27,37.9378
98,3,220.168,17.9051
98,4,171.951,11.8917
98,7,226.226,18.9385
98,12,386.414,32.143
98,13,246.483,21.1386
98,19,517.149,25.8208
98,26,126.012,7.26096
98,27,227.672,8.09706
98,37,256.652,9.96819
98,38,137.113,7.49676
98,42,62.0967,0
98,43,322.585,23.5301
98,49,408.082,33.0918
98,53,477.027,29.1999
98,54,191.175,13.1445
98,73,548.124,26.3877
98,84,356.267,21.8005
98,93,406.784,34.4413
99,21,596.796,4.41868
99,36,389.487,0
99,88,506.51,0
