0,2,135.665,0
0,12,78.7909,0
0,17,66.3702,0
0,46,75.7694,0
0,73,71.7008,0
0,95,110.788,0
1,7,128.891,0
1,13,96.7175,2.84833
1,18,104.389,0
1,20,111.396,0
1,22,23.4094,0
1,24,61.5224,0
1,27,106.944,0
1,29,211,12.0369
1,32,97.2522,0
1,36,75.0733,0
1,37,110.422,0
1,54,47.1699,0
1,58,230.337,14.1935
1,66,44.2041,0
1,70,72.111,0
1,74,53.1413,0
1,78,72.1153,6.10409
1,79,129.468,0
1,80,108.784,0
1,84,56.5155,0
1,86,44.4072,0
1,89,36.6742,0
1,90,224.373,14.4268
1,91,48.0833,0
2,0,135.665,0
2,9,141.342,11.4161
2,12,57.8705,0
2,13,228.12,4.24617
2,17,72.0694,0
2,27,217.712,2.39522
2,28,189.571,16.2368
2,29,184.922,0.553619
2,46,103.846,0
2,73,74.108,0
2,82,85.3505,6.8463
2,95,37.1618,0
2,98,82.3226,1.83455
3,21,229.023,5.98754
3,26,86.7558,6.50668
3,31,251.34,0
3,34,156.993,6.72872
3,38,149.167,7.62927
3,41,114.046,6.82776
3,43,164,0
3,57,182.573,14.177
3,64,215.106,4.60637
3,72,133.189,7.92793
3,75,72.0768,6.08725
3,77,253.432,0
3,83,154.025,8.98864
3,92,150.306,8.05213
3,97,119.561,8.1982
4,5,62.6099,0
4,8,97.591,0
4,9,237.697,0
4,10,60.6593,5.01869
4,18,234.298,5.84539
4,23,252.204,7.61444
4,28,256.32,0
4,29,233.624,0
4,30,126.501,6.14937
4,33,206.649,0
4,42,156.036,12.1365
4,47,128.951,9.78068
4,48,131.469,0
4,49,154.674,0
4,56,77.4959,6.00638
4,58,125.3,0
4,71,215.564,0
4,72,190.888,16.3574
4,77,270.17,0
4,82,212.904,0
4,85,243.68,0
4,90,133.462,0
4,93,148.394,10.0484
5,4,62.6099,0
5,8,97.0155,0
5,10,100.804,6.36555
5,18,184.01,5.83272
5,21,248.114,8.65285
5,23,191.864,7.20465
5,29,247.588,0
5,30,195.479,14.8322
5,31,235.287,0
5,33,172.047,0
5,42,158.363,11.4786
5,47,150.923,6.52027
5,48,72.0278,0
5,49,95.0158,0
5,56,123.103,6.94429
5,58,98.813,0
5,60,213.132,10.3148
5,71,169.293,0
5,72,193.42,16.2067
5,77,224.179,0
5,82,265.149,0
5,90,100.419,0
5,93,146.591,8.99291
6,11,72.9353,3.90725
6,16,28.1547,2.38151
6,26,96.0208,0
6,30,113.208,0
6,38,89.3756,0
6,44,39.9514,3.41465
6,50,128.395,7.6029
6,52,176.566,8.98243
6,61,48.3322,0
6,63,103.604,7.23943
6,72,113.649,0
6,75,94.2444,0
6,76,165.646,7.78422
6,87,9.89949,0
6,92,18.1108,0
7,1,128.891,0
7,19,63.561,0
7,32,70.8308,0
7,36,63.2851,0
7,39,22.561,0
7,54,117.958,0
7,70,77.6981,0
7,74,76.844,0
7,79,22.4722,0
7,88,34.4819,0
7,89,122.784,0
7,94,20.5183,0
8,4,97.591,0
8,5,97.0155,0
8,10,160.641,9.81683
8,13,195.187,2.57792
8,18,168.605,5.32732
8,22,237.996,10.5022
8,23,214.795,7.67937
8,27,255.314,2.96532
8,29,150.652,0
8,33,268.604,0
8,47,238.546,6.60532
8,48,113.877,0
8,49,174.723,0
8,56,183.81,11.7406
8,58,46.8188,0
8,71,261.503,0
8,78,217.807,0
8,82,204.01,0
8,90,60.9262,0
8,91,236.556,3.22639
8,93,239.533,10.1145
9,2,141.342,11.4161
9,4,237.697,0
9,10,203.997,13.9802
9,12,145.116,12.3849
9,14,220.586,1.01169
9,17,171.022,14.5379
9,28,48.1664,0
9,46,120.502,8.38406
9,56,215.268,15.667
9,62,149.372,0
9,68,195.243,0
9,73,134.511,10.778
9,82,132.076,0
9,85,61.7738,0
9,95,115.848,9.8772
10,4,60.6593,5.01869
10,5,100.804,6.36555
10,8,160.641,9.81683
10,9,203.997,13.9802
10,14,146.7,12.5698
10,28,203.98,14.1922
10,30,66.7083,0
10,31,241.985,5.67189
10,33,148.976,6.34733
10,38,99.9329,2.05251
10,42,64.0368,2.28945
10,43,186.122,15.9667
10,47,39.0128,0
10,48,171.811,6.44419
10,49,157.772,6.5856
10,50,130.209,5.68902
10,52,96.3846,0
10,56,15.8114,0
10,58,190,8.09524
10,61,132.28,0
10,71,179.767,5.49695
10,72,93.0484,0
10,77,227.688,5.69013
10,82,235.366,12.532
10,85,180.867,13.9825
10,90,193.707,8.6092
10,93,63.4257,4.41292
11,6,72.9353,3.90725
11,16,68.1175,0
11,26,175.607,14.3455
11,38,158.23,10.8916
11,44,34.9857,0
11,50,187.436,9.43052
11,52,236.511,10.5876
11,61,131.994,10.6611
11,63,130.536,8.2938
11,75,172.55,14.7108
11,76,196.808,9.42051
11,87,81.1458,6.24412
11,92,93.4758,7.08516
12,0,78.7909,0
12,2,57.8705,0
12,9,145.116,12.3849
12,17,25.7099,0
12,28,181.173,14.6883
12,46,57.3847,0
12,73,22.0227,0
12,82,103.731,7.72315
12,85,202.226,15.6924
12,95,33.9706,0
12,98,107.366,6.70966
13,1,96.7175,2.84833
13,2,228.12,4.24617
13,8,195.187,2.57792
13,18,220.555,9.95138
13,22,142.064,10.948
13,24,51.9711,0
13,27,34.3657,0
13,29,69.7433,1.97708
13,54,90.1388,0
13,58,197.118,2.86532
13,66,54.9181,0
13,78,57.9396,4.8283
13,82,243.145,2.93757
13,84,186.054,15.6005
13,86,53.7587,0
13,89,84.1724,0
13,90,203.34,2.84568
13,91,43.1045,0
13,98,189.021,4.77646
14,9,220.586,1.01169
14,10,146.7,12.5698
14,28,184.878,0
14,30,104.726,8.91638
14,38,133.744,10.6889
14,42,156.972,13.329
14,47,157.101,13.1338
14,50,127.577,0
14,52,85.6517,0.541919
14,56,148.196,12.1088
14,61,173.512,6.76047
14,62,170,0
14,63,172.754,0
14,68,108.977,0
14,72,160.509,11.8632
14,76,110.145,0
14,85,163.768,0
14,87,244.26,7.02285
14,92,234.84,13.5357
14,93,169.142,14.5071
15,25,106.118,0
15,35,124.354,0
15,40,40.7063,0
15,59,111.018,0
15,65,64.0312,0
15,67,46.4004,0
15,69,90.2718,0
15,99,68.0661,0
16,6,28.1547,2.38151
16,11,68.1175,0
16,26,108.406,3.75686
16,30,138.601,3.73422
16,38,112.171,3.73846
16,44,56.356,0
16,50,156.507,10.4338
16,52,202.487,12.4799
16,61,75.2046,3.69886
16,63,129.665,9.32453
16,72,134.039,4.00864
16,75,101.874,4.48908
16,76,192.586,10.6233
16,87,35.9794,2.93045
16,92,35.9048,2.63039
17,0,66.3702,0
17,2,72.0694,0
17,9,171.022,14.5379
17,12,25.7099,0
17,46,73.0616,0
17,73,40.5216,0
17,82,130.863,9.25297
17,95,57.8014,0
17,98,114.227,7.61514
18,1,104.389,0
18,4,234.298,5.84539
18,5,184.01,5.83272
18,8,168.605,5.32732
18,13,220.555,9.95138
18,20,128.265,0
18,22,81.0247,0
18,23,45.7056,0
18,29,236.821,6.37164
18,37,65.1153,0
18,48,117.331,5.2906
18,49,164.175,6.39118
18,51,112.446,0
18,53,124.085,0
18,58,122.306,5.00341
18,60,100,0
18,66,173.206,14.855
18,71,245.362,7.8176
18,78,177.288,8.61818
18,80,76.3217,0
18,84,67.8012,0
18,86,178.149,15.1603
18,90,109.208,4.8537
18,91,191.197,10.6883
18,96,108.453,0
19,7,63.561,0
19,20,93.2309,0
19,32,43.4166,0
19,36,103.078,0
19,39,63.1269,0
19,45,113.018,0
19,70,67.4759,0
19,74,90.0944,0
19,79,85.8662,0
19,88,41.1947,0
19,94,73.9797,0
20,1,111.396,0
20,18,128.265,0
20,19,93.2309,0
20,22,105.589,0
20,32,66.0984,0
20,35,107.019,0
20,36,132.699,0
20,37,71.6938,0
20,45,63.8201,0
20,51,101.39,0
20,53,126.289,0
20,70,69.2315,0
20,74,96.566,0
20,80,58.8303,0
20,84,73.9797,0
20,88,130.587,0
20,96,90.0777,0
21,3,229.023,5.98754
21,5,248.114,8.65285
21,23,119.854,0
21,25,130.384,0
21,26,176.948,14.8689
21,31,25.4558,2.17571
21,33,118.335,4.24563
21,34,52.0865,0
21,41,108.074,0
21,42,175.807,13.4058
21,43,103.272,3.2247
21,47,194.754,14.8051
21,48,202.102,14.6727
21,49,139.774,11.28
21,55,25.7099,0
21,57,52.2015,0
21,59,122.262,0
21,60,69.4262,0
21,64,10.0499,0
21,71,87.1124,5.41157
21,72,164.579,13.3648
21,77,40.2554,3.10744
21,83,57.7062,0
21,93,176.777,11.7851
21,97,106.019,0
22,1,23.4094,0
22,8,237.996,10.5022
22,13,142.064,10.948
22,18,81.0247,0
22,20,105.589,0
22,23,121.598,0
22,24,74.3034,0
22,27,125.922,5.79583
22,29,207.764,9.64848
22,32,106.066,0
22,36,97.2008,0
22,37,91.4166,0
22,54,69.1158,0
22,58,200.854,11.5323
22,66,55.9464,0
22,70,82,0
22,74,70.4557,0
22,78,75.5013,6.40617
22,80,91.7061,0
22,84,39.1152,0
22,86,55.5698,0
22,89,58.0086,0
22,90,189.106,12.6071
22,91,52.345,0
23,4,252.204,7.61444
23,5,191.864,7.20465
23,8,214.795,7.67937
23,18,45.7056,0
23,21,119.854,0
23,22,121.598,0
23,31,146.134,11.2677
23,33,227.556,9.27015
23,35,122.066,0
23,37,65,0
23,48,120.707,6.54429
23,49,129.878,6.95774
23,51,83.8153,0
23,53,87.9204,0
23,55,105.081,0
23,58,170.255,7.21127
23,59,133.6,0
23,60,55.5788,0
23,64,129.283,0
23,71,182.668,9.5913
23,77,162.237,13.906
23,80,77.8974,0
23,84,97.5295,0
23,90,155.789,7.09839
23,96,84.1724,0
24,1,61.5224,0
24,13,51.9711,0
24,22,74.3034,0
24,27,50.636,0
24,29,119.898,10.0794
24,36,94.8947,0
24,54,40.1995,0
24,66,18.3576,0
24,70,125.16,0
24,74,97.2677,0
24,78,47.15,2.61375
24,84,113.371,0
24,86,18.7883,0
24,89,37.6563,0
24,91,29.0689,0
24,98,206.704,16.2139
25,15,106.118,0
25,21,130.384,0
25,34,119.151,0
25,35,124.615,0
25,40,71.3863,0
25,51,128.561,0
25,53,104.12,0
25,55,110.059,0
25,57,91.0879,0
25,59,38,0
25,60,124.016,0
25,64,128.16,0
25,65,71.8401,0
25,67,76.4853,0
25,69,89.5879,0
25,81,63.3246,0
25,83,113.534,0
25,97,134.164,0
25,99,125.897,0
26,3,86.7558,6.50668
26,6,96.0208,0
26,11,175.607,14.3455
26,16,108.406,3.75686
26,21,176.948,14.8689
26,30,100.658,0
26,31,169.307,14.109
26,33,130.107,10.2529
26,34,165.513,14.136
26,38,62.6099,0
26,41,181.358,15.4841
26,42,86.4696,0
26,43,73.4107,4.117
26,44,139.294,6.97405
26,47,106.17,0
26,50,120.569,4.20914
26,52,122.442,0
26,56,130.015,0
26,61,86.8332,0
26,64,170.177,14.3364
26,71,173.721,14.8107
26,72,52.1536,0
26,75,33.7343,0
26,77,161.173,13.6711
26,83,171.153,14.6822
26,87,89.1403,0
26,92,78,0
26,93,95.7079,0
26,97,184.331,15.8059
27,1,106.944,0
27,2,217.712,2.39522
27,8,255.314,2.96532
27,13,34.3657,0
27,22,125.922,5.79583
27,24,50.636,0
27,29,111.798,2.10265
27,54,90.0888,0
27,58,252.178,7.45649
27,66,63.6946,0
27,78,71.0177,3.45225
27,82,261.542,1.66885
27,86,63.1585,0
27,89,88.2836,0
27,91,60.6053,0
27,98,155.764,3.29051
28,2,189.571,16.2368
28,4,256.32,0
28,9,48.1664,0
28,10,203.98,14.1922
28,12,181.173,14.6883
28,14,184.878,0
28,46,129.451,9.67232
28,52,249.724,5.872
28,56,206.581,15.9797
28,62,103.73,0
28,68,147.323,0
28,73,162.195,12.3678
28,82,179.744,0
28,85,22.8035,0
28,95,165.107,11.8792
29,1,211,12.0369
29,2,184.922,0.553619
29,4,233.624,0
29,5,247.588,0
29,8,150.652,0
29,13,69.7433,1.97708
29,18,236.821,6.37164
29,22,207.764,9.64848
29,24,119.898,10.0794
29,27,111.798,2.10265
29,48,251.873,0
29,54,161.461,12.552
29,58,168.689,0
29,66,128.787,11.0482
29,78,138.13,0
29,82,177.91,0
29,86,130.588,11.1334
29,89,157.178,12.7565
29,90,178.997,0
29,91,130.154,8.34867
29,95,202.178,12.982
29,98,174.837,0
30,4,126.501,6.14937
30,5,195.479,14.8322
30,6,113.208,0
30,10,66.7083,0
30,14,104.726,8.91638
30,16,138.601,3.73422
30,26,100.658,0
30,33,115.895,7.67909
30,38,38.833,0
30,42,45.7056,0
30,43,130.426,5.55699
30,44,168.236,12.7311
30,47,43.6807,0
30,49,195.987,16.6878
30,50,64.6739,4.3623
30,52,40.05,0
30,56,53.7225,0.670625
30,61,65.6049,0
30,63,152.393,12.0106
30,68,216.425,12.7823
30,71,162.366,13.7621
30,72,58,0
30,75,130.269,0
30,76,134.443,10.6397
30,77,184.173,15.7627
30,85,178.964,15.2182
30,87,103.586,0
30,92,102.956,0
30,93,54,0
31,3,251.34,0
31,5,235.287,0
31,10,241.985,5.67189
31,21,25.4558,2.17571
31,23,146.134,11.2677
31,26,169.307,14.109
31,33,92.0869,0
31,34,90.6268,7.65258
31,38,179,15.3532
31,41,182.503,15.1657
31,42,153.016,10.956
31,43,100.896,0
31,47,169.583,12.3402
31,48,222,0
31,49,152.329,0
31,55,43.7235,2.20758
31,56,208.331,12.2513
31,57,78.1181,3.42276
31,60,76.7184,2.74285
31,64,36.0936,3.08953
31,71,67.082,0
31,72,147.133,11.569
31,77,14.4222,0
31,83,92.2438,7.00813
31,93,151.67,9.07113
31,97,170.337,14.6105
32,1,97.2522,0
32,7,70.8308,0
32,19,43.4166,0
32,20,66.0984,0
32,22,106.066,0
32,36,78.6003,0
32,37,125.208,0
32,39,83.1865,0
32,45,109.563,0
32,54,114.529,0
32,70,25.1794,0
32,74,53.2353,0
32,79,88.0909,0
32,80,114.28,0
32,84,96.7471,0
32,88,69.4262,0
32,89,112.539,0
32,94,89.1964,0
33,4,206.649,0
33,5,172.047,0
33,8,268.604,0
33,10,148.976,6.34733
33,21,118.335,4.24563
33,23,227.556,9.27015
33,26,130.107,10.2529
33,30,115.895,7.67909
33,31,92.0869,0
33,34,193.027,7.66689
33,38,110.53,7.46502
33,42,70.215,5.97909
33,43,116.017,0
33,47,80.9795,6.89015
33,48,186.215,0
33,49,119.817,0
33,55,130.824,10.0987
33,56,114.227,9.39958
33,57,177.108,14.3304
33,58,259.515,0
33,60,143.27,12.1697
33,64,131.613,3.69638
33,71,46.6905,0
33,72,82.8153,6.71557
33,75,164.342,11.9558
33,77,77.666,0
33,83,198.114,10.6132
33,90,254.975,0
33,93,63.441,5.41056
34,3,156.993,6.72872
34,21,52.0865,0
34,25,119.151,0
34,26,165.513,14.136
34,31,90.6268,7.65258
34,33,193.027,7.66689
34,41,56.4358,0
34,43,115.453,5.13124
34,55,62.0322,0
34,57,29.7321,0
34,59,126.874,0
34,60,112.539,0
34,64,42.19,0
34,71,169.355,10.5965
34,72,187.529,15.7175
34,75,181.468,15.368
34,77,114.406,8.82272
34,81,109.659,0
34,83,7.81025,0
34,97,54.0093,0
35,15,124.354,0
35,20,107.019,0
35,23,122.066,0
35,25,124.615,0
35,37,92.957,0
35,40,130.863,0
35,45,88.4081,0
35,51,38.2753,0
35,53,44.3847,0
35,59,90.7359,0
35,60,125.16,0
35,65,70.4557,0
35,67,84.6463,0
35,69,40.0125,0
35,80,89.8888,0
35,96,40.8044,0
36,1,75.0733,0
36,7,63.2851,0
36,19,103.078,0
36,20,132.699,0
36,22,97.2008,0
36,24,94.8947,0
36,32,78.6003,0
36,39,85.7088,0
36,54,54.7449,0
36,66,89.8109,0
36,70,63.9062,0
36,74,38,0
36,78,128.207,5.52484
36,79,56.7979,0
36,84,117.004,0
36,86,91.0824,0
36,88,93.6483,0
36,89,60.407,0
36,91,104.785,0
36,94,79.8123,0
37,1,110.422,0
37,18,65.1153,0
37,20,71.6938,0
37,22,91.4166,0
37,23,65,0
37,32,125.208,0
37,35,92.957,0
37,45,114.004,0
37,48,176.474,15.1346
37,51,62.7694,0
37,53,83.7437,0
37,58,187.371,16.0738
37,60,108.812,0
37,69,126.657,0
37,70,114.965,0
37,74,128.86,0
37,78,170.883,13.2658
37,80,13,0
37,84,53.9351,0
37,90,174.449,14.9191
37,96,54.2033,0
38,3,149.167,7.62927
38,6,89.3756,0
38,10,99.9329,2.05251
38,11,158.23,10.8916
38,14,133.744,10.6889
38,16,112.171,3.73846
38,26,62.6099,0
38,30,38.833,0
38,31,179,15.3532
38,33,110.53,7.46502
38,42,47.634,0
38,43,103.353,4.71514
38,44,121.781,3.38881
38,47,60.4649,0
38,50,68.5509,3.93594
38,52,62.482,0
38,56,85.2451,2.51536
38,61,50,0
38,63,142.03,12.0644
38,71,157.454,13.3918
38,72,32.249,0
38,75,91.444,0
38,76,147.417,12.3669
38,77,167.093,14.3038
38,87,79.511,0
38,92,75.0733,0
38,93,59.6657,0
39,7,22.561,0
39,19,63.1269,0
39,32,83.1865,0
39,36,85.7088,0
39,70,94.921,0
39,74,98.1122,0
39,79,36.7696,0
39,88,23.4094,0
39,94,12.8062,0
40,15,40.7063,0
40,25,71.3863,0
40,35,130.863,0
40,53,134.718,0
40,59,87.2009,0
40,65,60.6383,0
40,67,47.0106,0
40,69,91.444,0
40,81,103.315,0
40,99,62.6259,0
41,3,114.046,6.82776
41,21,108.074,0
41,26,181.358,15.4841
41,31,182.503,15.1657
41,34,56.4358,0
41,43,176.106,9.68932
41,55,117.631,0
41,57,74.7061,0
41,64,98.0459,0
41,75,179.686,14.7825
41,77,198.413,15.3735
41,81,103.044,0
41,83,52.6308,0
41,97,6.32456,0
42,4,156.036,12.1365
42,5,158.363,11.4786
42,10,64.0368,2.28945
42,14,156.972,13.329
42,21,175.807,13.4058
42,26,86.4696,0
42,30,45.7056,0
42,31,153.016,10.956
42,33,70.215,5.97909
42,38,47.634,0
42,43,97.6345,6.96206
42,47,20.2237,0
42,48,205.527,12.4428
42,49,158.477,10.8244
42,50,104.136,4.11403
42,52,85.5862,0
42,55,195.816,16.5094
42,56,44.5533,0
42,61,95.7131,0
42,64,182.95,13.6413
42,71,116,9.08108
42,72,34.3657,0
42,75,120.071,0
42,76,179.005,15.2065
42,77,139.373,10.416
42,87,127.142,0
42,92,122.332,0
42,93,12.0416,0
43,3,164,0
43,10,186.122,15.9667
43,21,103.272,3.2247
43,26,73.4107,4.117
43,30,130.426,5.55699
43,31,100.896,0
43,33,116.017,0
43,34,115.453,5.13124
43,38,103.353,4.71514
43,41,176.106,9.68932
43,42,97.6345,6.96206
43,47,120.26,8.69063
43,49,226.451,0
43,55,128.269,9.83115
43,56,152.145,11.6969
43,57,133.861,10.6394
43,60,175.35,14.9696
43,64,97.4833,2.68796
43,71,132.966,0
43,72,72.9384,4.59053
43,75,97.7772,4.64462
43,77,97.6729,0
43,83,123.707,7.22349
43,93,106.619,8.74146
43,97,173.014,10.958
44,6,39.9514,3.41465
44,11,34.9857,0
44,16,56.356,0
44,26,139.294,6.97405
44,30,168.236,12.7311
44,38,121.781,3.38881
44,50,152.777,8.82896
44,52,201.917,10.1296
44,61,97.4435,8.35818
44,63,99.0515,7.46356
44,75,149.352,11.376
44,76,165.009,9.21104
44,87,46.036,3.54244
44,92,58.9094,4.6947
45,19,113.018,0
45,20,63.8201,0
45,32,109.563,0
45,35,88.4081,0
45,37,114.004,0
45,51,106.532,0
45,53,126.372,0
45,69,122.102,0
45,70,123.491,0
45,80,102.176,0
45,84,135.248,0
45,96,98.4124,0
46,0,75.7694,0
46,2,103.846,0
46,9,120.502,8.38406
46,12,57.3847,0
46,17,73.0616,0
46,28,129.451,9.67232
46,62,149.082,12.3787
46,68,226.866,15.0445
46,73,35.3836,0
46,82,111.238,5.44971
46,85,152.251,10.4619
46,95,67.2681,0
47,4,128.951,9.78068
47,5,150.923,6.52027
47,8,238.546,6.60532
47,10,39.0128,0
47,14,157.101,13.1338
47,21,194.754,14.8051
47,26,106.17,0
47,30,43.6807,0
47,31,169.583,12.3402
47,33,80.9795,6.89015
47,38,60.4649,0
47,42,20.2237,0
47,43,120.26,8.69063
47,48,197.974,9.04448
47,49,152.38,9.90916
47,50,107.819,4.75105
47,52,82.6075,0
47,56,24.3311,0
47,58,249.928,6.8914
47,61,104.019,0
47,64,204.034,15.1721
47,71,125.015,9.74143
47,72,54.037,0
47,76,176.917,15.034
47,77,155.367,11.7692
47,90,251.094,7.18525
47,92,135.248,0
47,93,16.9706,0
48,4,131.469,0
48,5,72.0278,0
48,8,113.877,0
48,10,171.811,6.44419
48,18,117.331,5.2906
48,21,202.102,14.6727
48,23,120.707,6.54429
48,29,251.873,0
48,31,222,0
48,33,186.215,0
48,37,176.474,15.1346
48,42,205.527,12.4428
48,47,197.974,9.04448
48,49,70.7107,0
48,55,203.811,14.2095
48,56,193.978,5.21897
48,58,83.1865,0
48,60,153.85,10.5494
48,64,212.848,16.3637
48,71,164.754,0
48,77,214.336,0
48,78,270.836,0
48,84,187.47,16.0822
48,90,74.027,0
48,93,193.587,9.06171
49,4,154.674,0
49,5,95.0158,0
49,8,174.723,0
49,10,157.772,6.5856
49,18,164.175,6.39118
49,21,139.774,11.28
49,23,129.878,6.95774
49,30,195.987,16.6878
49,31,152.329,0
49,33,119.817,0
49,42,158.477,10.8244
49,43,226.451,0
49,47,152.38,9.90916
49,48,70.7107,0
49,55,138.527,11.6694
49,56,173.042,4.05592
49,58,152.053,0
49,60,123.594,8.14879
49,64,168.43,10.9868
49,71,94.1488,0
49,72,189.59,14.5339
49,77,144.014,0
49,90,144.222,0
49,93,146.855,7.95185
50,6,128.395,7.6029
50,10,130.209,5.68902
50,11,187.436,9.43052
50,14,127.577,0
50,16,156.507,10.4338
50,26,120.569,4.20914
50,30,64.6739,4.3623
50,38,68.5509,3.93594
50,42,104.136,4.11403
50,44,152.777,8.82896
50,47,107.819,4.75105
50,52,49.128,0.979
50,56,118.983,6.21647
50,61,49.0694,3.84551
50,63,87.7268,0
50,68,223.607,0
50,72,100.444,4.14582
50,75,142.013,5.12528
50,76,79.8499,0
50,87,115.205,6.81809
50,92,104.49,8.9308
50,93,115.549,4.6164
51,18,112.446,0
51,20,101.39,0
51,23,83.8153,0
51,25,128.561,0
51,35,38.2753,0
51,37,62.7694,0
51,45,106.532,0
51,53,25,0
51,55,132.88,0
51,59,90.7965,0
51,60,92.9731,0
51,65,93.9415,0
51,67,110.788,0
51,69,64.6375,0
51,80,64.1327,0
51,84,116.09,0
51,96,11.4018,0
52,6,176.566,8.98243
52,10,96.3846,0
52,11,236.511,10.5876
52,14,85.6517,0.541919
52,16,202.487,12.4799
52,26,122.442,0
52,28,249.724,5.872
52,30,40.05,0
52,38,62.482,0
52,42,85.5862,0
52,44,201.917,10.1296
52,47,82.6075,0
52,50,49.128,0.979
52,56,85.0882,0
52,61,75,6.41667
52,62,256.726,0
52,63,129.074,0
52,68,192.427,0
52,72,91.3017,0
52,76,93.7443,0
52,85,223.379,7.30824
52,87,157.584,9.37999
52,92,119.026,8.74669
52,93,94.0213,0
53,18,124.085,0
53,20,126.289,0
53,23,87.9204,0
53,25,104.12,0
53,35,44.3847,0
53,37,83.7437,0
53,40,134.718,0
53,45,126.372,0
53,51,25,0
53,55,114.49,0
53,59,66.1891,0
53,60,81.2219,0
53,65,77.9872,0
53,67,95.5877,0
53,69,52.6972,0
53,80,87.1436,0
53,96,36.4005,0
54,1,47.1699,0
54,7,117.958,0
54,13,90.1388,0
54,22,69.1158,0
54,24,40.1995,0
54,27,90.0888,0
54,29,161.461,12.552
54,32,114.529,0
54,36,54.7449,0
54,66,36.8917,0
54,70,91.526,0
54,74,61.2944,0
54,78,76.6079,4.49828
54,79,110.368,0
54,84,103.407,0
54,86,38.2753,0
54,89,11.4018,0
54,91,53.4135,0
54,94,134.391,0
55,21,25.7099,0
55,23,105.081,0
55,25,110.059,0
55,31,43.7235,2.20758
55,33,130.824,10.0987
55,34,62.0322,0
55,41,117.631,0
55,42,195.816,16.5094
55,43,128.269,9.83115
55,48,203.811,14.2095
55,49,138.527,11.6694
55,51,132.88,0
55,53,114.49,0
55,57,48.3735,0
55,59,98.0051,0
55,60,50.5668,0
55,64,30.5287,0
55,71,91.4681,7.8467
55,72,189.049,16.1974
55,77,56.6927,4.25195
55,81,133.405,0
55,83,65,0
55,93,193.715,15.7136
55,97,114.337,0
56,4,77.4959,6.00638
56,5,123.103,6.94429
56,8,183.81,11.7406
56,9,215.268,15.667
56,10,15.8114,0
56,14,148.196,12.1088
56,26,130.015,0
56,28,206.581,15.9797
56,30,53.7225,0.670625
56,31,208.331,12.2513
56,33,114.227,9.39958
56,38,85.2451,2.51536
56,42,44.5533,0
56,43,152.145,11.6969
56,47,24.3311,0
56,48,193.978,5.21897
56,49,173.042,4.05592
56,50,118.983,6.21647
56,52,85.0882,0
56,58,207.432,11.0111
56,61,117.593,0
56,71,165.012,7.64296
56,72,78.0256,0
56,76,179.931,15.3129
56,77,193.83,11.9718
56,85,179.97,15.1065
56,90,216.756,9.63361
56,93,40.4897,0.53196
57,3,182.573,14.177
57,21,52.2015,0
57,25,91.0879,0
57,31,78.1181,3.42276
57,33,177.108,14.3304
57,34,29.7321,0
57,41,74.7061,0
57,43,133.861,10.6394
57,55,48.3735,0
57,59,97.1442,0
57,60,95.1893,0
57,64,45.2548,0
57,71,138.771,11.6287
57,77,94.3773,6.64284
57,81,92.6984,0
57,83,26.6271,0
57,97,70.2638,0
58,1,230.337,14.1935
58,4,125.3,0
58,5,98.813,0
58,8,46.8188,0
58,10,190,8.09524
58,13,197.118,2.86532
58,18,122.306,5.00341
58,22,200.854,11.5323
58,23,170.255,7.21127
58,27,252.178,7.45649
58,29,168.689,0
58,33,259.515,0
58,37,187.371,16.0738
58,47,249.928,6.8914
58,48,83.1865,0
58,49,152.053,0
58,56,207.432,11.0111
58,60,225.825,13.0258
58,66,241.424,8.99637
58,71,244.524,0
58,78,203.096,0
58,82,249.07,0
58,84,193.05,15.1291
58,86,239.881,8.56209
58,90,14.4222,0
58,91,223.266,2.80102
58,93,245.803,10.1715
59,15,111.018,0
59,21,122.262,0
59,23,133.6,0
59,25,38,0
59,34,126.874,0
59,35,90.7359,0
59,40,87.2009,0
59,51,90.7965,0
59,53,66.1891,0
59,55,98.0051,0
59,57,97.1442,0
59,60,96.8297,0
59,64,123.016,0
59,65,56.4358,0
59,67,69.1809,0
59,69,61.4003,0
59,81,99.6895,0
59,83,123.167,0
59,96,102.108,0
60,5,213.132,10.3148
60,18,100,0
60,21,69.4262,0
60,23,55.5788,0
60,25,124.016,0
60,31,76.7184,2.74285
60,33,143.27,12.1697
60,34,112.539,0
60,35,125.16,0
60,37,108.812,0
60,43,175.35,14.9696
60,48,153.85,10.5494
60,49,123.594,8.14879
60,51,92.9731,0
60,53,81.2219,0
60,55,50.5668,0
60,57,95.1893,0
60,58,225.825,13.0258
60,59,96.8297,0
60,64,77.801,0
60,69,127.098,0
60,71,96.7074,7.78669
60,77,88.5889,5.90593
60,80,120.104,0
60,83,115.109,0
60,90,213.459,12.6611
60,96,99.8098,0
61,6,48.3322,0
61,10,132.28,0
61,11,131.994,10.6611
61,14,173.512,6.76047
61,16,75.2046,3.69886
61,26,86.8332,0
61,30,65.6049,0
61,38,50,0
61,42,95.7131,0
61,44,97.4435,8.35818
61,47,104.019,0
61,50,49.0694,3.84551
61,52,75,6.41667
61,56,117.593,0
61,63,95.7482,2.31124
61,72,80.6226,0
61,75,101.912,0
61,76,124.504,1.96154
61,87,39.2173,0
61,92,42.0476,0
61,93,107.424,0
62,9,149.372,0
62,14,170,0
62,28,103.73,0
62,46,149.082,12.3787
62,52,256.726,0
62,68,76,0
62,73,188.881,16.1399
62,76,247.37,0
62,85,104.69,0
63,6,103.604,7.23943
63,11,130.536,8.2938
63,14,172.754,0
63,16,129.665,9.32453
63,30,152.393,12.0106
63,38,142.03,12.0644
63,44,99.0515,7.46356
63,50,87.7268,0
63,52,129.074,0
63,61,95.7482,2.31124
63,68,236.846,0
63,72,174.021,14.6529
63,76,66.2722,0
63,87,107.956,5.29272
63,92,119.315,7.95435
64,3,215.106,4.60637
64,21,10.0499,0
64,23,129.283,0
64,25,128.16,0
64,26,170.177,14.3364
64,31,36.0936,3.08953
64,33,131.613,3.69638
64,34,42.19,0
64,41,98.0459,0
64,42,182.95,13.6413
64,43,97.4833,2.68796
64,47,204.034,15.1721
64,48,212.848,16.3637
64,49,168.43,10.9868
64,55,30.5287,0
64,57,45.2548,0
64,59,123.016,0
64,60,77.801,0
64,71,103.25,5.78082
64,72,165.598,13.3845
64,75,195.183,16.643
64,77,51.6796,3.91714
64,83,48.0521,0
64,93,185.976,11.9137
64,97,96.0469,0
65,15,64.0312,0
65,25,71.8401,0
65,35,70.4557,0
65,40,60.6383,0
65,51,93.9415,0
65,53,77.9872,0
65,59,56.4358,0
65,67,17.6918,0
65,69,30.8058,0
65,81,130.602,0
65,96,102.552,0
65,99,120.304,0
66,1,44.2041,0
66,13,54.9181,0
66,18,173.206,14.855
66,22,55.9464,0
66,24,18.3576,0
66,27,63.6946,0
66,29,128.787,11.0482
66,36,89.8109,0
66,54,36.8917,0
66,58,241.424,8.99637
66,70,111.4,0
66,74,85.4751,0
66,78,37.5,2.8125
66,84,95.0158,0
66,86,1.41421,0
66,89,29.4109,0
66,90,241.499,9.14771
66,91,17.0294,0
67,15,46.4004,0
67,25,76.4853,0
67,35,84.6463,0
67,40,47.0106,0
67,51,110.788,0
67,53,95.5877,0
67,59,69.1809,0
67,65,17.6918,0
67,69,46.5188,0
67,81,130.108,0
67,96,118.962,0
67,99,104,0
68,9,195.243,0
68,14,108.977,0
68,28,147.323,0
68,30,216.425,12.7823
68,46,226.866,15.0445
68,50,223.607,0
68,52,192.427,0
68,62,76,0
68,63,236.846,0
68,76,171.977,0
68,85,134.925,0.642381
69,15,90.2718,0
69,25,89.5879,0
69,35,40.0125,0
69,37,126.657,0
69,40,91.444,0
69,45,122.102,0
69,51,64.6375,0
69,53,52.6972,0
69,59,61.4003,0
69,60,127.098,0
69,65,30.8058,0
69,67,46.5188,0
69,80,125.925,0
69,96,72.4707,0
70,1,72.111,0
70,7,77.6981,0
70,19,67.4759,0
70,20,69.2315,0
70,22,82,0
70,24,125.16,0
70,32,25.1794,0
70,36,63.9062,0
70,37,114.965,0
70,39,94.921,0
70,45,123.491,0
70,54,91.526,0
70,66,111.4,0
70,74,31.1127,0
70,78,144.226,8.06862
70,79,89.8109,0
70,80,105.688,0
70,84,77.9872,0
70,86,112.089,0
70,88,86.267,0
70,89,88.5494,0
70,91,119.365,0
70,94,97.9081,0
71,4,215.564,0
71,5,169.293,0
71,8,261.503,0
71,10,179.767,5.49695
71,18,245.362,7.8176
71,21,87.1124,5.41157
71,23,182.668,9.5913
71,26,173.721,14.8107
71,30,162.366,13.7621
71,31,67.082,0
71,33,46.6905,0
71,34,169.355,10.5965
71,38,157.454,13.3918
71,42,116,9.08108
71,43,132.966,0
71,47,125.015,9.74143
71,48,164.754,0
71,49,94.1488,0
71,55,91.4681,7.8467
71,56,165.012,7.64296
71,57,138.771,11.6287
71,58,244.524,0
71,60,96.7074,7.78669
71,64,103.25,5.78082
71,72,129.553,10.749
71,77,55.0273,0
71,83,166.336,13.1363
71,90,237.655,0
71,93,108.815,7.33183
72,3,133.189,7.92793
72,4,190.888,16.3574
72,5,193.42,16.2067
72,6,113.649,0
72,10,93.0484,0
72,14,160.509,11.8632
72,16,134.039,4.00864
72,21,164.579,13.3648
72,26,52.1536,0
72,30,58,0
72,31,147.133,11.569
72,33,82.8153,6.71557
72,34,187.529,15.7175
72,38,32.249,0
72,42,34.3657,0
72,43,72.9384,4.59053
72,47,54.037,0
72,49,189.59,14.5339
72,50,100.444,4.14582
72,52,91.3017,0
72,55,189.049,16.1974
72,56,78.0256,0
72,61,80.6226,0
72,63,174.021,14.6529
72,64,165.598,13.3845
72,71,129.553,10.749
72,75,85.7088,0
72,76,179.55,15.292
72,77,135.557,10.994
72,83,195.59,16.6034
72,87,104.202,0
72,92,97.0979,0
72,93,44.2719,0
73,0,71.7008,0
73,2,74.108,0
73,9,134.511,10.778
73,12,22.0227,0
73,17,40.5216,0
73,28,162.195,12.3678
73,46,35.3836,0
73,62,188.881,16.1399
73,82,103.211,6.93842
73,85,185.029,13.064
73,95,41.4849,0
73,98,126.728,6.74348
74,1,53.1413,0
74,7,76.844,0
74,19,90.0944,0
74,20,96.566,0
74,22,70.4557,0
74,24,97.2677,0
74,32,53.2353,0
74,36,38,0
74,37,128.86,0
74,39,98.1122,0
74,54,61.2944,0
74,66,85.4751,0
74,70,31.1127,0
74,78,119.245,6.47536
74,79,81.0555,0
74,80,121.926,0
74,84,81.8413,0
74,86,86.3713,0
74,88,96.8401,0
74,89,59.7746,0
74,91,96.0833,0
74,94,97.0052,0
75,3,72.0768,6.08725
75,6,94.2444,0
75,11,172.55,14.7108
75,16,101.874,4.48908
75,26,33.7343,0
75,30,130.269,0
75,33,164.342,11.9558
75,34,181.468,15.368
75,38,91.444,0
75,41,179.686,14.7825
75,42,120.071,0
75,43,97.7772,4.64462
75,44,149.352,11.376
75,50,142.013,5.12528
75,61,101.912,0
75,64,195.183,16.643
75,72,85.7088,0
75,77,193.456,16.5891
75,83,187.059,15.9313
75,87,90.377,0
75,92,78.2943,0
75,93,129.437,0
75,97,183.478,15.4445
76,6,165.646,7.78422
76,11,196.808,9.42051
76,14,110.145,0
76,16,192.586,10.6233
76,30,134.443,10.6397
76,38,147.417,12.3669
76,42,179.005,15.2065
76,44,165.009,9.21104
76,47,176.917,15.034
76,50,79.8499,0
76,52,93.7443,0
76,56,179.931,15.3129
76,61,124.504,1.96154
76,62,247.37,0
76,63,66.2722,0
76,68,171.977,0
76,72,179.55,15.292
76,85,269.533,0
76,87,162.769,5.89581
76,92,170.334,9.20966
77,3,253.432,0
77,4,270.17,0
77,5,224.179,0
77,10,227.688,5.69013
77,21,40.2554,3.10744
77,23,162.237,13.906
77,26,161.173,13.6711
77,30,184.173,15.7627
77,31,14.4222,0
77,33,77.666,0
77,34,114.406,8.82272
77,38,167.093,14.3038
77,41,198.413,15.3735
77,42,139.373,10.416
77,43,97.6729,0
77,47,155.367,11.7692
77,48,214.336,0
77,49,144.014,0
77,55,56.6927,4.25195
77,56,193.83,11.9718
77,57,94.3773,6.64284
77,60,88.5889,5.90593
77,64,51.6796,3.91714
77,71,55.0273,0
77,72,135.557,10.994
77,75,193.456,16.5891
77,83,113.334,9.70941
77,93,137.563,8.72222
77,97,187.677,15.5964
78,1,72.1153,6.10409
78,8,217.807,0
78,13,57.9396,4.8283
78,18,177.288,8.61818
78,22,75.5013,6.40617
78,24,47.15,2.61375
78,27,71.0177,3.45225
78,29,138.13,0
78,36,128.207,5.52484
78,37,170.883,13.2658
78,48,270.836,0
78,54,76.6079,4.49828
78,58,203.096,0
78,66,37.5,2.8125
78,70,144.226,8.06862
78,74,119.245,6.47536
78,84,115.82,9.53065
78,86,36.0618,2.75735
78,89,66.4584,4.0667
78,90,204,0
78,91,20.1503,1.61633
79,1,129.468,0
79,7,22.4722,0
79,19,85.8662,0
79,32,88.0909,0
79,36,56.7979,0
79,39,36.7696,0
79,54,110.368,0
79,70,89.8109,0
79,74,81.0555,0
79,88,55.3173,0
79,89,117,0
79,94,26.3059,0
80,1,108.784,0
80,18,76.3217,0
80,20,58.8303,0
80,22,91.7061,0
80,23,77.8974,0
80,32,114.28,0
80,35,89.8888,0
80,37,13,0
80,45,102.176,0
80,51,64.1327,0
80,53,87.1436,0
80,60,120.104,0
80,69,125.925,0
80,70,105.688,0
80,74,121.926,0
80,84,52.8015,0
80,96,54.1202,0
81,25,63.3246,0
81,34,109.659,0
81,40,103.315,0
81,41,103.044,0
81,55,133.405,0
81,57,92.6984,0
81,59,99.6895,0
81,65,130.602,0
81,67,130.108,0
81,83,102,0
81,97,97.0052,0
81,99,132.061,0
82,2,85.3505,6.8463
82,4,212.904,0
82,5,265.149,0
82,8,204.01,0
82,9,132.076,0
82,10,235.366,12.532
82,12,103.731,7.72315
82,13,243.145,2.93757
82,17,130.863,9.25297
82,27,261.542,1.66885
82,28,179.744,0
82,29,177.91,0
82,46,111.238,5.44971
82,58,249.07,0
82,73,103.211,6.93842
82,85,188.521,0
82,90,263.492,0
82,95,71.6394,6.11405
82,98,183.576,0
83,3,154.025,8.98864
83,21,57.7062,0
83,25,113.534,0
83,26,171.153,14.6822
83,31,92.2438,7.00813
83,33,198.114,10.6132
83,34,7.81025,0
83,41,52.6308,0
83,43,123.707,7.22349
83,55,65,0
83,57,26.6271,0
83,59,123.167,0
83,60,115.109,0
83,64,48.0521,0
83,71,166.336,13.1363
83,72,195.59,16.6034
83,75,187.059,15.9313
83,77,113.334,9.70941
83,81,102,0
83,97,49.4975,0
84,1,56.5155,0
84,13,186.054,15.6005
84,18,67.8012,0
84,20,73.9797,0
84,22,39.1152,0
84,23,97.5295,0
84,24,113.371,0
84,32,96.7471,0
84,36,117.004,0
84,37,53.9351,0
84,45,135.248,0
84,48,187.47,16.0822
84,51,116.09,0
84,54,103.407,0
84,58,193.05,15.1291
84,66,95.0158,0
84,70,77.9872,0
84,74,81.8413,0
84,78,115.82,9.53065
84,80,52.8015,0
84,86,94.6678,0
84,89,93.1719,0
84,90,181.764,14.7279
84,91,97.3641,3.05097
84,96,106.626,0
85,4,243.68,0
85,9,61.7738,0
85,10,180.867,13.9825
85,12,202.226,15.6924
85,14,163.768,0
85,28,22.8035,0
85,30,178.964,15.2182
85,46,152.251,10.4619
85,52,223.379,7.30824
85,56,179.97,15.1065
85,62,104.69,0
85,68,134.925,0.642381
85,73,185.029,13.064
85,76,269.533,0
85,82,188.521,0
85,95,178.44,13.0252
86,1,44.4072,0
86,13,53.7587,0
86,18,178.149,15.1603
86,22,55.5698,0
86,24,18.7883,0
86,27,63.1585,0
86,29,130.588,11.1334
86,36,91.0824,0
86,54,38.2753,0
86,58,239.881,8.56209
86,66,1.41421,0
86,70,112.089,0
86,74,86.3713,0
86,78,36.0618,2.75735
86,84,94.6678,0
86,89,30.6757,0
86,90,241.11,8.33069
86,91,15.6205,0
87,6,9.89949,0
87,11,81.1458,6.24412
87,14,244.26,7.02285
87,16,35.9794,2.93045
87,26,89.1403,0
87,30,103.586,0
87,38,79.511,0
87,42,127.142,0
87,44,46.036,3.54244
87,50,115.205,6.81809
87,52,157.584,9.37999
87,61,39.2173,0
87,63,107.956,5.29272
87,72,104.202,0
87,75,90.377,0
87,76,162.769,5.89581
87,92,12.083,0
88,7,34.4819,0
88,19,41.1947,0
88,20,130.587,0
88,32,69.4262,0
88,36,93.6483,0
88,39,23.4094,0
88,70,86.267,0
88,74,96.8401,0
88,79,55.3173,0
88,94,35.7771,0
89,1,36.6742,0
89,7,122.784,0
89,13,84.1724,0
89,22,58.0086,0
89,24,37.6563,0
89,27,88.2836,0
89,29,157.178,12.7565
89,32,112.539,0
89,36,60.407,0
89,54,11.4018,0
89,66,29.4109,0
89,70,88.5494,0
89,74,59.7746,0
89,78,66.4584,4.0667
89,79,117,0
89,84,93.1719,0
89,86,30.6757,0
89,91,44.7772,0
90,1,224.373,14.4268
90,4,133.462,0
90,5,100.419,0
90,8,60.9262,0
90,10,193.707,8.6092
90,13,203.34,2.84568
90,18,109.208,4.8537
90,22,189.106,12.6071
90,23,155.789,7.09839
90,29,178.997,0
90,33,254.975,0
90,37,174.449,14.9191
90,47,251.094,7.18525
90,48,74.027,0
90,49,144.222,0
90,56,216.756,9.63361
90,58,14.4222,0
90,60,213.459,12.6611
90,66,241.499,9.14771
90,71,237.655,0
90,78,204,0
90,82,263.492,0
90,84,181.764,14.7279
90,86,241.11,8.33069
90,91,224.315,2.70572
90,93,245.003,10.4594
91,1,48.0833,0
91,8,236.556,3.22639
91,13,43.1045,0
91,18,191.197,10.6883
91,22,52.345,0
91,24,29.0689,0
91,27,60.6053,0
91,29,130.154,8.34867
91,36,104.785,0
91,54,53.4135,0
91,58,223.266,2.80102
91,66,17.0294,0
91,70,119.365,0
91,74,96.0833,0
91,78,20.1503,1.61633
91,84,97.3641,3.05097
91,86,15.6205,0
91,89,44.7772,0
91,90,224.315,2.70572
92,3,150.306,8.05213
92,6,18.1108,0
92,11,93.4758,7.08516
92,14,234.84,13.5357
92,16,35.9048,2.63039
92,26,78,0
92,30,102.956,0
92,38,75.0733,0
92,42,122.332,0
92,44,58.9094,4.6947
92,47,135.248,0
92,50,104.49,8.9308
92,52,119.026,8.74669
92,61,42.0476,0
92,63,119.315,7.95435
92,72,97.0979,0
92,75,78.2943,0
92,76,170.334,9.20966
92,87,12.083,0
92,93,134.358,0
93,4,148.394,10.0484
93,5,146.591,8.99291
93,8,239.533,10.1145
93,10,63.4257,4.41292
93,14,169.142,14.5071
93,21,176.777,11.7851
93,26,95.7079,0
93,30,54,0
93,31,151.67,9.07113
93,33,63.441,5.41056
93,38,59.6657,0
93,42,12.0416,0
93,43,106.619,8.74146
93,47,16.9706,0
93,48,193.587,9.06171
93,49,146.855,7.95185
93,50,115.549,4.6164
93,52,94.0213,0
93,55,193.715,15.7136
93,56,40.4897,0.53196
93,58,245.803,10.1715
93,61,107.424,0
93,64,185.976,11.9137
93,71,108.815,7.33183
93,72,44.2719,0
93,75,129.437,0
93,77,137.563,8.72222
93,90,245.003,10.4594
93,92,134.358,0
94,7,20.5183,0
94,19,73.9797,0
94,32,89.1964,0
94,36,79.8123,0
94,39,12.8062,0
94,54,134.391,0
94,70,97.9081,0
94,74,97.0052,0
94,79,26.3059,0
94,88,35.7771,0
95,0,110.788,0
95,2,37.1618,0
95,9,115.848,9.8772
95,12,33.9706,0
95,17,57.8014,0
95,28,165.107,11.8792
95,29,202.178,12.982
95,46,67.2681,0
95,73,41.4849,0
95,82,71.6394,6.11405
95,85,178.44,13.0252
95,98,98.5517,7.28394
96,18,108.453,0
96,20,90.0777,0
96,23,84.1724,0
96,35,40.8044,0
96,37,54.2033,0
96,45,98.4124,0
96,51,11.4018,0
96,53,36.4005,0
96,59,102.108,0
96,60,99.8098,0
96,65,102.552,0
96,67,118.962,0
96,69,72.4707,0
96,80,54.1202,0
96,84,106.626,0
97,3,119.561,8.1982
97,21,106.019,0
97,25,134.164,0
97,26,184.331,15.8059
97,31,170.337,14.6105
97,34,54.0093,0
97,41,6.32456,0
97,43,173.014,10.958
97,55,114.337,0
97,57,70.2638,0
97,64,96.0469,0
97,75,183.478,15.4445
97,77,187.677,15.5964
97,81,97.0052,0
97,83,49.4975,0
98,2,82.3226,1.83455
98,12,107.366,6.70966
98,13,189.021,4.77646
98,17,114.227,7.61514
98,24,206.704,16.2139
98,27,155.764,3.29051
98,29,174.837,0
98,73,126.728,6.74348
98,82,183.576,0
98,95,98.5517,7.28394
99,15,68.0661,0
99,25,125.897,0
99,40,62.6259,0
99,65,120.304,0
99,67,104,0
99,81,132.061,0
