0,8,144.586,0
0,25,93.8616,0
0,36,285.394,0
0,41,215.863,0
0,54,205.876,0
0,80,91.2414,0
1,4,124.458,8.1288
1,9,150.283,12.7771
1,15,396.275,33.2332
1,19,95.0211,0
1,21,347.352,27.6933
1,23,252.655,21.6267
1,38,30,0
1,39,439.557,37.1971
1,42,270.167,22.8483
1,45,152.985,13.0328
1,50,370.091,31.4893
1,59,420.943,35.7887
1,74,437.613,36.94
2,3,451.018,34.4721
2,11,410.005,4.76196
2,16,298.637,18.87
2,24,457.731,1.04025
2,27,399.735,25.3283
2,28,180.887,0
2,32,429.996,28.768
2,34,83.2346,0
2,49,393.209,15.3367
2,52,90.3549,0
2,55,218.809,10.78
2,62,401.051,33.883
2,63,431.909,34.2235
2,68,459.278,35.1567
2,70,310.05,15.4783
2,71,181.547,11.5386
2,77,416.18,25.6253
2,86,405.902,33.8251
2,87,474.909,34.822
2,98,234.316,19.2467
3,2,451.018,34.4721
3,13,113.991,0
3,18,81.4923,0
3,22,267.29,0
3,24,88.8426,0
3,27,49.6488,0
3,34,367.022,30.3177
3,37,268.412,0
3,48,131.727,0
3,49,268.399,21.1021
3,55,482.711,27.0713
3,68,9.84886,0
3,87,241.423,0
3,91,210.801,0
3,98,229.02,0
4,1,124.458,8.1288
4,9,281.279,23.8423
4,15,366.826,23.4334
4,19,88.6386,7.29393
4,21,254.789,21.4879
4,23,192.139,7.46255
4,38,139.391,8.6742
4,39,434.777,26.091
4,40,444.595,36.567
4,42,343.36,0
4,45,137.722,10.8513
4,46,342.28,23.3786
4,47,274.277,21.441
4,50,339.115,17.347
4,59,370.265,12.0942
4,74,428.249,26.7357
4,92,440.525,37.1233
4,97,380.071,32.2415
5,6,194.859,0
5,7,184.7,0
5,12,135.033,0
5,14,127,0
5,17,135.532,0
5,22,283.854,0
5,29,48.6004,0
5,30,153.16,0
5,31,251.962,0
5,32,284.147,8.79502
5,33,215.002,0
5,35,196.736,0
5,43,144.506,0
5,51,9.48683,0
5,53,175.011,0
5,58,127.138,0
5,63,246.598,5.09086
5,64,44.2945,0
5,65,217.92,0
5,67,208.83,0
5,73,202.675,0
5,84,24.3516,0
5,86,241.913,0
5,87,263.894,0
5,88,51.6236,0
5,94,252.4,0
5,95,286.262,0
5,99,254.521,0
6,5,194.859,0
6,12,285.272,0
6,14,280.601,0
6,17,290.993,0
6,22,136.459,0
6,29,218.833,0
6,33,106.452,0
6,37,189.283,0
6,43,290.558,0
6,48,312.28,16.5497
6,51,196.957,0
6,58,294.187,0
6,63,291.327,7.9816
6,64,200.998,0
6,84,177.192,0
6,86,303.6,8.01057
6,87,228.443,0
6,88,241.448,0
6,91,229.749,15.055
7,5,184.7,0
7,12,55.5698,0
7,14,61.327,0
7,17,263.706,0
7,29,212.462,0
7,30,256.827,0
7,31,195.502,0
7,32,183.379,12.374
7,35,15.2643,0
7,43,279.034,0
7,44,190.686,0
7,49,310.316,10.1701
7,51,176.238,0
7,53,24.3516,0
7,55,401.374,34.3579
7,58,244.233,0
7,63,181.099,0
7,64,151.169,0
7,65,251.859,0
7,67,110.218,0
7,69,132.774,0
7,70,296.283,19.7522
7,73,18.0278,0
7,84,208.626,0
7,86,176.102,0
7,87,274.305,3.98251
7,88,139.014,0
7,90,211.986,0
7,94,140.228,0
7,95,167.093,0
8,0,144.586,0
8,25,61.9112,0
8,36,173.104,0
8,41,88.7694,0
8,54,92.0869,0
8,57,292.554,0
8,80,108.904,0
8,89,262.992,0
8,92,198.04,0
9,1,150.283,12.7771
9,4,281.279,23.8423
9,19,261.722,22.4519
9,23,401.138,34.3563
9,38,149.277,12.5721
9,42,378.814,32.2954
9,45,304.235,18.2266
10,11,298.119,25.2264
10,21,234.412,0
10,26,204.678,0
10,46,204.707,0
10,47,231.758,0
10,57,222.686,0
10,59,310.084,6.55961
10,60,262.429,0
10,61,58.6003,0
10,66,222.643,0
10,75,70.4557,0
10,77,194.243,9.48659
10,78,92.0978,0
10,85,80.0562,0
10,93,101.98,0
10,96,144.087,0
10,97,265.452,0
11,2,410.005,4.76196
11,10,298.119,25.2264
11,16,156.773,10.8316
11,26,224.854,16.389
11,28,273.408,7.53883
11,34,485.141,2.45963
11,52,359.645,21.9972
11,57,308.406,16.7094
11,60,238.766,17.359
11,61,318.807,27.06
11,62,242.61,15.3482
11,66,285.301,17.2367
11,71,293.045,21.685
11,75,371.181,29.98
11,77,86.2944,6.19256
11,78,216.856,14.6229
11,85,310.333,26.2871
11,93,191.696,13.8833
11,96,236.515,15.5282
11,98,329.861,24.1876
12,5,135.033,0
12,6,285.272,0
12,7,55.5698,0
12,14,8.544,0
12,17,233.094,0
12,29,169.293,0
12,30,232.775,0
12,31,217.009,0
12,32,176.55,9.74727
12,33,251.873,0
12,35,64.195,0
12,43,247.33,0
12,44,245.326,0
12,49,290.684,10.7673
12,51,126,0
12,53,40.3113,0
12,55,372.242,29.42
12,58,215.541,0
12,63,158.66,0
12,64,97.6729,0
12,65,248.244,0
12,67,138.463,0
12,69,187.8,0
12,70,351.556,28.742
12,73,72.0902,0
12,84,158.079,0
12,86,157.544,0
12,87,231.366,0
12,88,95.8175,0
12,90,267.556,0
12,94,177.088,0
12,95,208,0
13,3,113.991,0
13,18,34.3657,0
13,22,189.362,0
13,24,149.482,0
13,27,160.003,0
13,33,247.421,0
13,37,163.404,0
13,48,109.59,0
13,49,239.019,0
13,68,104.58,0
13,87,231.89,0
13,91,154.548,0
14,5,127,0
14,6,280.601,0
14,7,61.327,0
14,12,8.544,0
14,17,224.722,0
14,29,160.801,0
14,30,224.742,0
14,31,214.084,0
14,32,184.709,10.0142
14,33,250.218,0
14,35,71.0634,0
14,43,238.908,0
14,44,251.782,0
14,49,301.882,13.3378
14,51,118.038,0
14,53,48.0416,0
14,55,375.403,28.749
14,58,207.27,0
14,63,163.817,0
14,64,90.471,0
14,65,241.946,0
14,67,137.277,0
14,69,192.52,0
14,70,358.465,28.8396
14,73,78.4347,0
14,84,150.213,0
14,86,163.233,0
14,87,234.053,0
14,88,87.2812,0
14,90,273.029,0
14,94,176.977,0
14,95,208.483,0
15,1,396.275,33.2332
15,4,366.826,23.4334
15,19,302.306,25.0153
15,21,284.596,16.3576
15,23,376.725,32.1927
15,39,154.733,13.2143
15,40,75.4321,0
15,45,248.009,18.233
15,46,169.279,11.4986
15,47,109.073,0
15,50,27.5347,0.93822
15,56,307.396,6.90859
15,59,56.0892,3.9659
15,74,156.56,13.3846
15,79,313.781,23.4267
15,82,225.249,0
15,83,148.556,0
15,97,104.413,8.33616
16,2,298.637,18.87
16,11,156.773,10.8316
16,26,228.561,0
16,28,118.373,10.0673
16,34,319.771,21.659
16,52,357.726,19.3647
16,55,515.73,30.2386
16,60,202.41,0
16,62,98.0816,0
16,66,288.016,0
16,71,366.705,24.1047
16,77,244.974,20.571
16,78,362.985,30.8374
16,93,377.786,29.9198
16,96,315.544,16.9042
16,98,153.734,0
17,5,135.532,0
17,6,290.993,0
17,7,263.706,0
17,12,233.094,0
17,14,224.722,0
17,29,87.8465,0
17,30,33.6006,0
17,31,217.375,0
17,35,278.729,0
17,43,16.0312,0
17,51,142.524,0
17,53,265.646,0
17,58,21,0
17,64,174.026,0
17,65,127.664,0
17,67,224.377,0
17,73,280.236,0
17,84,134.104,0
17,88,141.767,0
17,94,257.955,0
17,95,286.435,0
17,99,119.231,0
18,3,81.4923,0
18,13,34.3657,0
18,22,201.358,0
18,24,117.89,0
18,27,126.063,0
18,33,297.529,18.4754
18,37,189.029,0
18,48,94.8947,0
18,49,216.317,0
18,68,71.8053,0
18,87,219.495,0
18,91,156.237,0
19,1,95.0211,0
19,4,88.6386,7.29393
19,9,261.722,22.4519
19,15,302.306,25.0153
19,21,298.719,25.1627
19,23,280.637,16.5468
19,38,120.669,0
19,39,351.555,24.236
19,40,356.862,28.8355
19,42,349.874,27.8674
19,45,49.163,0
19,46,324.611,14.0106
19,47,266.17,16.1457
19,50,275.072,21.4342
19,59,329.705,20.5493
19,74,347.027,24.1943
19,97,408.751,31.2078
20,32,399.968,33.551
20,35,408.313,34.9983
20,44,195.411,15.8674
20,56,247.953,19.0859
20,69,278.367,23.0124
20,70,241.083,6.1576
20,71,270.352,0
20,72,189.647,15.8878
20,73,416.235,35.456
20,76,220.278,18.846
20,79,421.498,6.69068
20,81,259.197,22.0521
20,82,376.834,31.5057
20,90,214.835,18.2285
21,1,347.352,27.6933
21,4,254.789,21.4879
21,10,234.412,0
21,15,284.596,16.3576
21,19,298.719,25.1627
21,23,117.007,6.55103
21,38,316.822,18.3538
21,42,225.084,16.1864
21,45,329.048,23.9643
21,46,211.981,0
21,47,162.373,0
21,50,282.668,20.2844
21,54,290.878,0
21,59,226.306,10.5096
21,61,232.88,0
21,75,170.801,0
21,85,250.416,0
21,89,278.002,0
21,92,200.863,0
21,97,229.456,0
22,3,267.29,0
22,5,283.854,0
22,6,136.459,0
22,13,189.362,0
22,18,201.358,0
22,24,231.225,0
22,27,292.836,0
22,33,71.1688,0
22,37,91.022,0
22,48,144.402,0
22,49,301.26,25.6854
22,51,281.711,0
22,63,314.367,26.164
22,64,269.007,0
22,68,258.103,0
22,84,275.002,0
22,86,323.2,26.0622
22,87,227.106,19.0099
22,91,83.451,6.25882
23,1,252.655,21.6267
23,4,192.139,7.46255
23,9,401.138,34.3563
23,15,376.725,32.1927
23,19,280.637,16.5468
23,21,117.007,6.55103
23,38,251.884,21.6016
23,42,193.98,1.57194
23,45,329.822,26.2802
23,46,295.721,4.42705
23,47,231.335,3.52842
23,50,370.923,31.2137
23,54,335.725,16.0699
23,59,274.043,15.0869
23,75,285.249,6.72951
23,89,297.774,24.9227
23,92,230.894,15.0011
23,97,291.581,3.17764
24,2,457.731,1.04025
24,3,88.8426,0
24,13,149.482,0
24,18,117.89,0
24,22,231.225,0
24,27,96.1378,7.25712
24,28,585.101,0.995046
24,32,349.444,27.6943
24,33,334.272,27.6998
24,34,377.145,2.01634
24,37,262.393,0
24,48,88.2326,0
24,49,183.624,15.1672
24,52,497.312,2.20992
24,55,321.697,22.7707
24,63,290.226,22.5878
24,68,87.2812,0
24,70,427.434,36.6135
24,86,302.025,24.2853
24,87,164.17,0.539985
24,91,165.711,0
24,98,272.312,18.1038
25,0,93.8616,0
25,8,61.9112,0
25,36,194.165,0
25,41,122.004,0
25,54,147.679,0
25,80,101.316,0
25,92,253.569,0
26,10,204.678,0
26,11,224.854,16.389
26,16,228.561,0
26,28,378.654,29.8133
26,36,239.385,0
26,57,91.9239,0
26,60,60.4152,0
26,61,169.26,0
26,62,144.9,0
26,66,62.9365,0
26,75,233.9,0
26,77,236.644,18.6742
26,78,145.523,0
26,85,146.711,0
26,93,168.656,0
26,96,69.3397,0
27,2,399.735,25.3283
27,3,49.6488,0
27,13,160.003,0
27,18,126.063,0
27,22,292.836,0
27,24,96.1378,7.25712
27,28,364.077,29.6263
27,34,316.25,22.9287
27,48,149.576,0
27,49,299.456,23.8555
27,52,454.399,28.707
27,55,423.421,22.8483
27,68,57.2713,0
27,87,260.384,9.42077
27,91,230.95,0
27,98,182.464,0
28,2,180.887,0
28,11,273.408,7.53883
28,16,118.373,10.0673
28,24,585.101,0.995046
28,26,378.654,29.8133
28,27,364.077,29.6263
28,34,223.141,0
28,49,562.948,17.1133
28,52,239.24,0
28,55,397.577,12.6767
28,60,344.987,24.895
28,62,217.297,14.378
28,70,452.443,19.5595
28,71,290.727,0.995544
28,77,327.046,19.8653
28,78,490.377,23.7988
28,93,430.443,29.9409
28,98,159.102,11.0697
29,5,48.6004,0
29,6,218.833,0
29,7,212.462,0
29,12,169.293,0
29,14,160.801,0
29,17,87.8465,0
29,30,108.904,0
29,31,238.472,0
29,33,255.539,0
29,35,226.073,0
29,43,96.0417,0
29,51,56.6392,0
29,53,207.328,0
29,58,82.0366,0
29,63,294.672,5.29399
29,64,90.6863,0
29,65,184.621,0
29,67,211.981,0
29,73,230.367,0
29,84,47.3814,0
29,86,289.178,0
29,88,73.9797,0
29,94,253.527,0
29,95,286.419,0
29,99,207.077,0
30,5,153.16,0
30,7,256.827,0
30,12,232.775,0
30,14,224.742,0
30,17,33.6006,0
30,29,108.904,0
30,31,188.322,0
30,35,272.068,0
30,43,44.4072,0
30,51,158.758,0
30,53,261.819,0
30,58,27.0185,0
30,64,186.944,0
30,65,94.1754,0
30,67,204.48,0
30,73,272.355,0
30,84,156.285,0
30,88,148.219,0
30,94,234.691,0
30,95,261.396,0
30,99,106.042,0
31,5,251.962,0
31,7,195.502,0
31,12,217.009,0
31,14,214.084,0
31,17,217.375,0
31,29,238.472,0
31,30,188.322,0
31,35,206.828,0
31,43,231.502,0
31,44,264.579,0
31,51,249.93,0
31,53,216.12,0
31,58,198.648,0
31,64,253.103,0
31,65,113.04,0
31,67,85.703,0
31,69,184.174,0
31,73,199.92,0
31,84,271.33,0
31,88,207.099,0
31,90,247.008,0
31,94,75.9276,0
31,95,85.7263,0
31,99,242.528,0
32,2,429.996,28.768
32,5,284.147,8.79502
32,7,183.379,12.374
32,12,176.55,9.74727
32,14,184.709,10.0142
32,20,399.968,33.551
32,24,349.444,27.6943
32,33,309.11,20.4041
32,34,450.509,24.3987
32,35,172.915,12.4857
32,44,328.827,28.0791
32,48,314.934,16.7716
32,49,161.286,4.39385
32,51,274.797,8.79013
32,52,422.794,14.7488
32,53,161.804,10.8395
32,55,205.204,17.1941
32,63,102.074,8.75591
32,64,239.82,8.63117
32,67,294.026,14.2074
32,69,286.96,21.0135
32,70,176.99,15.1249
32,71,343.715,29.4802
32,73,182.829,13.3848
32,84,302.353,9.08068
32,86,83.9837,7.20357
32,87,199.962,13.8411
32,88,262.774,9.65808
32,90,360.929,28.7736
32,91,368.527,31.3186
32,94,324.414,16.6665
33,5,215.002,0
33,6,106.452,0
33,12,251.873,0
33,13,247.421,0
33,14,250.218,0
33,18,297.529,18.4754
33,22,71.1688,0
33,24,334.272,27.6998
33,29,255.539,0
33,32,309.11,20.4041
33,37,160.125,0
33,48,243.368,20.8142
33,49,253.197,18.9446
33,51,212.236,0
33,53,279.401,0
33,63,205.433,8.09954
33,64,198.081,0
33,68,364.837,25.7965
33,84,208.166,0
33,86,218.428,8.16675
33,87,157.85,12.2164
33,88,246.148,0
33,91,149.474,12.0523
34,2,83.2346,0
34,3,367.022,30.3177
34,11,485.141,2.45963
34,16,319.771,21.659
34,24,377.145,2.01634
34,27,316.25,22.9287
34,28,223.141,0
34,32,450.509,24.3987
34,48,430.069,32.4971
34,49,340.534,15.8719
34,52,143.844,5.65847
34,55,231.705,4.23864
34,62,420.94,35.9346
34,63,444.26,29.4025
34,68,375.757,30.9956
34,70,359.305,12.343
34,71,255.262,13.9566
34,77,520.369,19.0048
34,86,424.212,30.5578
34,87,419.4,33.3342
34,98,185.604,15.9089
35,5,196.736,0
35,7,15.2643,0
35,12,64.195,0
35,14,71.0634,0
35,17,278.729,0
35,20,408.313,34.9983
35,29,226.073,0
35,30,272.068,0
35,31,206.828,0
35,32,172.915,12.4857
35,43,294.009,0
35,44,181.24,0
35,49,316,15.6857
35,51,188.066,0
35,53,25.807,0
35,55,392.456,33.6542
35,58,259.332,0
35,63,174.04,0
35,64,161.533,0
35,65,266.413,0
35,67,121.165,0
35,69,128.725,0
35,70,281.975,19.6129
35,73,10.2956,0
35,84,220.422,0
35,86,174.151,2.89537
35,87,276.277,6.89083
35,88,152.329,0
35,90,205.244,0
35,94,148.084,0
35,95,173.046,0
36,0,285.394,0
36,8,173.104,0
36,25,194.165,0
36,26,239.385,0
36,41,85.4225,0
36,54,225.754,0
36,57,152.122,0
36,60,253.024,0
36,61,290.548,0
36,66,176.777,0
36,80,280.223,0
36,85,269.616,0
36,96,236.62,0
37,3,268.412,0
37,6,189.283,0
37,13,163.404,0
37,18,189.029,0
37,22,91.022,0
37,24,262.393,0
37,33,160.125,0
37,48,183,2.89831
37,49,286.84,0
37,68,258.565,0
37,87,315.948,26.7679
37,91,129.283,0
38,1,30,0
38,4,139.391,8.6742
38,9,149.277,12.5721
38,19,120.669,0
38,21,316.822,18.3538
38,23,251.884,21.6016
38,42,247.083,20.9204
38,45,180.016,14.1041
38,50,395.311,33.1029
38,89,407.55,34.6696
39,1,439.557,37.1971
39,4,434.777,26.091
39,15,154.733,13.2143
39,19,351.555,24.236
39,40,200.219,15.4217
39,45,310.211,21.2447
39,46,332.031,28.1621
39,47,276.724,21.9428
39,50,182.188,12.4492
39,59,205.55,17.4634
39,74,6.32456,0
39,79,396.301,30.5723
39,82,418.75,16.9003
39,83,272.933,16.9926
39,97,272.245,22.7317
40,4,444.595,36.567
40,15,75.4321,0
40,19,356.862,28.8355
40,39,200.219,15.4217
40,45,313.952,18.4575
40,46,169.017,11.4976
40,47,193.127,16.0288
40,50,102.955,1.00854
40,56,232.007,6.79491
40,59,121.779,7.36365
40,72,387.899,32.0267
40,74,206.481,15.6253
40,79,217.651,13.9052
40,81,337.288,18.7439
40,82,150.735,0
40,83,75.452,0
40,97,96.0747,5.28009
41,0,215.863,0
41,8,88.7694,0
41,25,122.004,0
41,36,85.4225,0
41,54,145.245,0
41,57,209.848,0
41,66,239.426,0
41,80,197.312,0
41,85,293.138,0
41,92,234.785,0
41,96,281.784,0
42,1,270.167,22.8483
42,4,343.36,0
42,9,378.814,32.2954
42,19,349.874,27.8674
42,21,225.084,16.1864
42,23,193.98,1.57194
42,38,247.083,20.9204
42,45,367.127,30.969
42,54,301.942,18.0647
42,89,225.948,14.1732
42,92,192.795,13.982
43,5,144.506,0
43,6,290.558,0
43,7,279.034,0
43,12,247.33,0
43,14,238.908,0
43,17,16.0312,0
43,29,96.0417,0
43,30,44.4072,0
43,31,231.502,0
43,35,294.009,0
43,51,152.053,0
43,53,280.494,0
43,58,37.0135,0
43,64,184.629,0
43,65,137.902,0
43,67,240.3,0
43,73,295.677,0
43,84,140.631,0
43,88,154.806,0
43,94,273.562,0
43,99,113.053,0
44,7,190.686,0
44,12,245.326,0
44,14,251.782,0
44,20,195.411,15.8674
44,31,264.579,0
44,32,328.827,28.0791
44,35,181.24,0
44,53,206.422,0
44,56,272.039,0
44,67,208.598,0
44,69,82.8613,0
44,70,286.003,21.4063
44,72,183.807,0
44,73,173.349,0
44,76,189.402,0
44,81,242.358,6.64963
44,86,405.848,34.6577
44,90,47.0425,0
44,94,190.602,0
44,95,181.706,0
45,1,152.985,13.0328
45,4,137.722,10.8513
45,9,304.235,18.2266
45,15,248.009,18.233
45,19,49.163,0
45,21,329.048,23.9643
45,23,329.822,26.2802
45,38,180.016,14.1041
45,39,310.211,21.2447
45,40,313.952,18.4575
45,42,367.127,30.969
45,47,335.445,28.1792
45,50,237.831,19.9795
45,59,303.175,25.617
45,74,301.825,21.5793
45,97,394.666,33.4128
46,4,342.28,23.3786
46,10,204.707,0
46,15,169.279,11.4986
46,19,324.611,14.0106
46,21,211.981,0
46,23,295.721,4.42705
46,39,332.031,28.1621
46,40,169.017,11.4976
46,47,68.0661,0
46,50,168.745,7.98964
46,56,398.197,33.8714
46,59,122.759,5.50862
46,61,251.645,0
46,74,331.198,27.874
46,75,203.039,0
46,78,278.605,0
46,79,209.748,17.669
46,82,325.477,26.7556
46,83,252.135,20.3774
46,85,276.586,0
46,93,270.897,0
46,97,61.9839,0
47,4,274.277,21.441
47,10,231.758,0
47,15,109.073,0
47,19,266.17,16.1457
47,21,162.373,0
47,23,231.335,3.52842
47,39,276.724,21.9428
47,40,193.127,16.0288
47,45,335.445,28.1792
47,46,68.0661,0
47,50,167.142,13.3712
47,59,80.6133,5.85945
47,61,267.526,0
47,74,281.191,22.6509
47,75,208.471,0
47,79,270.631,21.9859
47,82,388.685,33.1838
47,83,273.358,21.1794
47,85,292.139,0
47,97,67.1789,0
48,3,131.727,0
48,6,312.28,16.5497
48,13,109.59,0
48,18,94.8947,0
48,22,144.402,0
48,24,88.2326,0
48,27,149.576,0
48,32,314.934,16.7716
48,33,243.368,20.8142
48,34,430.069,32.4971
48,37,183,2.89831
48,49,132.936,0
48,55,380.913,30.0173
48,63,214.537,0
48,68,123.891,0
48,86,223.618,0
48,87,124.615,0
48,91,81.3941,0
49,2,393.209,15.3367
49,3,268.399,21.1021
49,7,310.316,10.1701
49,12,290.684,10.7673
49,13,239.019,0
49,14,301.882,13.3378
49,18,216.317,0
49,22,301.26,25.6854
49,24,183.624,15.1672
49,27,299.456,23.8555
49,28,562.948,17.1133
49,32,161.286,4.39385
49,33,253.197,18.9446
49,34,340.534,15.8719
49,35,316,15.6857
49,37,286.84,0
49,48,132.936,0
49,52,390.155,14.9637
49,53,274.859,4.3608
49,55,171.462,14.6921
49,63,109.689,0.503076
49,64,332.571,18.6806
49,68,262.209,20.1768
49,70,262.773,20.7348
49,71,433.423,31.131
49,73,330.049,17.5943
49,86,128.25,6.87052
49,87,79.4796,0
49,91,176.398,7.8004
49,98,401.939,34.4519
50,1,370.091,31.4893
50,4,339.115,17.347
50,15,27.5347,0.93822
50,19,275.072,21.4342
50,21,282.668,20.2844
50,23,370.923,31.2137
50,38,395.311,33.1029
50,39,182.188,12.4492
50,40,102.955,1.00854
50,45,237.831,19.9795
50,46,168.745,7.98964
50,47,167.142,13.3712
50,59,71.0842,4.9005
50,74,184.03,12.4975
50,79,352.61,26.3394
50,82,252.494,1.06074
50,83,175.63,1.07058
50,97,131.883,11.2461
51,5,9.48683,0
51,6,196.957,0
51,7,176.238,0
51,12,126,0
51,14,118.038,0
51,17,142.524,0
51,22,281.711,0
51,29,56.6392,0
51,30,158.758,0
51,31,249.93,0
51,32,274.797,8.79013
51,33,212.236,0
51,35,188.066,0
51,43,152.053,0
51,53,166.075,0
51,58,133.154,0
51,63,238.049,5.15258
51,64,34.9857,0
51,65,220.275,0
51,67,203.961,0
51,69,298.236,0
51,73,194.178,0
51,84,32.3883,0
51,86,233.032,0
51,87,257.158,0
51,88,46.0977,0
51,91,384.32,30.162
51,94,247.685,0
51,95,281.603,0
51,99,261.176,0
52,2,90.3549,0
52,11,359.645,21.9972
52,16,357.726,19.3647
52,24,497.312,2.20992
52,27,454.399,28.707
52,28,239.24,0
52,32,422.794,14.7488
52,34,143.844,5.65847
52,49,390.155,14.9637
52,55,186.664,8.14832
52,62,447.956,36.7849
52,63,394.87,32.1396
52,70,237.62,11.2779
52,71,102.58,8.65
52,77,387.031,27.5339
52,86,391.493,30.6257
52,87,439.23,36.0877
52,98,324.589,23.2834
53,5,175.011,0
53,7,24.3516,0
53,12,40.3113,0
53,14,48.0416,0
53,17,265.646,0
53,29,207.328,0
53,30,261.819,0
53,31,216.12,0
53,32,161.804,10.8395
53,33,279.401,0
53,35,25.807,0
53,43,280.494,0
53,44,206.422,0
53,49,274.859,4.3608
53,51,166.075,0
53,55,379.668,32.524
53,58,247.008,0
53,63,158.013,0
53,64,137.931,0
53,65,265.047,0
53,67,131.746,0
53,69,154.156,0
53,70,314.002,25.8615
53,73,35.3836,0
53,84,198.252,0
53,86,153.639,0
53,87,250.077,3.96066
53,88,133.364,0
53,90,231.043,0
53,94,163.783,0
53,95,191.23,0
54,0,205.876,0
54,8,92.0869,0
54,21,290.878,0
54,23,335.725,16.0699
54,25,147.679,0
54,36,225.754,0
54,41,145.245,0
54,42,301.942,18.0647
54,80,130,0
54,89,182.003,0
54,92,106.301,0
55,2,218.809,10.78
55,3,482.711,27.0713
55,7,401.374,34.3579
55,12,372.242,29.42
55,14,375.403,28.749
55,16,515.73,30.2386
55,24,321.697,22.7707
55,27,423.421,22.8483
55,28,397.577,12.6767
55,32,205.204,17.1941
55,34,231.705,4.23864
55,35,392.456,33.6542
55,48,380.913,30.0173
55,49,171.462,14.6921
55,52,186.664,8.14832
55,53,379.668,32.524
55,63,184.196,11.7255
55,68,473.135,29.7778
55,70,148.679,12.691
55,71,234.778,17.8142
55,73,400.372,34.3403
55,86,181.479,12.9956
55,87,272.004,23.3056
55,91,347.83,25.9965
55,98,420.045,27.1507
56,15,307.396,6.90859
56,20,247.953,19.0859
56,40,232.007,6.79491
56,44,272.039,0
56,46,398.197,33.8714
56,72,88.6002,0
56,76,95.0053,0
56,79,182.667,15.2222
56,81,104.445,8.89025
56,82,73.171,0
56,83,147.98,0
56,90,253.996,0
56,97,439.858,31.4275
57,8,292.554,0
57,10,222.686,0
57,11,308.406,16.7094
57,26,91.9239,0
57,36,152.122,0
57,41,209.848,0
57,60,126.491,0
57,61,169.567,0
57,62,229.996,0
57,66,31.5753,0
57,75,223.323,0
57,77,317.135,21.5871
57,78,199.612,0
57,85,144.838,0
57,93,227.466,0
57,96,88.6002,0
58,5,127.138,0
58,6,294.187,0
58,7,244.233,0
58,12,215.541,0
58,14,207.27,0
58,17,21,0
58,29,82.0366,0
58,30,27.0185,0
58,31,198.648,0
58,35,259.332,0
58,43,37.0135,0
58,51,133.154,0
58,53,247.008,0
58,64,162.61,0
58,65,115.122,0
58,67,203.416,0
58,73,260.548,0
58,84,129.402,0
58,88,126.669,0
58,94,237.306,0
58,95,266.101,0
58,99,128.798,0
59,1,420.943,35.7887
59,4,370.265,12.0942
59,10,310.084,6.55961
59,15,56.0892,3.9659
59,19,329.705,20.5493
59,21,226.306,10.5096
59,23,274.043,15.0869
59,39,205.55,17.4634
59,40,121.779,7.36365
59,45,303.175,25.617
59,46,122.759,5.50862
59,47,80.6133,5.85945
59,50,71.0842,4.9005
59,74,206.884,17.5584
59,75,289.415,7.56642
59,79,341.486,22.3683
59,82,348.589,29.7207
59,83,209.302,12.4585
59,97,95.5059,7.91344
60,10,262.429,0
60,11,238.766,17.359
60,16,202.41,0
60,26,60.4152,0
60,28,344.987,24.895
60,36,253.024,0
60,57,126.491,0
60,61,229.506,0
60,62,107.042,0
60,66,95.2733,0
60,75,294.267,0
60,77,257.685,18.0371
60,78,194.126,0
60,85,207.118,0
60,93,213.122,0
60,96,129.653,0
61,10,58.6003,0
61,11,318.807,27.06
61,21,232.88,0
61,26,169.26,0
61,36,290.548,0
61,46,251.645,0
61,47,267.526,0
61,57,169.567,0
61,60,229.506,0
61,62,289.208,0
61,66,174.184,0
61,75,65.192,0
61,77,225.187,12.7476
61,78,104.938,0
61,85,25,0
61,93,127.035,0
61,96,101.533,0
62,2,401.051,33.883
62,11,242.61,15.3482
62,16,98.0816,0
62,26,144.9,0
62,28,217.297,14.378
62,34,420.94,35.9346
62,52,447.956,36.7849
62,57,229.996,0
62,60,107.042,0
62,61,289.208,0
62,66,198.436,0
62,71,426.25,36.4274
62,77,239.349,19.1468
62,78,215.595,0
62,85,272.059,0
62,93,245.254,10.4889
62,96,204.793,0
62,98,239.253,0
63,2,431.909,34.2235
63,5,246.598,5.09086
63,6,291.327,7.9816
63,7,181.099,0
63,12,158.66,0
63,14,163.817,0
63,22,314.367,26.164
63,24,290.226,22.5878
63,29,294.672,5.29399
63,32,102.074,8.75591
63,33,205.433,8.09954
63,34,444.26,29.4025
63,35,174.04,0
63,48,214.537,0
63,49,109.689,0.503076
63,51,238.049,5.15258
63,52,394.87,32.1396
63,53,158.013,0
63,55,184.196,11.7255
63,64,202.844,4.64788
63,67,289.443,0
63,69,293.565,3.16481
63,70,230.478,16.8306
63,71,400.226,34.1928
63,73,183.576,0
63,84,261.245,5.90912
63,86,13,0
63,87,113.795,7.41221
63,88,229.934,1.82391
63,91,287.378,24.5576
64,5,44.2945,0
64,6,200.998,0
64,7,151.169,0
64,12,97.6729,0
64,14,90.471,0
64,17,174.026,0
64,22,269.007,0
64,29,90.6863,0
64,30,186.944,0
64,31,253.103,0
64,32,239.82,8.63117
64,33,198.081,0
64,35,161.533,0
64,43,184.629,0
64,49,332.571,18.6806
64,51,34.9857,0
64,53,137.931,0
64,58,162.61,0
64,63,202.844,4.64788
64,65,238.757,0
64,67,196.469,0
64,69,278.706,0
64,73,168.68,0
64,84,63.3482,0
64,86,198.494,0
64,87,228.6,0
64,88,48.2597,0
64,91,364.021,29.2437
64,94,240.208,0
64,95,274,0
64,99,291.385,0
65,5,217.92,0
65,7,251.859,0
65,12,248.244,0
65,14,241.946,0
65,17,127.664,0
65,29,184.621,0
65,30,94.1754,0
65,31,113.04,0
65,35,266.413,0
65,43,137.902,0
65,51,220.275,0
65,53,265.047,0
65,58,115.122,0
65,64,238.757,0
65,67,164.125,0
65,69,285.787,0
65,73,263.139,0
65,84,229.072,0
65,88,191.51,0
65,94,178.732,0
65,95,197,0
65,99,129.653,0
66,10,222.643,0
66,11,285.301,17.2367
66,16,288.016,0
66,26,62.9365,0
66,36,176.777,0
66,41,239.426,0
66,57,31.5753,0
66,60,95.2733,0
66,61,174.184,0
66,62,198.436,0
66,75,233.002,0
66,77,296.006,21.1074
66,78,186.59,0
66,85,149.215,0
66,93,213.284,0
66,96,80.0812,0
67,5,208.83,0
67,7,110.218,0
67,12,138.463,0
67,14,137.277,0
67,17,224.377,0
67,29,211.981,0
67,30,204.48,0
67,31,85.703,0
67,32,294.026,14.2074
67,35,121.165,0
67,43,240.3,0
67,44,208.598,0
67,51,203.961,0
67,53,131.746,0
67,58,203.416,0
67,63,289.443,0
67,64,196.469,0
67,65,164.125,0
67,69,126.115,0
67,73,114.232,0
67,84,231.812,0
67,86,285.377,0
67,88,157.877,0
67,90,205.002,0
67,94,43.8634,0
67,95,77.7946,0
67,99,286.895,0
68,2,459.278,35.1567
68,3,9.84886,0
68,13,104.58,0
68,18,71.8053,0
68,22,258.103,0
68,24,87.2812,0
68,27,57.2713,0
68,33,364.837,25.7965
68,34,375.757,30.9956
68,37,258.565,0
68,48,123.891,0
68,49,262.209,20.1768
68,55,473.135,29.7778
68,87,235.919,0
68,91,202.272,0
68,98,238.002,0
69,7,132.774,0
69,12,187.8,0
69,14,192.52,0
69,20,278.367,23.0124
69,31,184.174,0
69,32,286.96,21.0135
69,35,128.725,0
69,44,82.8613,0
69,51,298.236,0
69,53,154.156,0
69,63,293.565,3.16481
69,64,278.706,0
69,65,285.787,0
69,67,126.115,0
69,70,305.458,16.9022
69,72,249.826,0
69,73,118.794,0
69,76,247.194,0
69,81,307.67,11.5424
69,86,295.143,8.00145
69,88,254.892,0
69,90,83.9345,0
69,94,108.908,0
69,95,105.551,0
70,2,310.05,15.4783
70,7,296.283,19.7522
70,12,351.556,28.742
70,14,358.465,28.8396
70,20,241.083,6.1576
70,24,427.434,36.6135
70,28,452.443,19.5595
70,32,176.99,15.1249
70,34,359.305,12.343
70,35,281.975,19.6129
70,44,286.003,21.4063
70,49,262.773,20.7348
70,52,237.62,11.2779
70,53,314.002,25.8615
70,55,148.679,12.691
70,63,230.478,16.8306
70,69,305.458,16.9022
70,71,123.065,0
70,73,281.793,18.7862
70,86,214.173,15.4148
70,87,257.257,0
70,90,332.02,22.3202
71,2,181.547,11.5386
71,11,293.045,21.685
71,16,366.705,24.1047
71,20,270.352,0
71,28,290.727,0.995544
71,32,343.715,29.4802
71,34,255.262,13.9566
71,49,433.423,31.131
71,52,102.58,8.65
71,55,234.778,17.8142
71,62,426.25,36.4274
71,63,400.226,34.1928
71,70,123.065,0
71,77,259.131,21.6506
71,78,336.352,22.3286
71,86,399.795,34.246
71,93,293.769,16.2554
71,98,435.091,26.2973
72,20,189.647,15.8878
72,40,387.899,32.0267
72,44,183.807,0
72,56,88.6002,0
72,69,249.826,0
72,76,32.311,0
72,79,254.971,21.6777
72,81,69.5271,3.16794
72,82,160.1,0
72,83,240.444,4.79146
72,90,165.952,0
73,5,202.675,0
73,7,18.0278,0
73,12,72.0902,0
73,14,78.4347,0
73,17,280.236,0
73,20,416.235,35.456
73,29,230.367,0
73,30,272.355,0
73,31,199.92,0
73,32,182.829,13.3848
73,35,10.2956,0
73,43,295.677,0
73,44,173.349,0
73,49,330.049,17.5943
73,51,194.178,0
73,53,35.3836,0
73,55,400.372,34.3403
73,58,260.548,0
73,63,183.576,0
73,64,168.68,0
73,65,263.139,0
73,67,114.232,0
73,69,118.794,0
73,70,281.793,18.7862
73,84,226.566,0
73,86,185.425,3.82798
73,87,286.369,6.92206
73,88,157.003,0
73,90,196.115,0
73,94,139.359,0
73,95,163.6,0
74,1,437.613,36.94
74,4,428.249,26.7357
74,15,156.56,13.3846
74,19,347.027,24.1943
74,39,6.32456,0
74,40,206.481,15.6253
74,45,301.825,21.5793
74,46,331.198,27.874
74,47,281.191,22.6509
74,50,184.03,12.4975
74,59,206.884,17.5584
74,79,402.645,30.8262
74,82,424.898,16.9529
74,83,279.236,17.1377
74,97,272.686,22.9683
75,10,70.4557,0
75,11,371.181,29.98
75,21,170.801,0
75,23,285.249,6.72951
75,26,233.9,0
75,46,203.039,0
75,47,208.471,0
75,57,223.323,0
75,59,289.415,7.56642
75,60,294.267,0
75,61,65.192,0
75,66,233.002,0
75,77,266.223,11.3038
75,78,155.184,0
75,85,87.3212,0
75,92,279.33,0
75,93,170.141,0
75,96,165.315,0
75,97,257.257,0
76,20,220.278,18.846
76,44,189.402,0
76,56,95.0053,0
76,69,247.194,0
76,72,32.311,0
76,79,287.551,24.4246
76,81,48.8173,3.48103
76,82,168.107,0
76,83,242.528,0
76,90,163.878,0
76,95,301.135,0
77,2,416.18,25.6253
77,10,194.243,9.48659
77,11,86.2944,6.19256
77,16,244.974,20.571
77,26,236.644,18.6742
77,28,327.046,19.8653
77,34,520.369,19.0048
77,52,387.031,27.5339
77,57,317.135,21.5871
77,60,257.685,18.0371
77,61,225.187,12.7476
77,62,239.349,19.1468
77,66,296.006,21.1074
77,71,259.131,21.6506
77,75,266.223,11.3038
77,78,123.273,10.4732
77,85,231.077,14.9766
77,93,95.1553,7.98484
77,96,233.099,18.5212
78,10,92.0978,0
78,11,216.856,14.6229
78,16,362.985,30.8374
78,26,145.523,0
78,28,490.377,23.7988
78,46,278.605,0
78,57,199.612,0
78,60,194.126,0
78,61,104.938,0
78,62,215.595,0
78,66,186.59,0
78,71,336.352,22.3286
78,75,155.184,0
78,77,123.273,10.4732
78,85,104.58,0
78,93,28.6007,0
78,96,111.198,0
79,15,313.781,23.4267
79,20,421.498,6.69068
79,39,396.301,30.5723
79,40,217.651,13.9052
79,46,209.748,17.669
79,47,270.631,21.9859
79,50,352.61,26.3394
79,56,182.667,15.2222
79,59,341.486,22.3683
79,72,254.971,21.6777
79,74,402.645,30.8262
79,76,287.551,24.4246
79,81,282.793,23.9629
79,82,151.388,12.8451
79,83,152.902,13.0725
79,97,207.359,17.7885
80,0,91.2414,0
80,8,108.904,0
80,25,101.316,0
80,36,280.223,0
80,41,197.312,0
80,54,130,0
80,89,223.081,0
80,92,215.407,0
81,20,259.197,22.0521
81,40,337.288,18.7439
81,44,242.358,6.64963
81,56,104.445,8.89025
81,69,307.67,11.5424
81,72,69.5271,3.16794
81,76,48.8173,3.48103
81,79,282.793,23.9629
81,82,263.943,10.7977
81,83,292.631,24.0755
81,90,221.808,9.68248
82,15,225.249,0
82,20,376.834,31.5057
82,39,418.75,16.9003
82,40,150.735,0
82,46,325.477,26.7556
82,47,388.685,33.1838
82,50,252.494,1.06074
82,56,73.171,0
82,59,348.589,29.7207
82,72,160.1,0
82,74,424.898,16.9529
82,76,168.107,0
82,79,151.388,12.8451
82,81,263.943,10.7977
82,83,77.201,0
82,97,319.543,26.7895
83,15,148.556,0
83,39,272.933,16.9926
83,40,75.452,0
83,46,252.135,20.3774
83,47,273.358,21.1794
83,50,175.63,1.07058
83,56,147.98,0
83,59,209.302,12.4585
83,72,240.444,4.79146
83,74,279.236,17.1377
83,76,242.528,0
83,79,152.902,13.0725
83,81,292.631,24.0755
83,82,77.201,0
83,97,209.382,17.9531
84,5,24.3516,0
84,6,177.192,0
84,7,208.626,0
84,12,158.079,0
84,14,150.213,0
84,17,134.104,0
84,22,275.002,0
84,29,47.3814,0
84,30,156.285,0
84,31,271.33,0
84,32,302.353,9.08068
84,33,208.166,0
84,35,220.422,0
84,43,140.631,0
84,51,32.3883,0
84,53,198.252,0
84,58,129.402,0
84,63,261.245,5.90912
84,64,63.3482,0
84,65,229.072,0
84,67,231.812,0
84,73,226.566,0
84,86,255.721,0
84,87,268.516,0
84,88,75.591,0
84,91,374.838,27.8401
84,94,275.182,0
84,99,253.061,0
85,10,80.0562,0
85,11,310.333,26.2871
85,21,250.416,0
85,26,146.711,0
85,36,269.616,0
85,41,293.138,0
85,46,276.586,0
85,47,292.139,0
85,57,144.838,0
85,60,207.118,0
85,61,25,0
85,62,272.059,0
85,66,149.215,0
85,75,87.3212,0
85,77,231.077,14.9766
85,78,104.58,0
85,93,130.05,0
85,96,78,0
86,2,405.902,33.8251
86,5,241.913,0
86,6,303.6,8.01057
86,7,176.102,0
86,12,157.544,0
86,14,163.233,0
86,22,323.2,26.0622
86,24,302.025,24.2853
86,29,289.178,0
86,32,83.9837,7.20357
86,33,218.428,8.16675
86,34,424.212,30.5578
86,35,174.151,2.89537
86,44,405.848,34.6577
86,48,223.618,0
86,49,128.25,6.87052
86,51,233.032,0
86,52,391.493,30.6257
86,53,153.639,0
86,55,181.479,12.9956
86,63,13,0
86,64,198.494,0
86,67,285.377,0
86,69,295.143,8.00145
86,70,214.173,15.4148
86,71,399.795,34.246
86,73,185.425,3.82798
86,84,255.721,0
86,87,118.234,5.1561
86,88,229.584,0
86,91,295.869,25.3705
87,2,474.909,34.822
87,3,241.423,0
87,5,263.894,0
87,6,228.443,0
87,7,274.305,3.98251
87,12,231.366,0
87,13,231.89,0
87,14,234.053,0
87,18,219.495,0
87,22,227.106,19.0099
87,24,164.17,0.539985
87,27,260.384,9.42077
87,32,199.962,13.8411
87,33,157.85,12.2164
87,34,419.4,33.3342
87,35,276.277,6.89083
87,37,315.948,26.7679
87,48,124.615,0
87,49,79.4796,0
87,51,257.158,0
87,52,439.23,36.0877
87,53,250.077,3.96066
87,55,272.004,23.3056
87,63,113.795,7.41221
87,64,228.6,0
87,68,235.919,0
87,70,257.257,0
87,73,286.369,6.92206
87,84,268.516,0
87,86,118.234,5.1561
87,88,272.406,0
87,91,167.992,12.5994
88,5,51.6236,0
88,6,241.448,0
88,7,139.014,0
88,12,95.8175,0
88,14,87.2812,0
88,17,141.767,0
88,29,73.9797,0
88,30,148.219,0
88,31,207.099,0
88,32,262.774,9.65808
88,33,246.148,0
88,35,152.329,0
88,43,154.806,0
88,51,46.0977,0
88,53,133.364,0
88,58,126.669,0
88,63,229.934,1.82391
88,64,48.2597,0
88,65,191.51,0
88,67,157.877,0
88,69,254.892,0
88,73,157.003,0
88,84,75.591,0
88,86,229.584,0
88,87,272.406,0
88,94,201.626,0
88,95,235.553,0
88,99,254.201,0
89,8,262.992,0
89,21,278.002,0
89,23,297.774,24.9227
89,38,407.55,34.6696
89,42,225.948,14.1732
89,54,182.003,0
89,80,223.081,0
89,92,124.278,0
90,7,211.986,0
90,12,267.556,0
90,14,273.029,0
90,20,214.835,18.2285
90,31,247.008,0
90,32,360.929,28.7736
90,35,205.244,0
90,44,47.0425,0
90,53,231.043,0
90,56,253.996,0
90,67,205.002,0
90,69,83.9345,0
90,70,332.02,22.3202
90,72,165.952,0
90,73,196.115,0
90,76,163.878,0
90,81,221.808,9.68248
90,94,178.084,0
90,95,161.4,0
91,3,210.801,0
91,6,229.749,15.055
91,13,154.548,0
91,18,156.237,0
91,22,83.451,6.25882
91,24,165.711,0
91,27,230.95,0
91,32,368.527,31.3186
91,33,149.474,12.0523
91,37,129.283,0
91,48,81.3941,0
91,49,176.398,7.8004
91,51,384.32,30.162
91,55,347.83,25.9965
91,63,287.378,24.5576
91,64,364.021,29.2437
91,68,202.272,0
91,84,374.838,27.8401
91,86,295.869,25.3705
91,87,167.992,12.5994
92,4,440.525,37.1233
92,8,198.04,0
92,21,200.863,0
92,23,230.894,15.0011
92,25,253.569,0
92,41,234.785,0
92,42,192.795,13.982
92,54,106.301,0
92,75,279.33,0
92,80,215.407,0
92,89,124.278,0
93,10,101.98,0
93,11,191.696,13.8833
93,16,377.786,29.9198
93,26,168.656,0
93,28,430.443,29.9409
93,46,270.897,0
93,57,227.466,0
93,60,213.122,0
93,61,127.035,0
93,62,245.254,10.4889
93,66,213.284,0
93,71,293.769,16.2554
93,75,170.141,0
93,77,95.1553,7.98484
93,78,28.6007,0
93,85,130.05,0
93,96,139.316,0
94,5,252.4,0
94,7,140.228,0
94,12,177.088,0
94,14,176.977,0
94,17,257.955,0
94,29,253.527,0
94,30,234.691,0
94,31,75.9276,0
94,32,324.414,16.6665
94,35,148.084,0
94,43,273.562,0
94,44,190.602,0
94,51,247.685,0
94,53,163.783,0
94,58,237.306,0
94,64,240.208,0
94,65,178.732,0
94,67,43.8634,0
94,69,108.908,0
94,73,139.359,0
94,84,275.182,0
94,88,201.626,0
94,90,178.084,0
94,95,33.9411,0
95,5,286.262,0
95,7,167.093,0
95,12,208,0
95,14,208.483,0
95,17,286.435,0
95,29,286.419,0
95,30,261.396,0
95,31,85.7263,0
95,35,173.046,0
95,44,181.706,0
95,51,281.603,0
95,53,191.23,0
95,58,266.101,0
95,64,274,0
95,65,197,0
95,67,77.7946,0
95,69,105.551,0
95,73,163.6,0
95,76,301.135,0
95,88,235.553,0
95,90,161.4,0
95,94,33.9411,0
96,10,144.087,0
96,11,236.515,15.5282
96,16,315.544,16.9042
96,26,69.3397,0
96,36,236.62,0
96,41,281.784,0
96,57,88.6002,0
96,60,129.653,0
96,61,101.533,0
96,62,204.793,0
96,66,80.0812,0
96,75,165.315,0
96,77,233.099,18.5212
96,78,111.198,0
96,85,78,0
96,93,139.316,0
97,4,380.071,32.2415
97,10,265.452,0
97,15,104.413,8.33616
97,19,408.751,31.2078
97,21,229.456,0
97,23,291.581,3.17764
97,39,272.245,22.7317
97,40,96.0747,5.28009
97,45,394.666,33.4128
97,46,61.9839,0
97,47,67.1789,0
97,50,131.883,11.2461
97,56,439.858,31.4275
97,59,95.5059,7.91344
97,74,272.686,22.9683
97,75,257.257,0
97,79,207.359,17.7885
97,82,319.543,26.7895
97,83,209.382,17.9531
98,2,234.316,19.2467
98,3,229.02,0
98,11,329.861,24.1876
98,16,153.734,0
98,24,272.312,18.1038
98,27,182.464,0
98,28,159.102,11.0697
98,34,185.604,15.9089
98,49,401.939,34.4519
98,52,324.589,23.2834
98,55,420.045,27.1507
98,62,239.253,0
98,68,238.002,0
98,71,435.091,26.2973
99,5,254.521,0
99,17,119.231,0
99,29,207.077,0
99,30,106.042,0
99,31,242.528,0
99,43,113.053,0
99,51,261.176,0
99,58,128.798,0
99,64,291.385,0
99,65,129.653,0
99,67,286.895,0
99,84,253.061,0
99,88,254.201,0
