0,3,124.085,0
0,7,120,0
0,17,176.502,0
0,45,128.561,0
0,54,213.636,15.8363
0,81,119.403,0
0,87,8.544,0
0,93,181.363,11.7454
1,4,124.884,7.48174
1,6,26.9072,0
1,9,91.041,7.74281
1,12,83.3676,7.1458
1,13,148.924,12.7554
1,14,54.0625,4.26955
1,15,122.589,0
1,18,213.983,18.2891
1,26,121.849,8.36492
1,31,162.449,7.85374
1,36,206.877,17.195
1,43,171.34,14.5785
1,46,165.053,14.1444
1,48,163.024,13.9805
1,49,89.5545,0
1,50,214.145,16.6436
1,51,148.014,9.67026
1,72,184.736,14.6271
1,75,190.636,16.1839
1,77,72.5843,5.89855
1,88,187.488,15.6807
1,91,269.935,22.5852
1,98,31.241,0
2,10,95.8593,0
2,12,271.385,22.3282
2,18,170.074,0
2,26,236.744,18.6347
2,31,177.882,0
2,33,76.2955,0
2,35,53.0754,0
2,36,158.769,11.3934
2,46,176.614,14.9109
2,48,181.25,15.3967
2,65,85.9069,0
2,66,142.088,0
2,68,63.6553,0
2,99,111.427,0
3,0,124.085,0
3,7,101.769,0
3,17,72.2496,0
3,20,176.046,13.8455
3,39,254.975,21.4387
3,45,76.922,0
3,54,133.82,7.00185
3,61,236.875,19.8948
3,74,150.433,11.8175
3,81,27.4591,0
3,87,116.103,0
3,92,238.464,20.0265
3,93,86.5681,0.636242
3,96,219.253,16.2477
4,1,124.884,7.48174
4,6,102.59,3.35096
4,9,132.548,0
4,12,62.8013,0
4,14,97.6166,0
4,15,171.19,13.0537
4,26,39.8246,0
4,31,37.6431,0
4,36,163.153,13.9323
4,46,128.425,0
4,48,127.914,0
4,49,214.544,18.4048
4,51,167.547,0
4,65,106.513,0
4,68,141.891,0
4,72,172.409,0
4,77,125.495,0
4,95,97.5756,0
4,98,100.05,2.89032
5,8,229.34,6.93539
5,25,25.0599,0
5,29,141.347,10.328
5,30,177.2,0
5,34,153.688,0
5,38,294.558,21.44
5,41,230.816,2.89574
5,42,308.577,11.2698
5,69,81.2158,0
5,76,65.2993,0
5,78,36.8782,0
5,79,197.235,11.4147
5,84,255.749,15.7675
5,85,302.451,1.71153
5,91,325.021,9.98054
5,94,261.705,21.5432
6,1,26.9072,0
6,4,102.59,3.35096
6,9,104.231,8.91307
6,12,56.6343,4.06413
6,13,176.131,14.9539
6,14,56.5743,4.75597
6,15,118.828,0
6,18,199.426,17.0727
6,26,96.4444,4.08498
6,31,140.238,3.43696
6,36,178.282,15.2909
6,43,196.84,16.8743
6,46,136.21,10.3864
6,48,135.294,10.556
6,49,114.612,0
6,50,232.138,17.4103
6,51,156.077,9.96386
6,65,188.894,7.29031
6,72,175.95,14.2986
6,75,196.008,16.4281
6,77,90.1246,6.95698
6,88,209.694,17.9014
6,95,189.648,3.83631
6,98,4.47214,0
7,0,120,0
7,3,101.769,0
7,16,126.036,0
7,17,131.364,11.2565
7,24,171.493,0
7,45,167.475,0
7,54,235.424,19.4588
7,71,182.025,0
7,74,213.577,17.6386
7,81,74.9466,0
7,87,117.273,0
7,92,242.625,19.91
7,93,77.2155,5.79117
8,5,229.34,6.93539
8,25,242.744,10.2575
8,28,147.513,0
8,29,80.2309,0
8,30,328.807,6.87991
8,34,97.9848,5.54682
8,38,67.0671,0
8,41,41.2311,0
8,55,170.426,0
8,56,87,0
8,69,265.804,6.20547
8,76,244.99,6.20675
8,78,264.711,7.59541
8,79,113.406,0
8,84,76.1577,0
8,91,184.365,14.3469
8,94,51.5461,0
9,1,91.041,7.74281
9,4,132.548,0
9,6,104.231,8.91307
9,12,112.805,0
9,13,89.6772,0
9,14,41.2311,0
9,15,208.871,14.0084
9,26,144.931,0
9,31,165.68,0
9,43,122.016,0
9,44,180.189,0
9,48,239.525,19.7504
9,49,92.0772,7.17485
9,50,195.325,12.2161
9,51,57.9396,0
9,57,161.471,0
9,58,142.425,0
9,70,164.842,0
9,77,19.6977,0
9,88,148.492,0
9,98,106.143,9.05115
10,2,95.8593,0
10,18,129.252,0
10,28,151.344,0
10,33,24.2074,0
10,35,129.035,0
10,36,154.594,10.8319
10,46,132.095,0
10,48,134.06,0
10,55,101.134,0
10,65,187.91,8.80531
10,66,64.405,0
10,68,156.285,0
10,72,156.016,0
11,13,252.151,17.8481
11,17,250.32,16.9912
11,20,230.021,18.0697
11,22,280.321,0
11,23,299.115,10.8184
11,24,180.1,14.9796
11,27,202.04,0
11,32,52.4976,0
11,43,276.021,17.7574
11,44,283.31,4.0984
11,51,267.044,22.2
11,58,118.353,1.56866
11,59,196.448,1.00207
11,60,270.803,22.24
11,61,247.548,19.6308
11,71,185.632,15.3307
11,73,72.111,0
11,74,154.41,12.4266
11,80,29.5296,0
11,86,211.48,8.91804
11,89,276.216,22.722
11,92,130.816,10.8432
11,96,50.4496,4.32778
12,1,83.3676,7.1458
12,2,271.385,22.3282
12,4,62.8013,0
12,6,56.6343,4.06413
12,9,112.805,0
12,13,233.566,20.0296
12,14,71.5891,0
12,15,107.361,9.11282
12,18,134.536,0
12,26,42.5441,0
12,31,98.0051,0
12,36,118.072,10.0526
12,46,81.3941,0
12,48,80.0625,0
12,49,171.835,10.9386
12,50,264.654,22.3798
12,51,164.049,0
12,65,137.518,4.93389
12,68,195.517,13.9662
12,72,112.681,0
12,75,144.807,0
12,77,97.7394,0
12,95,159.063,0
12,98,53.2506,3.67107
13,1,148.924,12.7554
13,6,176.131,14.9539
13,9,89.6772,0
13,11,252.151,17.8481
13,12,233.566,20.0296
13,14,111.364,0
13,15,187.046,16.0353
13,22,114.532,4.68541
13,23,115.624,0
13,27,238.561,16.8436
13,32,255.599,17.123
13,43,35.4683,0
13,44,90.6091,0
13,49,69.5493,1.11918
13,50,130.193,10.3085
13,51,118.106,0
13,58,111.15,6.3367
13,72,180.898,0
13,73,224.038,19.0891
13,75,160.125,0
13,77,86.0349,0
13,80,281.259,18.5895
13,88,66.242,0
13,91,288.75,21.8509
13,98,180.741,15.2619
14,1,54.0625,4.26955
14,4,97.6166,0
14,6,56.5743,4.75597
14,9,41.2311,0
14,12,71.5891,0
14,13,111.364,0
14,15,174.853,6.77797
14,18,260.442,22.2932
14,26,104.809,0
14,31,133.454,0
14,36,189.247,12.8023
14,43,137.361,0
14,46,144.534,0
14,48,142.706,0
14,49,114.659,6.06564
14,50,245.2,20.3453
14,51,94.6414,0
14,57,180.48,0
14,58,180.069,0
14,70,180.48,0
14,72,236.158,18.8469
14,75,246.155,20.5664
14,77,28.4253,0
14,88,158.146,0
14,95,167.2,0
14,98,57.7363,4.9125
15,1,122.589,0
15,4,171.19,13.0537
15,6,118.828,0
15,9,208.871,14.0084
15,12,107.361,9.11282
15,13,187.046,16.0353
15,14,174.853,6.77797
15,18,93.4846,2.46966
15,26,137.259,10.0191
15,28,155.585,9.20168
15,31,204.087,13.3215
15,36,154.483,13.2414
15,43,165.717,11.6345
15,46,85.6764,4.02381
15,48,83.4485,4.00975
15,49,138.708,0
15,50,153.578,13.0778
15,55,172.357,2.08653
15,65,248.387,21.1578
15,66,167.276,2.44098
15,72,62.1358,2.01566
15,75,77.1297,1.57877
15,77,189.016,8.91075
15,88,156.611,8.32963
15,91,167.464,13.2908
15,98,117.593,0
16,7,126.036,0
16,17,132.766,3.20479
16,24,72.9178,0
16,53,177.539,0
16,60,149.482,0
16,71,87.7268,0
16,74,179.675,15.4094
16,81,173.477,4.1576
16,86,149.807,0
16,92,118.145,7.07796
16,93,121.702,6.79355
16,96,201.092,14.0792
17,0,176.502,0
17,3,72.2496,0
17,7,131.364,11.2565
17,11,250.32,16.9912
17,16,132.766,3.20479
17,20,135.279,4.49219
17,24,177.042,15.1873
17,27,210.007,14.323
17,32,226.898,17.2561
17,45,171.511,10.3504
17,54,188.307,15.8756
17,61,191.979,8.8115
17,71,194.146,16.1361
17,73,288.591,16.8282
17,74,102.321,1.72015
17,80,217.78,16.4731
17,81,59.4811,0
17,87,170,0
17,92,175.836,1.47262
17,93,61.4747,4.77647
17,96,201.368,12.6469
18,1,213.983,18.2891
18,2,170.074,0
18,6,199.426,17.0727
18,10,129.252,0
18,12,134.536,0
18,14,260.442,22.2932
18,15,93.4846,2.46966
18,26,153.395,0
18,28,61.0328,0
18,33,121.211,0
18,36,123.093,8.06433
18,38,157.471,0
18,41,177.023,0
18,46,66.2193,0
18,48,65.8027,0
18,49,211.787,18.0345
18,50,212.426,18.2231
18,55,80.1124,0
18,56,177.882,0
18,66,77.3175,0
18,72,31.257,0
18,75,92.7099,7.94251
18,84,136.62,0
18,91,160.859,13.7487
18,98,196.289,16.7658
19,21,83.8153,0
19,37,64.846,0
19,40,105.233,0
19,47,43.9582,3.62322
19,52,36.4005,0
19,53,87.2067,0
19,57,145.715,0
19,59,137.615,0
19,60,112.294,0
19,62,88.1419,0
19,63,142.077,0
19,64,164.354,11.7196
19,70,158.862,0
19,83,78.1804,3.57722
19,86,139.129,0
19,89,54.7449,0
19,90,50.2494,0
19,97,31.1448,0
20,3,176.046,13.8455
20,11,230.021,18.0697
20,17,135.279,4.49219
20,22,175.325,12.4785
20,23,150.791,0
20,27,91.7724,2.49637
20,32,183.221,15.2684
20,39,72.4017,0
20,42,161.112,0
20,44,206.238,16.5697
20,45,195.008,14.0948
20,54,114.491,7.00589
20,58,292.845,21.3467
20,61,48.1664,0
20,67,132.201,0
20,73,272.812,22.6919
20,74,177.89,15.2477
20,80,181.03,14.3675
20,81,156.357,9.53303
20,82,147.801,0
20,85,180.011,0
20,92,244.523,20.8773
20,93,178.583,4.3903
20,96,140.684,0
21,19,83.8153,0
21,37,144.423,0
21,40,190.374,5.74601
21,47,106.599,5.75544
21,51,174.413,0
21,52,67.6018,0
21,53,169.853,0
21,57,77.8845,0
21,59,176.638,0
21,62,182.013,7.59745
21,63,63.2851,0
21,70,86.5794,0
21,83,120.017,0
21,89,118.701,0
21,90,63.0079,0
21,97,73.2462,0
22,11,280.321,0
22,13,114.532,4.68541
22,20,175.325,12.4785
22,23,22.6716,0
22,27,127.634,0.50243
22,30,206.812,16.5394
22,32,244.393,0
22,39,137.754,3.18755
22,42,93.4719,0
22,43,80.2562,0.581311
22,44,16.2788,0
22,49,162.15,1.17448
22,50,147.478,11.3285
22,58,226.381,2.89819
22,61,129.085,8.15507
22,67,157.623,0
22,73,338.024,0
22,80,297.113,0
22,82,167.012,0
22,85,100,0
22,88,74.0608,0
22,96,315.796,7.65965
23,11,299.115,10.8184
23,13,115.624,0
23,20,150.791,0
23,22,22.6716,0
23,27,138.043,7.97749
23,30,184.144,15.4166
23,32,262.121,10.3981
23,39,127.201,0
23,42,73.0548,0
23,43,85.7263,0
23,44,26.4764,0
23,49,165.729,0.548721
23,50,139.919,11.3148
23,58,245.355,12.1533
23,61,111.4,0
23,67,145.344,0
23,80,316.12,10.5462
23,82,153.183,0
23,85,77.9359,0
23,88,72.0069,0
23,91,214.185,15.3061
24,7,171.493,0
24,11,180.1,14.9796
24,16,72.9178,0
24,17,177.042,15.1873
24,32,177.189,11.2497
24,37,144.156,0
24,53,133.015,0
24,59,154.545,8.97975
24,60,100.18,0
24,71,14.8661,0
24,73,178.492,15.116
24,74,151.598,11.4906
24,80,125.228,0.51316
24,81,235.014,18.9459
24,86,80.0562,0
24,89,160.153,0
24,92,55.7884,2.47948
24,93,148.564,6.79769
24,96,105.342,0
25,5,25.0599,0
25,8,242.744,10.2575
25,29,152.047,11.737
25,30,182.439,0
25,34,178.617,0
25,41,255.779,2.89025
25,42,308.662,11.2553
25,69,88.8144,0
25,76,78,0
25,78,16.1245,0
25,79,207.216,13.0879
25,84,280.628,16.3105
25,85,304.362,1.80399
26,1,121.849,8.36492
26,2,236.744,18.6347
26,4,39.8246,0
26,6,96.4444,4.08498
26,9,144.931,0
26,12,42.5441,0
26,14,104.809,0
26,15,137.259,10.0191
26,18,153.395,0
26,31,64.195,0
26,33,260.11,22.0116
26,36,123.011,8.02134
26,46,96.9936,3.38056
26,48,89.3085,0
26,49,212.969,17.971
26,65,87.367,0
26,68,121.709,0
26,72,138.322,0
26,75,177.722,0
26,77,132.925,0
26,95,134.302,0
26,98,93.0284,3.5238
27,11,202.04,0
27,13,238.561,16.8436
27,17,210.007,14.323
27,20,91.7724,2.49637
27,22,127.634,0.50243
27,23,138.043,7.97749
27,32,152.971,0
27,39,109.081,2.38157
27,42,144.087,7.77133
27,43,204.92,16.3194
27,44,148.043,4.15781
27,50,279.845,22.3627
27,54,203.84,16.9126
27,58,213.146,1.45933
27,61,74.6268,2.33848
27,67,157.39,2.54908
27,73,272.007,0
27,74,237.89,16.4665
27,80,207.933,0
27,82,171.019,2.60168
27,85,161.7,9.1469
27,88,207.851,16.8857
27,92,276.571,20.5869
27,96,215.137,7.91392
28,8,147.513,0
28,10,151.344,0
28,15,155.585,9.20168
28,18,61.0328,0
28,33,152.817,0
28,34,194.379,14.9194
28,36,183.848,9.22313
28,38,97.9081,0
28,41,118,0
28,46,127.201,0
28,48,126.827,0
28,50,196.265,16.0025
28,55,59.5063,0
28,56,122.577,0
28,66,87.1149,0
28,72,79.6492,0
28,75,84.5237,4.43807
28,84,78.2304,0
28,91,92.7124,4.96674
28,94,151.476,0
29,5,141.347,10.328
29,8,80.2309,0
29,25,152.047,11.737
29,34,144.642,12.3419
29,38,142.285,0
29,41,144.112,10.9487
29,56,149.265,0
29,69,215.297,18.426
29,76,194.565,16.677
29,78,168.082,13.7567
29,79,56.0892,0
29,84,154.042,0
29,94,101.242,0
30,5,177.2,0
30,8,328.807,6.87991
30,22,206.812,16.5394
30,23,184.144,15.4166
30,25,182.439,0
30,34,230.868,0
30,39,237.447,19.6403
30,41,272.715,8.21768
30,42,139.099,8.67233
30,44,205.497,16.4123
30,50,224.532,18.022
30,67,201.156,17.2474
30,69,96.0208,0
30,76,114.612,0
30,78,172.905,0
30,82,193.42,16.5918
30,84,302.783,5.4691
30,85,127.513,1.55304
30,88,203.465,15.9552
30,91,254.408,9.98946
31,1,162.449,7.85374
31,2,177.882,0
31,4,37.6431,0
31,6,140.238,3.43696
31,9,165.68,0
31,12,98.0051,0
31,14,133.454,0
31,15,204.087,13.3215
31,26,64.195,0
31,36,183.833,15.7208
31,46,181.634,11.8943
31,48,171.219,8.36901
31,65,93.9042,0
31,68,127.035,0
31,77,160.655,0
31,95,73.5527,0
31,98,137.684,2.95892
32,11,52.4976,0
32,13,255.599,17.123
32,17,226.898,17.2561
32,20,183.221,15.2684
32,22,244.393,0
32,23,262.121,10.3981
32,24,177.189,11.2497
32,27,152.971,0
32,39,232.483,19.7499
32,43,267.865,16.5974
32,44,252.23,3.87238
32,54,278.036,22.6656
32,58,135.989,1.30656
32,59,248.743,1.01101
32,61,195.007,16.535
32,71,165.642,10.9404
32,73,124.595,0
32,74,155.296,11.377
32,80,55.3173,0
32,86,257.406,10.0645
32,88,284.019,20.5556
32,92,164.416,13.2889
32,96,71.6783,5.22027
33,2,76.2955,0
33,10,24.2074,0
33,18,121.211,0
33,26,260.11,22.0116
33,28,152.817,0
33,35,116.103,0
33,36,135.356,10.9326
33,46,113.442,0
33,48,115.525,0
33,55,109.444,0
33,65,168.848,10.2268
33,66,69.6419,0
33,68,134.183,0
33,72,145.014,0
33,99,180.878,0
34,5,153.688,0
34,8,97.9848,5.54682
34,25,178.617,0
34,28,194.379,14.9194
34,29,144.642,12.3419
34,30,230.868,0
34,38,141.174,11.7262
34,41,77.1144,2.61008
34,56,173.522,13.5842
34,69,169.941,0
34,75,256.657,21.8852
34,76,150.586,0
34,78,189.621,0
34,79,199.726,16.6766
34,84,107.032,9.17898
34,85,347.443,1.96244
34,91,194.844,14.1306
34,94,148.74,12.7003
35,2,53.0754,0
35,10,129.035,0
35,33,116.103,0
35,36,210.849,18.0869
35,65,114.039,0
35,68,80.3057,0
35,99,65.123,0
36,1,206.877,17.195
36,2,158.769,11.3934
36,4,163.153,13.9323
36,6,178.282,15.2909
36,10,154.594,10.8319
36,12,118.072,10.0526
36,14,189.247,12.8023
36,15,154.483,13.2414
36,18,123.093,8.06433
36,26,123.011,8.02134
36,28,183.848,9.22313
36,31,183.833,15.7208
36,33,135.356,10.9326
36,35,210.849,18.0869
36,46,62.1915,5.13532
36,48,65.148,5.32665
36,49,282.737,19.1984
36,55,178.119,9.3918
36,65,139.66,8.73028
36,66,147.849,9.15199
36,68,160.495,12.2593
36,72,123.346,8.27125
36,75,202.959,17.0241
36,77,237.718,19.3876
36,98,172.933,14.828
37,19,64.846,0
37,21,144.423,0
37,24,144.156,0
37,40,100.005,0
37,47,92.3266,4.02629
37,52,80,0
37,53,29.1204,0
37,59,107.168,0
37,60,47.5079,0
37,62,79.3095,0
37,64,145.916,0.657168
37,71,136.938,0
37,73,219.843,18.7113
37,83,107.49,0
37,86,84.2021,0
37,89,38.2099,0
37,90,113.225,0
37,92,181.072,1.95558
37,97,92.72,0
38,5,294.558,21.44
38,8,67.0671,0
38,18,157.471,0
38,28,97.9081,0
38,29,142.285,0
38,34,141.174,11.7262
38,41,66.2873,0
38,55,106.005,0
38,56,37,0
38,66,146.031,0
38,72,177.409,0
38,75,161.028,0
38,76,289.715,21.5954
38,79,159.765,0
38,84,61.0737,0
38,91,141.744,4.82978
38,94,53.7122,0
39,3,254.975,21.4387
39,20,72.4017,0
39,22,137.754,3.18755
39,23,127.201,0
39,27,109.081,2.38157
39,30,237.447,19.6403
39,32,232.483,19.7499
39,42,105.304,0
39,44,146.373,0
39,45,152.633,2.58912
39,54,126.371,9.24886
39,61,37.3363,0
39,67,60.208,0
39,82,75.8222,0
39,85,124.619,0
40,19,105.233,0
40,21,190.374,5.74601
40,37,100.005,0
40,47,85.9526,0.505459
40,52,141.028,0
40,53,102.926,6.39391
40,60,118.068,0
40,62,20.8087,0
40,64,47.927,0
40,83,76.423,4.25491
40,86,190.899,6.65349
40,89,129.294,0
40,90,118.106,0
40,97,118.141,5.82645
41,5,230.816,2.89574
41,8,41.2311,0
41,18,177.023,0
41,25,255.779,2.89025
41,28,118,0
41,29,144.112,10.9487
41,30,272.715,8.21768
41,34,77.1144,2.61008
41,38,66.2873,0
41,50,276.653,22.3781
41,55,152.856,0
41,56,99.1615,0
41,69,223.034,9.48204
41,75,175.381,9.24746
41,76,210.947,7.58748
41,78,267.795,2.41091
41,79,153.808,0
41,84,40.4475,0
41,91,148.661,12.7423
41,94,81.6149,0
42,5,308.577,11.2698
42,20,161.112,0
42,22,93.4719,0
42,23,73.0548,0
42,25,308.662,11.2553
42,27,144.087,7.77133
42,30,139.099,8.67233
42,39,105.304,0
42,43,151.003,0
42,44,99.3277,0
42,50,176.577,13.2931
42,61,113.018,0
42,67,91.4002,0
42,69,230.247,10.3821
42,76,250.962,10.4755
42,78,295.59,11.343
42,82,93.4773,0
42,85,19.4165,0
42,88,127.577,0
42,91,200.918,9.96217
43,1,171.34,14.5785
43,6,196.84,16.8743
43,9,122.016,0
43,11,276.021,17.7574
43,13,35.4683,0
43,14,137.361,0
43,15,165.717,11.6345
43,22,80.2562,0.581311
43,23,85.7263,0
43,27,204.92,16.3194
43,32,267.865,16.5974
43,42,151.003,0
43,44,63.5295,0
43,49,81.914,0.593319
43,50,100.576,8.54828
43,51,153.574,0
43,58,150.74,12.6169
43,72,174.614,0
43,73,299.067,20.0168
43,75,145.169,0
43,77,115.117,0
43,80,304.121,17.945
43,85,148.098,0
43,88,31.4006,0
43,91,256.695,17.823
43,98,200.247,17.1559
44,9,180.189,0
44,11,283.31,4.0984
44,13,90.6091,0
44,20,206.238,16.5697
44,22,16.2788,0
44,23,26.4764,0
44,27,148.043,4.15781
44,30,205.497,16.4123
44,32,252.23,3.87238
44,39,146.373,0
44,42,99.3277,0
44,43,63.5295,0
44,49,145.234,0.580859
44,50,132.082,10.6177
44,58,199.052,11.4643
44,61,142.837,7.53453
44,67,170,0
44,73,334.5,4.99102
44,77,176.114,0
44,80,302.723,4.00348
44,82,178.55,0
44,85,102.883,0
44,88,57.9828,0
44,91,259.066,22.0113
44,96,322.941,11.0484
45,0,128.561,0
45,3,76.922,0
45,7,167.475,0
45,17,171.511,10.3504
45,20,195.008,14.0948
45,39,152.633,2.58912
45,54,81.6545,6.59517
45,61,199.408,16.2203
45,81,101.514,0
45,87,120.337,0
45,93,163.536,1.17601
46,1,165.053,14.1444
46,2,176.614,14.9109
46,4,128.425,0
46,6,136.21,10.3864
46,10,132.095,0
46,12,81.3941,0
46,14,144.534,0
46,15,85.6764,4.02381
46,18,66.2193,0
46,26,96.9936,3.38056
46,28,127.201,0
46,31,181.634,11.8943
46,33,113.442,0
46,36,62.1915,5.13532
46,48,2.23607,0
46,49,222.819,17.6203
46,50,210.067,12.7948
46,55,132.322,0
46,65,200.96,14.2093
46,66,109.932,0
46,68,222.335,17.4606
46,72,61.6117,0
46,75,140.743,11.0655
46,77,231.038,19.8033
46,91,229.843,19.622
46,98,131.285,9.57269
47,19,43.9582,3.62322
47,21,106.599,5.75544
47,37,92.3266,4.02629
47,40,85.9526,0.505459
47,52,78.6227,4.838
47,53,106.07,3.9089
47,57,180.03,6.81931
47,59,178.417,4.22567
47,60,137.093,4.30183
47,62,74.6952,1.06517
47,63,169.161,6.06097
47,64,131.061,9.73801
47,70,191.603,6.88247
47,83,38.4422,0.599368
47,86,173.821,4.27324
47,89,93.4585,3.86181
47,90,49.0623,4.08853
47,97,32.509,2.31813
48,1,163.024,13.9805
48,2,181.25,15.3967
48,4,127.914,0
48,6,135.294,10.556
48,9,239.525,19.7504
48,10,134.06,0
48,12,80.0625,0
48,14,142.706,0
48,15,83.4485,4.00975
48,18,65.8027,0
48,26,89.3085,0
48,28,126.827,0
48,31,171.219,8.36901
48,33,115.525,0
48,36,65.148,5.32665
48,46,2.23607,0
48,49,221.598,17.1994
48,50,207.902,12.7219
48,55,132.966,0
48,65,202.506,14.451
48,66,111.14,0
48,68,224.386,17.7086
48,72,60.208,0
48,75,137.953,10.7352
48,77,230.069,19.736
48,91,229.348,19.622
48,98,129.381,9.52324
49,1,89.5545,0
49,4,214.544,18.4048
49,6,114.612,0
49,9,92.0772,7.17485
49,12,171.835,10.9386
49,13,69.5493,1.11918
49,14,114.659,6.06564
49,15,138.708,0
49,18,211.787,18.0345
49,22,162.15,1.17448
49,23,165.729,0.548721
49,26,212.969,17.971
49,36,282.737,19.1984
49,43,81.914,0.593319
49,44,145.234,0.580859
49,46,222.819,17.6203
49,48,221.598,17.1994
49,50,126.553,10.1589
49,51,141.418,6.61677
49,58,160.925,1.01817
49,72,180.533,15.3145
49,75,125.949,4.29158
49,77,77.5525,6.65022
49,88,96.6425,0.513936
49,91,196.245,14.7756
49,98,118.338,0
50,1,214.145,16.6436
50,6,232.138,17.4103
50,9,195.325,12.2161
50,12,264.654,22.3798
50,13,130.193,10.3085
50,14,245.2,20.3453
50,15,153.578,13.0778
50,18,212.426,18.2231
50,22,147.478,11.3285
50,23,139.919,11.3148
50,27,279.845,22.3627
50,28,196.265,16.0025
50,30,224.532,18.022
50,41,276.653,22.3781
50,42,176.577,13.2931
50,43,100.576,8.54828
50,44,132.082,10.6177
50,46,210.067,12.7948
50,48,207.902,12.7219
50,49,126.553,10.1589
50,69,299.329,20.0358
50,72,159.92,12.2638
50,75,123.027,10.4853
50,77,179.975,11.6431
50,84,230.483,19.4096
50,85,165.957,13.1712
50,88,76.1423,6.07257
50,91,154.679,4.56417
50,98,235.27,17.3932
51,1,148.014,9.67026
51,4,167.547,0
51,6,156.077,9.96386
51,9,57.9396,0
51,11,267.044,22.2
51,12,164.049,0
51,13,118.106,0
51,14,94.6414,0
51,21,174.413,0
51,43,153.574,0
51,49,141.418,6.61677
51,52,164.128,0
51,57,117.652,0
51,58,126.625,0
51,59,140.524,2.04762
51,63,147.122,0
51,70,125.172,0
51,73,231.786,19.8235
51,77,77.6209,0
51,89,175.414,0
51,98,157.797,9.97842
52,19,36.4005,0
52,21,67.6018,0
52,37,80,0
52,40,141.028,0
52,47,78.6227,4.838
52,51,164.128,0
52,53,107.703,0
52,57,114.49,0
52,59,118.377,0
52,60,125.16,0
52,62,123.102,0
52,63,115.935,0
52,64,201.361,12.6979
52,70,128.693,0
52,73,242.685,20.2237
52,83,117.16,5.74396
52,86,135.359,0
52,89,51.1077,0
52,90,67.082,0
52,97,55.9017,0
53,16,177.539,0
53,19,87.2067,0
53,21,169.853,0
53,24,133.015,0
53,37,29.1204,0
53,40,102.926,6.39391
53,47,106.07,3.9089
53,52,107.703,0
53,59,125.782,0
53,60,33.2415,0
53,62,85.251,6.34417
53,64,150.959,7.10128
53,71,128.561,0
53,73,231.461,19.4654
53,83,113.111,0
53,86,89.0505,0
53,89,67.082,0
53,90,137.199,2.7125
53,92,176.267,1.98954
53,97,111.018,0
54,0,213.636,15.8363
54,3,133.82,7.00185
54,7,235.424,19.4588
54,17,188.307,15.8756
54,20,114.491,7.00589
54,27,203.84,16.9126
54,32,278.036,22.6656
54,39,126.371,9.24886
54,45,81.6545,6.59517
54,61,131.116,10.5343
54,67,171.46,9.82936
54,74,221.975,18.8686
54,81,163.304,12.5784
54,82,185.388,10.0641
54,87,205.068,15.5599
54,93,218.787,18.7405
55,8,170.426,0
55,10,101.134,0
55,15,172.357,2.08653
55,18,80.1124,0
55,28,59.5063,0
55,33,109.444,0
55,36,178.119,9.3918
55,38,106.005,0
55,41,152.856,0
55,46,132.322,0
55,48,132.966,0
55,56,112.606,0
55,66,40.1995,0
55,72,110.386,0
55,75,158.244,11.9549
55,84,119.202,0
55,91,151.799,5.20735
55,94,155.364,0
56,8,87,0
56,18,177.882,0
56,28,122.577,0
56,29,149.265,0
56,34,173.522,13.5842
56,38,37,0
56,41,99.1615,0
56,55,112.606,0
56,66,149.907,0
56,79,163.282,4.68128
56,84,98.0459,0
56,91,177.166,4.83225
56,94,48.2701,0
57,9,161.471,0
57,14,180.48,0
57,19,145.715,0
57,21,77.8845,0
57,47,180.03,6.81931
57,51,117.652,0
57,52,114.49,0
57,59,179.234,0
57,63,29.5466,0
57,70,15.5563,0
57,77,178.664,0
57,89,157.099,0
57,90,139.743,0
57,95,159.201,0
57,97,146.031,0
58,9,142.425,0
58,11,118.353,1.56866
58,13,111.15,6.3367
58,14,180.069,0
58,20,292.845,21.3467
58,22,226.381,2.89819
58,23,245.355,12.1533
58,27,213.146,1.45933
58,32,135.989,1.30656
58,43,150.74,12.6169
58,44,199.052,11.4643
58,49,160.925,1.01817
58,51,126.625,0
58,59,197.062,4.89773
58,61,285.114,21.0592
58,71,293.077,18.8124
58,73,128.909,2.75074
58,74,276.846,16.0153
58,77,151.727,0
58,80,147.834,1.59375
58,86,260.828,13.0313
58,88,191.573,16.3661
58,92,263.379,17.3152
58,96,165.695,9.73459
59,11,196.448,1.00207
59,19,137.615,0
59,21,176.638,0
59,24,154.545,8.97975
59,32,248.743,1.01101
59,37,107.168,0
59,47,178.417,4.22567
59,51,140.524,2.04762
59,52,118.377,0
59,53,125.782,0
59,57,179.234,0
59,58,197.062,4.89773
59,60,109.636,0
59,71,155.055,12.6081
59,73,124.249,1.44308
59,74,295.642,13.653
59,80,201.594,3.27407
59,86,60.208,0
59,89,85.235,0
59,92,213.696,15.7611
59,96,198.422,7.88521
59,97,167.631,0
60,11,270.803,22.24
60,16,149.482,0
60,19,112.294,0
60,24,100.18,0
60,37,47.5079,0
60,40,118.068,0
60,47,137.093,4.30183
60,52,125.16,0
60,53,33.2415,0
60,59,109.636,0
60,62,114.176,5.97672
60,64,169.274,1.62636
60,71,95.3362,0
60,73,206.584,17.7199
60,80,249.728,21.3963
60,83,146.003,0
60,86,61.7171,0
60,89,76.6094,0
60,90,159.891,0
60,92,143.147,1.98482
60,96,220.484,18.439
60,97,139.284,0
61,3,236.875,19.8948
61,11,247.548,19.6308
61,17,191.979,8.8115
61,20,48.1664,0
61,22,129.085,8.15507
61,23,111.4,0
61,27,74.6268,2.33848
61,32,195.007,16.535
61,39,37.3363,0
61,42,113.018,0
61,44,142.837,7.53453
61,45,199.408,16.2203
61,54,131.116,10.5343
61,58,285.114,21.0592
61,67,94.8103,0
61,74,201.54,14.6082
61,80,240.133,19.5866
61,81,223.085,16.1332
61,82,110.114,0
61,85,132.015,0
61,88,181.838,0
61,96,183.092,8.70894
62,19,88.1419,0
62,21,182.013,7.59745
62,37,79.3095,0
62,40,20.8087,0
62,47,74.6952,1.06517
62,52,123.102,0
62,53,85.251,6.34417
62,60,114.176,5.97672
62,64,66.5733,0
62,83,63.2456,0
62,86,169.995,5.91876
62,89,108.674,0
62,90,108.046,0
62,97,108.599,6.70759
63,19,142.077,0
63,21,63.2851,0
63,47,169.161,6.06097
63,51,147.122,0
63,52,115.935,0
63,57,29.5466,0
63,70,28.0179,0
63,89,163.6,0
63,90,126.099,0
63,95,165.873,0
63,97,136.132,0
64,19,164.354,11.7196
64,37,145.916,0.657168
64,40,47.927,0
64,47,131.061,9.73801
64,52,201.361,12.6979
64,53,150.959,7.10128
64,60,169.274,1.62636
64,62,66.5733,0
64,83,85.1311,5.3346
64,89,180.919,5.34537
64,90,142.004,5.84514
64,97,135.818,5.88037
65,2,85.9069,0
65,4,106.513,0
65,6,188.894,7.29031
65,10,187.91,8.80531
65,12,137.518,4.93389
65,15,248.387,21.1578
65,26,87.367,0
65,31,93.9042,0
65,33,168.848,10.2268
65,35,114.039,0
65,36,139.66,8.73028
65,46,200.96,14.2093
65,48,202.506,14.451
65,68,35.4401,0
65,95,158.405,0
65,98,186.786,7.30087
65,99,136.191,0
66,2,142.088,0
66,10,64.405,0
66,15,167.276,2.44098
66,18,77.3175,0
66,28,87.1149,0
66,33,69.6419,0
66,36,147.849,9.15199
66,38,146.031,0
66,46,109.932,0
66,48,111.14,0
66,55,40.1995,0
66,56,149.907,0
66,72,108.042,0
66,75,165.882,11.0588
66,84,156.668,0
66,91,177.878,5.4319
67,20,132.201,0
67,22,157.623,0
67,23,145.344,0
67,27,157.39,2.54908
67,30,201.156,17.2474
67,39,60.208,0
67,42,91.4002,0
67,44,170,0
67,54,171.46,9.82936
67,61,94.8103,0
67,69,250.182,21.4297
67,82,15.6205,0
67,85,106.794,0
68,2,63.6553,0
68,4,141.891,0
68,10,156.285,0
68,12,195.517,13.9662
68,26,121.709,0
68,31,127.035,0
68,33,134.183,0
68,35,80.3057,0
68,36,160.495,12.2593
68,46,222.335,17.4606
68,48,224.386,17.7086
68,65,35.4401,0
68,99,102.078,0
69,5,81.2158,0
69,8,265.804,6.20547
69,25,88.8144,0
69,29,215.297,18.426
69,30,96.0208,0
69,34,169.941,0
69,41,223.034,9.48204
69,42,230.247,10.3821
69,50,299.329,20.0358
69,67,250.182,21.4297
69,76,22,0
69,78,82.2922,0
69,82,235.802,20.1939
69,84,279.383,5.94481
69,85,222.122,1.65685
69,91,281.539,9.56399
70,9,164.842,0
70,14,180.48,0
70,19,158.862,0
70,21,86.5794,0
70,47,191.603,6.88247
70,51,125.172,0
70,52,128.693,0
70,57,15.5563,0
70,63,28.0179,0
70,77,181.11,0
70,89,172.261,0
70,90,149.405,0
70,95,145.784,0
70,97,157.204,0
71,7,182.025,0
71,11,185.632,15.3307
71,16,87.7268,0
71,17,194.146,16.1361
71,24,14.8661,0
71,32,165.642,10.9404
71,37,136.938,0
71,53,128.561,0
71,58,293.077,18.8124
71,59,155.055,12.6081
71,60,95.3362,0
71,73,164.115,13.3271
71,74,146.351,11.427
71,80,129.219,7.19436
71,86,67.424,0
71,89,150.053,0
71,92,50.5593,2.02785
71,93,157.425,6.99668
71,96,94.3716,0
72,1,184.736,14.6271
72,4,172.409,0
72,6,175.95,14.2986
72,10,156.016,0
72,12,112.681,0
72,13,180.898,0
72,14,236.158,18.8469
72,15,62.1358,2.01566
72,18,31.257,0
72,26,138.322,0
72,28,79.6492,0
72,33,145.014,0
72,36,123.346,8.27125
72,38,177.409,0
72,43,174.614,0
72,46,61.6117,0
72,48,60.208,0
72,49,180.533,15.3145
72,50,159.92,12.2638
72,55,110.386,0
72,66,108.042,0
72,75,80.4984,5.69181
72,77,251.383,20.3434
72,84,156.186,4.41378
72,88,188.856,9.72231
72,91,170.119,12.3428
72,98,173.191,14.1995
73,11,72.111,0
73,13,224.038,19.0891
73,17,288.591,16.8282
73,20,272.812,22.6919
73,22,338.024,0
73,24,178.492,15.116
73,27,272.007,0
73,32,124.595,0
73,37,219.843,18.7113
73,43,299.067,20.0168
73,44,334.5,4.99102
73,51,231.786,19.8235
73,52,242.685,20.2237
73,53,231.461,19.4654
73,58,128.909,2.75074
73,59,124.249,1.44308
73,60,206.584,17.7199
73,71,164.115,13.3271
73,74,188.51,13.1334
73,80,78.0232,1.80541
73,86,145,8.82353
73,89,203.918,17.4719
73,92,155.75,11.6012
73,96,81.257,5.88711
74,3,150.433,11.8175
74,7,213.577,17.6386
74,11,154.41,12.4266
74,16,179.675,15.4094
74,17,102.321,1.72015
74,20,177.89,15.2477
74,24,151.598,11.4906
74,27,237.89,16.4665
74,32,155.296,11.377
74,54,221.975,18.8686
74,58,276.846,16.0153
74,59,295.642,13.653
74,61,201.54,14.6082
74,71,146.351,11.427
74,73,188.51,13.1334
74,80,123.286,10.5412
74,81,145.31,11.8633
74,86,189.043,15.8334
74,92,94.8683,0
74,93,136.502,11.5737
74,96,100.471,8.31256
75,1,190.636,16.1839
75,6,196.008,16.4281
75,12,144.807,0
75,13,160.125,0
75,14,246.155,20.5664
75,15,77.1297,1.57877
75,18,92.7099,7.94251
75,26,177.722,0
75,28,84.5237,4.43807
75,34,256.657,21.8852
75,36,202.959,17.0241
75,38,161.028,0
75,41,175.381,9.24746
75,43,145.169,0
75,46,140.743,11.0655
75,48,137.953,10.7352
75,49,125.949,4.29158
75,50,123.027,10.4853
75,55,158.244,11.9549
75,66,165.882,11.0588
75,72,80.4984,5.69181
75,77,232.562,19.8913
75,84,116.499,0
75,88,181.587,15.5581
75,91,91.0523,7.32624
75,98,195.07,16.3916
76,5,65.2993,0
76,8,244.99,6.20675
76,25,78,0
76,29,194.565,16.677
76,30,114.612,0
76,34,150.586,0
76,38,289.715,21.5954
76,41,210.947,7.58748
76,42,250.962,10.4755
76,69,22,0
76,78,75.3127,0
76,82,256.596,21.7856
76,84,263.869,6.66784
76,85,241.738,1.62542
76,91,277.227,9.80358
76,94,295.911,20.963
77,1,72.5843,5.89855
77,4,125.495,0
77,6,90.1246,6.95698
77,9,19.6977,0
77,12,97.7394,0
77,13,86.0349,0
77,14,28.4253,0
77,15,189.016,8.91075
77,26,132.925,0
77,31,160.655,0
77,36,237.718,19.3876
77,43,115.117,0
77,44,176.114,0
77,46,231.038,19.8033
77,48,230.069,19.736
77,49,77.5525,6.65022
77,50,179.975,11.6431
77,51,77.6209,0
77,57,178.664,0
77,58,151.727,0
77,70,181.11,0
77,72,251.383,20.3434
77,75,232.562,19.8913
77,88,139.032,0
77,98,93.2135,7.21993
78,5,36.8782,0
78,8,264.711,7.59541
78,25,16.1245,0
78,29,168.082,13.7567
78,30,172.905,0
78,34,189.621,0
78,41,267.795,2.41091
78,42,295.59,11.343
78,69,82.2922,0
78,76,75.3127,0
78,82,234.058,19.055
78,84,297.482,14.4202
78,85,292.645,1.85157
79,5,197.235,11.4147
79,8,113.406,0
79,25,207.216,13.0879
79,29,56.0892,0
79,34,199.726,16.6766
79,38,159.765,0
79,41,153.808,0
79,56,163.282,4.68128
79,94,107.87,0
80,11,29.5296,0
80,13,281.259,18.5895
80,17,217.78,16.4731
80,20,181.03,14.3675
80,22,297.113,0
80,23,316.12,10.5462
80,24,125.228,0.51316
80,27,207.933,0
80,32,55.3173,0
80,43,304.121,17.945
80,44,302.723,4.00348
80,58,147.834,1.59375
80,59,201.594,3.27407
80,60,249.728,21.3963
80,61,240.133,19.5866
80,71,129.219,7.19436
80,73,78.0232,1.80541
80,74,123.286,10.5412
80,86,192.984,12.0481
80,92,108.12,8.39752
80,93,258.533,22.0665
80,96,23.4135,0.921029
81,0,119.403,0
81,3,27.4591,0
81,7,74.9466,0
81,16,173.477,4.1576
81,17,59.4811,0
81,20,156.357,9.53303
81,24,235.014,18.9459
81,45,101.514,0
81,54,163.304,12.5784
81,61,223.085,16.1332
81,74,145.31,11.8633
81,87,112.33,0
81,92,216.395,18.4391
81,93,62.023,1.12435
81,96,234.61,19.7064
82,20,147.801,0
82,22,167.012,0
82,23,153.183,0
82,27,171.019,2.60168
82,30,193.42,16.5918
82,39,75.8222,0
82,42,93.4773,0
82,44,178.55,0
82,54,185.388,10.0641
82,61,110.114,0
82,67,15.6205,0
82,69,235.802,20.1939
82,76,256.596,21.7856
82,78,234.058,19.055
82,85,106.832,0
83,19,78.1804,3.57722
83,21,120.017,0
83,37,107.49,0
83,40,76.423,4.25491
83,47,38.4422,0.599368
83,52,117.16,5.74396
83,53,113.111,0
83,60,146.003,0
83,62,63.2456,0
83,64,85.1311,5.3346
83,89,117.992,0
83,90,57.0789,0
83,97,51.5461,0
84,5,255.749,15.7675
84,8,76.1577,0
84,18,136.62,0
84,25,280.628,16.3105
84,28,78.2304,0
84,29,154.042,0
84,30,302.783,5.4691
84,34,107.032,9.17898
84,38,61.0737,0
84,41,40.4475,0
84,50,230.483,19.4096
84,55,119.202,0
84,56,98.0459,0
84,66,156.668,0
84,69,279.383,5.94481
84,72,156.186,4.41378
84,75,116.499,0
84,76,263.869,6.66784
84,78,297.482,14.4202
84,91,84.3214,4.46694
84,94,100.344,0
85,5,302.451,1.71153
85,20,180.011,0
85,22,100,0
85,23,77.9359,0
85,25,304.362,1.80399
85,27,161.7,9.1469
85,30,127.513,1.55304
85,34,347.443,1.96244
85,39,124.619,0
85,42,19.4165,0
85,43,148.098,0
85,44,102.883,0
85,50,165.957,13.1712
85,61,132.015,0
85,67,106.794,0
85,69,222.122,1.65685
85,76,241.738,1.62542
85,78,292.645,1.85157
85,82,106.832,0
85,88,122.004,0
85,91,182.56,9.61757
86,11,211.48,8.91804
86,16,149.807,0
86,19,139.129,0
86,24,80.0562,0
86,32,257.406,10.0645
86,37,84.2021,0
86,40,190.899,6.65349
86,47,173.821,4.27324
86,52,135.359,0
86,53,89.0505,0
86,58,260.828,13.0313
86,59,60.208,0
86,60,61.7171,0
86,62,169.995,5.91876
86,71,67.424,0
86,73,145,8.82353
86,74,189.043,15.8334
86,80,192.984,12.0481
86,89,86.3134,0
86,92,102.76,2.41109
86,96,174.093,12.3304
86,97,170.026,0
87,0,8.544,0
87,3,116.103,0
87,7,117.273,0
87,17,170,0
87,45,120.337,0
87,54,205.068,15.5599
87,81,112.33,0
87,93,168.001,8.82117
88,1,187.488,15.6807
88,6,209.694,17.9014
88,9,148.492,0
88,13,66.242,0
88,14,158.146,0
88,15,156.611,8.32963
88,22,74.0608,0
88,23,72.0069,0
88,27,207.851,16.8857
88,30,203.465,15.9552
88,32,284.019,20.5556
88,42,127.577,0
88,43,31.4006,0
88,44,57.9828,0
88,49,96.6425,0.513936
88,50,76.1423,6.07257
88,58,191.573,16.3661
88,61,181.838,0
88,72,188.856,9.72231
88,75,181.587,15.5581
88,77,139.032,0
88,85,122.004,0
88,91,227.907,12.5156
88,98,212.641,18.1744
89,11,276.216,22.722
89,19,54.7449,0
89,21,118.701,0
89,24,160.153,0
89,37,38.2099,0
89,40,129.294,0
89,47,93.4585,3.86181
89,51,175.414,0
89,52,51.1077,0
89,53,67.082,0
89,57,157.099,0
89,59,85.235,0
89,60,76.6094,0
89,62,108.674,0
89,63,163.6,0
89,64,180.919,5.34537
89,70,172.261,0
89,71,150.053,0
89,73,203.918,17.4719
89,83,117.992,0
89,86,86.3134,0
89,90,104.077,0
89,97,85.8429,0
90,19,50.2494,0
90,21,63.0079,0
90,37,113.225,0
90,40,118.106,0
90,47,49.0623,4.08853
90,52,67.082,0
90,53,137.199,2.7125
90,57,139.743,0
90,60,159.891,0
90,62,108.046,0
90,63,126.099,0
90,64,142.004,5.84514
90,70,149.405,0
90,83,57.0789,0
90,89,104.077,0
90,97,20.6155,0
91,1,269.935,22.5852
91,5,325.021,9.98054
91,8,184.365,14.3469
91,13,288.75,21.8509
91,15,167.464,13.2908
91,18,160.859,13.7487
91,23,214.185,15.3061
91,28,92.7124,4.96674
91,30,254.408,9.98946
91,34,194.844,14.1306
91,38,141.744,4.82978
91,41,148.661,12.7423
91,42,200.918,9.96217
91,43,256.695,17.823
91,44,259.066,22.0113
91,46,229.843,19.622
91,48,229.348,19.622
91,49,196.245,14.7756
91,50,154.679,4.56417
91,55,151.799,5.20735
91,56,177.166,4.83225
91,66,177.878,5.4319
91,69,281.539,9.56399
91,72,170.119,12.3428
91,75,91.0523,7.32624
91,76,277.227,9.80358
91,84,84.3214,4.46694
91,85,182.56,9.61757
91,88,227.907,12.5156
91,94,184.657,4.88393
92,3,238.464,20.0265
92,7,242.625,19.91
92,11,130.816,10.8432
92,16,118.145,7.07796
92,17,175.836,1.47262
92,20,244.523,20.8773
92,24,55.7884,2.47948
92,27,276.571,20.5869
92,32,164.416,13.2889
92,37,181.072,1.95558
92,53,176.267,1.98954
92,58,263.379,17.3152
92,59,213.696,15.7611
92,60,143.147,1.98482
92,71,50.5593,2.02785
92,73,155.75,11.6012
92,74,94.8683,0
92,80,108.12,8.39752
92,81,216.395,18.4391
92,86,102.76,2.41109
92,93,183.886,13.4362
92,96,91,7.80469
93,0,181.363,11.7454
93,3,86.5681,0.636242
93,7,77.2155,5.79117
93,16,121.702,6.79355
93,17,61.4747,4.77647
93,20,178.583,4.3903
93,24,148.564,6.79769
93,45,163.536,1.17601
93,54,218.787,18.7405
93,71,157.425,6.99668
93,74,136.502,11.5737
93,80,258.533,22.0665
93,81,62.023,1.12435
93,87,168.001,8.82117
93,92,183.886,13.4362
93,96,236.971,19.8462
94,5,261.705,21.5432
94,8,51.5461,0
94,28,151.476,0
94,29,101.242,0
94,34,148.74,12.7003
94,38,53.7122,0
94,41,81.6149,0
94,55,155.364,0
94,56,48.2701,0
94,76,295.911,20.963
94,79,107.87,0
94,84,100.344,0
94,91,184.657,4.88393
95,4,97.5756,0
95,6,189.648,3.83631
95,12,159.063,0
95,14,167.2,0
95,26,134.302,0
95,31,73.5527,0
95,57,159.201,0
95,63,165.873,0
95,65,158.405,0
95,70,145.784,0
95,98,186.828,2.9129
96,3,219.253,16.2477
96,11,50.4496,4.32778
96,16,201.092,14.0792
96,17,201.368,12.6469
96,20,140.684,0
96,22,315.796,7.65965
96,24,105.342,0
96,27,215.137,7.91392
96,32,71.6783,5.22027
96,44,322.941,11.0484
96,58,165.695,9.73459
96,59,198.422,7.88521
96,60,220.484,18.439
96,61,183.092,8.70894
96,71,94.3716,0
96,73,81.257,5.88711
96,74,100.471,8.31256
96,80,23.4135,0.921029
96,81,234.61,19.7064
96,86,174.093,12.3304
96,92,91,7.80469
96,93,236.971,19.8462
97,19,31.1448,0
97,21,73.2462,0
97,37,92.72,0
97,40,118.141,5.82645
97,47,32.509,2.31813
97,52,55.9017,0
97,53,111.018,0
97,57,146.031,0
97,59,167.631,0
97,60,139.284,0
97,62,108.599,6.70759
97,63,136.132,0
97,64,135.818,5.88037
97,70,157.204,0
97,83,51.5461,0
97,86,170.026,0
97,89,85.8429,0
97,90,20.6155,0
98,1,31.241,0
98,4,100.05,2.89032
98,6,4.47214,0
98,9,106.143,9.05115
98,12,53.2506,3.67107
98,13,180.741,15.2619
98,14,57.7363,4.9125
98,15,117.593,0
98,18,196.289,16.7658
98,26,93.0284,3.5238
98,31,137.684,2.95892
98,36,172.933,14.828
98,43,200.247,17.1559
98,46,131.285,9.57269
98,48,129.381,9.52324
98,49,118.338,0
98,50,235.27,17.3932
98,51,157.797,9.97842
98,65,186.786,7.30087
98,72,173.191,14.1995
98,75,195.07,16.3916
98,77,93.2135,7.21993
98,88,212.641,18.1744
98,95,186.828,2.9129
99,2,111.427,0
99,33,180.878,0
99,35,65.123,0
99,65,136.191,0
99,68,102.078,0
