0,11,216.453,0
0,15,213.621,0
0,34,271.561,15.9342
0,35,145.574,1.64002
0,59,90.4379,4.01946
0,69,66.4254,1.54892
0,80,204.338,2.9847
1,5,92.7518,5.58197
1,7,92.4342,7.20267
1,10,249.894,15.6807
1,12,220.023,11.6841
1,19,211.16,15.1358
1,21,139.99,5.72686
1,22,237.278,5.73981
1,27,174.431,12.984
1,31,211.882,6.15031
1,49,238.291,14.8102
1,54,185.571,6.01109
1,62,227.737,10.1216
1,68,92.6587,6.91084
1,71,181.398,6.9398
1,75,75.628,6.00222
1,76,211.011,6.12502
1,79,212.258,10.7629
1,94,165.02,12.79
2,6,236.39,13.8861
2,11,152.643,0
2,14,101.833,0
2,15,148.6,0
2,17,173.289,0
2,25,194.659,0
2,26,69.9214,0
2,35,231.311,0
2,39,99.7246,0
2,42,30.4138,0
2,46,178.212,12.5544
2,53,266.322,14.911
2,56,61.6847,0
2,57,138.771,10.7989
2,60,274.44,22.4134
2,61,388.214,25.3235
2,64,79.7057,0
2,67,361.462,21.7168
2,80,220.204,0
2,81,299.328,24.944
2,87,224.704,15.293
2,90,216.038,13.2659
2,91,86.9253,0
2,93,210.602,0
2,96,311.523,24.0289
2,98,210.642,0
3,9,129.035,0
3,30,196.987,0
3,32,226.636,0
3,36,108.407,0
3,38,216.363,0
3,40,98.1275,0
3,47,96.4261,0
3,48,154.253,0
3,51,215.407,0
3,55,58.8558,0
3,58,192.938,0
3,72,86.6833,0
3,82,107.541,0
3,85,160.552,0
3,86,230.489,0
3,92,216.456,0
3,95,205.061,0
4,28,106.677,0
4,29,217.651,12.186
4,44,230.512,0
4,58,144.059,0
4,61,247.234,18.9763
4,63,108.724,0
4,66,164.212,3.10003
4,67,232.103,17.5808
4,70,255.164,17.1396
4,82,210.459,0
4,83,222.563,13.7145
4,85,218.057,0
4,92,146.986,0
4,95,105.991,0
5,1,92.7518,5.58197
5,7,165.287,12.1199
5,10,232.49,19.7316
5,12,229.621,4.40106
5,19,157.618,7.36683
5,20,263.653,19.0454
5,21,57.2189,0
5,22,146.492,0
5,25,212.174,0
5,27,244.396,12.51
5,31,130.05,0
5,41,239.761,14.319
5,45,272.345,20.575
5,49,156.85,0
5,54,98.6813,0
5,62,200.25,0
5,68,171.944,13.5971
5,71,194.676,16.5179
5,75,150.43,6.77547
5,76,129.711,0
5,79,201.547,0
5,94,120.685,9.21017
6,2,236.39,13.8861
6,11,93.7395,0.633134
6,14,155.467,0
6,15,127.273,2.51132
6,23,47.0744,0
6,26,135.015,0
6,34,39.0128,0
6,35,200.247,6.99072
6,42,229.14,0
6,46,57.2189,0
6,53,28.0179,0
6,56,221.944,10.5648
6,59,227.607,0
6,69,209.038,0
6,90,44.2832,0
6,91,122.589,0
7,1,92.4342,7.20267
7,5,165.287,12.1199
7,10,242.069,5.7332
7,12,173.538,5.56028
7,19,274,18.6344
7,21,225.301,15.7224
7,27,82.1523,0
7,54,268.723,16.099
7,62,214.12,7.64852
7,68,5.83095,0
7,71,237.484,8.27714
7,75,53.7401,0
7,79,177.605,4.80956
7,84,227.059,11.0789
7,94,250.435,20.9507
8,16,153.522,0
8,30,229.715,0
8,32,45.8803,0
8,37,184.548,0
8,38,163.835,0
8,40,170,0
8,43,21.095,0
8,48,141.792,0
8,51,48.7545,0
8,72,186.304,0
8,86,45.6946,0
8,99,107.201,0
9,3,129.035,0
9,18,204.824,0
9,20,201.241,0
9,30,78.2432,0
9,32,208.677,0
9,36,81.3019,0
9,37,184.74,0
9,38,129.619,0
9,40,156.208,0
9,41,216.973,3.07948
9,43,234.307,0
9,45,228.178,0
9,47,86.5563,0
9,48,112.588,0
9,51,217.61,0
9,55,71.3442,0
9,58,190.717,0
9,65,198.237,0
9,72,97.8366,0
9,74,200.205,0
9,82,134.063,0
9,85,120.354,0
9,86,209.774,0
9,88,188.112,0
9,89,141.152,0
9,92,198.436,0
9,95,228.989,0
9,97,197.041,0
10,1,249.894,15.6807
10,5,232.49,19.7316
10,7,242.069,5.7332
10,12,173.833,0
10,20,53.1507,0
10,21,254.195,19.8444
10,22,268.74,22.3657
10,30,184.978,0
10,37,163.267,0
10,38,202.781,0
10,41,186.711,14.9375
10,45,47.2017,0
10,50,125.196,0
10,54,264.37,20.4327
10,62,95.3415,0
10,65,270.344,18.4812
10,73,226.318,0
10,74,98.27,0
10,79,136.605,0
10,88,70.0071,0
10,89,114.425,0
10,97,97.1288,0
11,0,216.453,0
11,2,152.643,0
11,6,93.7395,0.633134
11,14,71.0634,0
11,15,29.6985,0
11,17,151.819,0
11,23,146.578,4.79759
11,26,87,0
11,34,130.401,2.68376
11,35,112.004,0
11,42,170.309,0
11,46,64.7611,0
11,53,125.464,4.71352
11,56,177.129,0.632539
11,59,173.922,0
11,64,222.83,0
11,69,165.605,0
11,80,147.139,0
11,90,111.414,0
11,91,67.9412,0
11,93,207.251,0
12,1,220.023,11.6841
12,5,229.621,4.40106
12,7,173.538,5.56028
12,10,173.833,0
12,13,94.1913,0
12,20,217.221,0
12,27,168.122,0
12,33,169.838,0
12,45,181.4,0
12,50,100.717,0
12,62,84.4038,0
12,68,180.535,6.11054
12,73,148.6,0
12,74,209.468,0
12,75,226.015,5.14116
12,79,37.4833,0
12,84,141.149,6.16699
12,88,223.215,0
12,97,212.047,0
13,12,94.1913,0
13,27,214.618,0
13,33,132.095,0
13,50,141.676,0
13,62,156.78,0
13,73,113.111,0
13,79,122.642,0
13,84,94.0213,0
14,2,101.833,0
14,6,155.467,0
14,11,71.0634,0
14,15,53.1413,0
14,17,102.474,0
14,23,201.896,0
14,26,63.5059,0
14,34,200.059,4.02663
14,35,129.541,0
14,39,200.002,0
14,42,110.259,0
14,46,108.407,0
14,53,184.4,1.56177
14,56,146.031,0
14,57,236.36,20.2623
14,59,201.695,0
14,60,218.151,9.92851
14,64,180.602,0
14,69,203.039,0
14,80,128.062,0
14,90,159.928,0
14,91,53.3104,0
14,93,155.206,0
14,98,185.311,0
15,0,213.621,0
15,2,148.6,0
15,6,127.273,2.51132
15,11,29.6985,0
15,14,53.1413,0
15,17,122.413,0
15,23,165.052,0
15,26,91.2414,0
15,34,153.323,0
15,35,93.1719,0
15,42,161.447,0
15,46,91.3893,0
15,53,146.341,1.1701
15,56,181.728,0
15,57,289.727,23.5708
15,59,161.137,0
15,64,223.958,0
15,69,157.547,0
15,80,119.231,0
15,90,140.132,0
15,91,73.0068,0
15,93,177.8,0
15,98,220.336,0
16,8,153.522,0
16,32,166.066,0
16,33,126.254,0
16,37,160.901,0
16,38,195.921,0
16,43,164.985,0
16,48,230.972,0
16,50,202.625,0
16,51,193.313,0
16,73,146.113,0
16,74,206.344,0
16,86,160.963,0
16,97,209.745,0
16,99,226.002,0
17,2,173.289,0
17,11,151.819,0
17,14,102.474,0
17,15,122.413,0
17,24,205.029,11.4539
17,26,163.273,0
17,35,120.507,0
17,42,163.248,0
17,46,206.303,0
17,56,231.262,0
17,57,234.625,19.3589
17,59,181.246,0
17,60,169.186,7.56006
17,69,196.743,0
17,80,65.215,0
17,81,312.892,26.5643
17,91,155.631,0
17,93,55.4437,0
17,96,238.103,14.1728
17,98,104.235,0
18,9,204.824,0
18,22,241.563,9.80755
18,25,222.079,14.2297
18,28,277.585,21.4276
18,30,234.062,0
18,36,176.695,0
18,39,249.199,21.2563
18,41,197.493,15.1585
18,47,188.661,0
18,58,149.003,0
18,61,110.963,9.21683
18,63,142.667,0
18,64,263.192,22.5662
18,65,74.3303,0
18,67,246.221,16.4148
18,82,196.474,0
18,83,89.6031,3.50549
18,85,127.264,0
18,87,133.489,11.245
18,92,123.685,0
18,95,193.373,0
19,1,211.16,15.1358
19,5,157.618,7.36683
19,7,274,18.6344
19,21,102.201,0
19,22,169.047,0
19,25,202.773,0
19,31,100.499,0
19,49,63.3336,5.21622
19,54,112.805,0
19,68,260.065,15.1109
19,71,16.1245,0
19,75,205.022,5.7315
19,76,98.5089,0
19,94,45.618,0
20,5,263.653,19.0454
20,9,201.241,0
20,10,53.1507,0
20,12,217.221,0
20,21,318.121,26.9282
20,22,237.776,10.8797
20,30,132.242,0
20,37,129.495,0
20,38,157.178,0
20,41,149.169,9.41145
20,45,41.4367,0
20,48,223.379,0
20,50,148.246,0
20,54,282.344,19.1402
20,62,133.735,0
20,65,195.489,0
20,74,69.7711,0
20,79,179.805,0
20,88,21.6333,0
20,89,61.4003,0
20,97,66.7308,0
21,1,139.99,5.72686
21,5,57.2189,0
21,7,225.301,15.7224
21,10,254.195,19.8444
21,19,102.201,0
21,20,318.121,26.9282
21,22,104.01,0
21,25,164.146,0
21,31,73.2462,0
21,41,192.003,0
21,49,106.677,0
21,54,45.607,0
21,68,230.106,17.1072
21,71,109.659,0
21,75,193.273,8.00486
21,76,72.7805,0
21,94,65.146,0
22,1,237.278,5.73981
22,5,146.492,0
22,10,268.74,22.3657
22,18,241.563,9.80755
22,19,169.047,0
22,20,237.776,10.8797
22,21,104.01,0
22,25,67.7791,0
22,31,70.406,0
22,39,181.177,0
22,41,119,0
22,49,145.279,0
22,54,62.6259,0
22,56,200.002,0
22,64,197.952,0
22,65,253.328,18.6739
22,71,183.044,0
22,76,72.3671,0
22,87,175.054,7.20554
22,88,259.394,11.7119
22,94,153.525,0
23,6,47.0744,0
23,11,146.578,4.79759
23,14,201.896,0
23,15,165.052,0
23,26,181.177,0
23,34,13.0384,0
23,35,215.78,0
23,46,103.121,0
23,53,21.095,0
23,69,224.635,0
23,90,71.5891,0
23,91,169.434,0
24,17,205.029,11.4539
24,28,309.185,26.1168
24,29,174.919,13.0098
24,42,339.68,24.885
24,44,98.7168,0
24,52,77.7946,0
24,57,203.393,17.2729
24,60,89.71,7.5239
24,66,243.671,20.8972
24,67,372.681,26.3892
24,70,122.322,3.04016
24,77,208.01,0
24,78,131.655,0
24,81,138.742,10.3608
24,93,156.868,7.32589
24,96,81.3941,0
24,98,94.9063,6.78098
25,2,194.659,0
25,5,212.174,0
25,18,222.079,14.2297
25,19,202.773,0
25,21,164.146,0
25,22,67.7791,0
25,26,219.993,0
25,31,106.005,0
25,39,113.6,0
25,41,174.72,12.2421
25,42,212.398,0
25,49,168.345,0
25,54,118.794,0
25,56,136.092,0
25,61,348.115,28.1459
25,64,130.173,0
25,65,163.583,8.81029
25,71,218.525,0
25,76,107.782,0
25,83,359.186,28.8236
25,87,121.771,5.9194
25,94,200.689,0
26,2,69.9214,0
26,6,135.015,0
26,11,87,0
26,14,63.5059,0
26,15,91.2414,0
26,17,163.273,0
26,23,181.177,0
26,25,219.993,0
26,34,174.026,0
26,35,182.833,0
26,39,152.899,0
26,42,94.1913,0
26,46,78.0577,0
26,53,163.028,0
26,56,90.5539,0
26,57,211.932,15.6246
26,60,283.431,21.8202
26,64,135.831,0
26,80,191.042,0
26,90,170.471,14.605
26,91,19.105,0
26,93,212.941,0
26,98,232.725,0
27,1,174.431,12.984
27,5,244.396,12.51
27,7,82.1523,0
27,12,168.122,0
27,13,214.618,0
27,62,232.364,0
27,68,82.2982,0
27,75,108.116,0
27,79,190.263,0
27,84,149.723,0
28,4,106.677,0
28,18,277.585,21.4276
28,24,309.185,26.1168
28,29,127.869,10.9021
28,44,169.845,12.6426
28,52,173.612,0
28,57,373.293,12.0737
28,58,182.584,0
28,60,350.646,24.9896
28,61,213.185,17.5758
28,63,115.017,0
28,66,63.2752,3.54269
28,67,165.37,10.8551
28,70,175.026,14.0395
28,77,207.077,0
28,81,233.027,12.292
28,83,208.581,17.3817
28,92,167.012,0
28,95,170.699,0
28,96,285.217,14.4402
29,4,217.651,12.186
29,24,174.919,13.0098
29,28,127.869,10.9021
29,42,393.804,22.0765
29,44,80.5517,6.29804
29,52,119.469,9.86653
29,57,279.552,7.58626
29,60,202.481,16.7194
29,61,367.042,0
29,63,272.294,23.2992
29,66,66.242,0
29,67,240.308,0
29,70,51.264,0
29,77,202.529,12.7781
29,78,221.259,10.5909
29,81,120.416,0
29,83,372.543,0
29,96,159.86,1.06534
29,98,300.124,25.5439
30,3,196.987,0
30,8,229.715,0
30,9,78.2432,0
30,10,184.978,0
30,18,234.062,0
30,20,132.242,0
30,32,185.3,0
30,36,157.29,0
30,37,112.004,0
30,38,72.0069,0
30,40,190.633,0
30,41,197.36,7.20792
30,43,212.758,0
30,45,153.379,0
30,47,164.055,0
30,48,104.623,0
30,51,205.65,0
30,55,138.521,0
30,65,201.296,0
30,72,135.831,0
30,74,122.066,0
30,82,211.436,0
30,85,185.648,0
30,86,184.361,0
30,88,115.741,0
30,89,71.007,0
30,97,118.983,0
31,1,211.882,6.15031
31,5,130.05,0
31,19,100.499,0
31,21,73.2462,0
31,22,70.406,0
31,25,106.005,0
31,39,209.323,0
31,41,187.553,0
31,49,75,0
31,54,36.4005,0
31,56,205.295,0
31,64,221.504,0
31,65,311.11,26.5248
31,71,115.412,0
31,76,2,0
31,87,229.328,7.4632
31,94,94.8736,0
32,3,226.636,0
32,8,45.8803,0
32,9,208.677,0
32,16,166.066,0
32,30,185.3,0
32,37,153.444,0
32,38,122.348,0
32,40,139.014,0
32,43,27.4591,0
32,48,96.1769,0
32,51,34,0
32,55,200.569,0
32,72,145.279,0
32,74,217.706,0
32,86,5.38516,0
32,89,230.794,0
32,97,218.406,0
32,99,146.509,0
33,12,169.838,0
33,13,132.095,0
33,16,126.254,0
33,37,187.043,0
33,45,208.118,0
33,50,117.324,0
33,62,164.624,0
33,73,21.4709,0
33,74,192.442,0
33,79,168.582,0
33,84,226.108,0
33,97,196.563,0
34,0,271.561,15.9342
34,6,39.0128,0
34,11,130.401,2.68376
34,14,200.059,4.02663
34,15,153.323,0
34,23,13.0384,0
34,26,174.026,0
34,35,202.744,0
34,46,96.1873,0
34,53,11,0
34,69,212.398,0
34,90,71.0282,0
34,91,161.375,0
35,0,145.574,1.64002
35,2,231.311,0
35,6,200.247,6.99072
35,11,112.004,0
35,14,129.541,0
35,15,93.1719,0
35,17,120.507,0
35,23,215.78,0
35,26,182.833,0
35,34,202.744,0
35,46,175.73,0
35,53,196.881,0
35,59,72.4707,0
35,69,79.2591,0
35,80,68.6804,0
35,90,216.832,0
35,91,165.424,0
35,93,162.788,0
35,98,222.02,0
36,3,108.407,0
36,9,81.3019,0
36,18,176.695,0
36,30,157.29,0
36,38,210.202,0
36,40,182.913,0
36,47,13.3417,0
36,48,180.006,0
36,55,80.9938,0
36,58,113.864,0
36,61,233.768,5.94335
36,63,179.179,0
36,65,200.489,0
36,72,136.565,0
36,82,55,0
36,83,218.605,2.75636
36,85,55.9017,0
36,89,211.627,0
36,92,127.566,0
36,95,148.385,0
37,8,184.548,0
37,9,184.74,0
37,10,163.267,0
37,16,160.901,0
37,20,129.495,0
37,30,112.004,0
37,32,153.444,0
37,33,187.043,0
37,38,64.4981,0
37,43,176.23,0
37,45,116.362,0
37,48,135.665,0
37,50,152.611,0
37,51,185.723,0
37,55,228.037,0
37,62,179.025,0
37,72,199.462,0
37,73,191.175,0
37,74,65,0
37,79,222.524,0
37,86,149.486,0
37,88,108.577,0
37,89,105.513,0
37,97,66.2873,0
38,3,216.363,0
38,8,163.835,0
38,9,129.619,0
38,10,202.781,0
38,16,195.921,0
38,20,157.178,0
38,30,72.0069,0
38,32,122.348,0
38,36,210.202,0
38,37,64.4981,0
38,40,174.797,0
38,43,149.241,0
38,45,159.812,0
38,47,213.591,0
38,48,73.6817,0
38,50,215.727,0
38,51,148.691,0
38,55,164.83,0
38,72,135.148,0
38,74,112.004,0
38,86,120.241,0
38,88,135.93,0
38,89,108.577,0
38,97,111.113,0
39,2,99.7246,0
39,14,200.002,0
39,18,249.199,21.2563
39,22,181.177,0
39,25,113.6,0
39,26,152.899,0
39,31,209.323,0
39,41,290.323,23.6804
39,42,115.406,3.714
39,46,239.889,12.1803
39,54,229.611,0
39,56,66.888,0
39,57,221.986,18.1167
39,61,288.931,15.0098
39,64,20.3961,0
39,65,231.508,19.0906
39,67,299.376,16.6483
39,76,210.723,0
39,81,384.666,19.5051
39,83,306.286,15.2904
39,87,122.712,10.5097
39,90,314.991,26.6909
39,91,172.003,0
39,96,375.966,26.5359
40,3,98.1275,0
40,8,170,0
40,9,156.208,0
40,30,190.633,0
40,32,139.014,0
40,36,182.913,0
40,38,174.797,0
40,43,150.296,0
40,47,174.771,0
40,48,101.119,0
40,51,121.248,0
40,55,102.728,0
40,72,58.8303,0
40,82,200.445,0
40,86,143.68,0
40,99,218.449,0
41,5,239.761,14.319
41,9,216.973,3.07948
41,10,186.711,14.9375
41,18,197.493,15.1585
41,20,149.169,9.41145
41,21,192.003,0
41,22,119,0
41,25,174.72,12.2421
41,30,197.36,7.20792
41,31,187.553,0
41,39,290.323,23.6804
41,45,188.221,9.9086
41,54,167.693,0
41,65,139.155,8.85823
41,74,217.308,11.0569
41,76,189.41,0
41,85,248.341,11.3497
41,87,274.493,11.1962
41,88,164.432,10.0618
41,89,165.255,11.3314
41,97,213.643,11.0416
42,2,30.4138,0
42,6,229.14,0
42,11,170.309,0
42,14,110.259,0
42,15,161.447,0
42,17,163.248,0
42,24,339.68,24.885
42,25,212.398,0
42,26,94.1913,0
42,29,393.804,22.0765
42,39,115.406,3.714
42,46,172.026,0
42,56,86.5332,0
42,57,108.27,9.20512
42,60,247.741,17.2466
42,61,405.277,12.6452
42,64,94.1551,3.2237
42,67,339.162,16.0146
42,70,375.686,24.4627
42,80,216.585,0
42,81,267.47,20.7063
42,83,425.41,12.2154
42,87,251.588,21.023
42,90,239.736,11.9001
42,91,108.853,0
42,93,194.093,0
42,96,281.004,18.0103
42,98,224.438,14.9626
43,8,21.095,0
43,9,234.307,0
43,16,164.985,0
43,30,212.758,0
43,32,27.4591,0
43,37,176.23,0
43,38,149.241,0
43,40,150.296,0
43,48,121.754,0
43,51,29.8329,0
43,55,221.653,0
43,72,165.215,0
43,86,29,0
43,99,119.503,0
44,4,230.512,0
44,24,98.7168,0
44,28,169.845,12.6426
44,29,80.5517,6.29804
44,52,39.0512,0
44,57,282.145,13.2211
44,60,111.879,0
44,61,441.801,9.72231
44,66,140.012,8.91278
44,67,311.07,9.79166
44,70,33.2031,2.34769
44,77,147.136,0
44,78,147.492,0
44,81,112.973,8.56299
44,93,270.513,15.4319
44,96,70.342,0
44,98,199.139,11.4849
45,5,272.345,20.575
45,9,228.178,0
45,10,47.2017,0
45,12,181.4,0
45,20,41.4367,0
45,30,153.379,0
45,33,208.118,0
45,37,116.362,0
45,38,159.812,0
45,41,188.221,9.9086
45,48,231.424,0
45,50,106.93,0
45,62,97.0052,0
45,73,199.7,0
45,74,51.4296,0
45,79,144.516,0
45,88,41.8688,0
45,89,87.983,0
45,97,50.6952,0
46,2,178.212,12.5544
46,6,57.2189,0
46,11,64.7611,0
46,14,108.407,0
46,15,91.3893,0
46,17,206.303,0
46,23,103.121,0
46,26,78.0577,0
46,34,96.1873,0
46,35,175.73,0
46,39,239.889,12.1803
46,42,172.026,0
46,53,85.2115,0
46,56,172.966,11.3099
46,59,232.94,0
46,64,210.908,5.78672
46,69,243.13,10.1673
46,80,210.618,0
46,90,51.6624,0
46,91,67.1863,0
47,3,96.4261,0
47,9,86.5563,0
47,18,188.661,0
47,30,164.055,0
47,36,13.3417,0
47,38,213.591,0
47,40,174.771,0
47,48,178.885,0
47,55,74.5252,0
47,58,116.004,0
47,61,243.268,6.1009
47,63,183.208,0
47,65,213.771,0
47,72,131.24,0
47,82,47.5079,0
47,83,227.733,2.82872
47,85,65.215,0
47,89,220.907,0
47,92,132.382,0
47,95,146.751,0
48,3,154.253,0
48,8,141.792,0
48,9,112.588,0
48,16,230.972,0
48,20,223.379,0
48,30,104.623,0
48,32,96.1769,0
48,36,180.006,0
48,37,135.665,0
48,38,73.6817,0
48,40,101.119,0
48,43,121.754,0
48,45,231.424,0
48,47,178.885,0
48,51,106.892,0
48,55,113.217,0
48,72,67.9412,0
48,74,185.219,0
48,82,221.163,0
48,85,229.079,0
48,86,97.5141,0
48,88,203.18,0
48,89,167.141,0
48,97,184.068,0
48,99,232.82,0
49,1,238.291,14.8102
49,5,156.85,0
49,19,63.3336,5.21622
49,21,106.677,0
49,22,145.279,0
49,25,168.345,0
49,31,75,0
49,54,99.2975,0
49,56,325.111,27.8901
49,71,84.6077,7.14812
49,75,252.655,10.3359
49,76,73.0821,0
49,90,230.003,11.3433
49,94,72.4431,0
50,10,125.196,0
50,12,100.717,0
50,13,141.676,0
50,16,202.625,0
50,20,148.246,0
50,33,117.324,0
50,37,152.611,0
50,38,215.727,0
50,45,106.93,0
50,62,49.679,0
50,73,102.772,0
50,74,117.29,0
50,79,75.505,0
50,84,214.849,0
50,88,145.962,0
50,89,186.679,0
50,97,120.615,0
51,3,215.407,0
51,8,48.7545,0
51,9,217.61,0
51,16,193.313,0
51,30,205.65,0
51,32,34,0
51,37,185.723,0
51,38,148.691,0
51,40,121.248,0
51,43,29.8329,0
51,48,106.892,0
51,55,198.01,0
51,72,141.004,0
51,86,39.0512,0
51,99,126.052,0
52,24,77.7946,0
52,28,173.612,0
52,29,119.469,9.86653
52,44,39.0512,0
52,57,256.325,21.8994
52,60,111.83,0
52,66,170.363,14.6076
52,67,346.023,21.8176
52,70,72.0083,2.72759
52,77,136.499,0
52,78,109.895,0
52,81,135.985,11.5436
52,93,235.735,8.14495
52,96,87.2067,0
52,98,172.774,7.83751
53,2,266.322,14.911
53,6,28.0179,0
53,11,125.464,4.71352
53,14,184.4,1.56177
53,15,146.341,1.1701
53,23,21.095,0
53,26,163.028,0
53,34,11,0
53,35,196.881,0
53,46,85.2115,0
53,56,254.177,13.0031
53,59,231.625,0
53,69,210.447,0
53,90,62.3699,0
53,91,150.403,0
54,1,185.571,6.01109
54,5,98.6813,0
54,7,268.723,16.099
54,10,264.37,20.4327
54,19,112.805,0
54,20,282.344,19.1402
54,21,45.607,0
54,22,62.6259,0
54,25,118.794,0
54,31,36.4005,0
54,39,229.611,0
54,41,167.693,0
54,49,99.2975,0
54,56,233.754,0
54,65,311.773,26.7168
54,68,273.728,17.754
54,71,125.16,0
54,75,239.765,8.62405
54,76,37,0
54,87,236.236,7.57678
54,94,91.4112,0
55,3,58.8558,0
55,9,71.3442,0
55,30,138.521,0
55,32,200.569,0
55,36,80.9938,0
55,37,228.037,0
55,38,164.83,0
55,40,102.728,0
55,43,221.653,0
55,47,74.5252,0
55,48,113.217,0
55,51,198.01,0
55,58,189.518,0
55,72,57.0789,0
55,82,110.168,0
55,85,136.693,0
55,86,203.394,0
55,89,207.504,0
55,92,206.903,0
55,95,214.965,0
56,2,61.6847,0
56,6,221.944,10.5648
56,11,177.129,0.632539
56,14,146.031,0
56,15,181.728,0
56,17,231.262,0
56,22,200.002,0
56,25,136.092,0
56,26,90.5539,0
56,31,205.295,0
56,39,66.888,0
56,42,86.5332,0
56,46,172.966,11.3099
56,49,325.111,27.8901
56,53,254.177,13.0031
56,54,233.754,0
56,57,191.993,13.94
56,61,351.284,28.2367
56,64,55.0818,0
56,67,356.032,27.3669
56,76,206.17,0
56,87,172.966,9.02198
56,90,261.628,20.4735
56,91,109.293,0
57,2,138.771,10.7989
57,14,236.36,20.2623
57,15,289.727,23.5708
57,17,234.625,19.3589
57,24,203.393,17.2729
57,26,211.932,15.6246
57,28,373.293,12.0737
57,29,279.552,7.58626
57,39,221.986,18.1167
57,42,108.27,9.20512
57,44,282.145,13.2211
57,52,256.325,21.8994
57,56,191.993,13.94
57,60,141.041,11.0786
57,61,365.3,0
57,64,177.822,15.1096
57,66,326.497,0
57,67,271.897,0
57,70,267.648,9.34372
57,81,159.192,8.28787
57,83,382.256,0
57,87,386.081,6.95698
57,91,224.013,15.9081
57,93,236.442,18.4387
57,96,176.714,1.77747
57,98,205.437,17.2
58,3,192.938,0
58,4,144.059,0
58,9,190.717,0
58,18,149.003,0
58,28,182.584,0
58,36,113.864,0
58,47,116.004,0
58,55,189.518,0
58,61,161.436,6.94459
58,63,69.5701,0
58,65,209.802,0
58,66,252.865,8.94776
58,67,254.844,21.7
58,82,85.44,0
58,83,143.641,3.40202
58,85,74.0945,0
58,92,29.5296,0
58,95,49.2443,0
59,0,90.4379,4.01946
59,6,227.607,0
59,11,173.922,0
59,14,201.695,0
59,15,161.137,0
59,17,181.246,0
59,35,72.4707,0
59,46,232.94,0
59,53,231.625,0
59,69,28.6007,0
59,80,117.953,0
59,91,234.139,0
59,93,211.811,0
60,2,274.44,22.4134
60,14,218.151,9.92851
60,17,169.186,7.56006
60,24,89.71,7.5239
60,26,283.431,21.8202
60,28,350.646,24.9896
60,29,202.481,16.7194
60,42,247.741,17.2466
60,44,111.879,0
60,52,111.83,0
60,57,141.041,11.0786
60,64,289.743,23.9806
60,66,269.401,18.4235
60,67,357.997,9.55769
60,70,144.401,10.8301
60,78,205.443,6.97899
60,80,232.181,7.6213
60,81,131.035,10.0575
60,91,258.168,12.3285
60,93,152.43,8.44994
60,96,56.0934,1.18854
60,98,99.7756,7.67767
61,2,388.214,25.3235
61,4,247.234,18.9763
61,18,110.963,9.21683
61,25,348.115,28.1459
61,28,213.185,17.5758
61,29,367.042,0
61,36,233.768,5.94335
61,39,288.931,15.0098
61,42,405.277,12.6452
61,44,441.801,9.72231
61,47,243.268,6.1009
61,56,351.284,28.2367
61,57,365.3,0
61,58,161.436,6.94459
61,63,131.268,10.6024
61,64,296.203,17.5086
61,65,189.589,13.9528
61,66,323.932,0
61,67,130.553,0
61,70,409.141,0
61,81,362.353,0
61,82,234.483,6.46552
61,83,18.868,0
61,85,178.061,5.87013
61,87,228.331,3.99481
61,92,132.275,6.81979
61,95,196.421,9.67703
61,96,418.298,0.995903
62,1,227.737,10.1216
62,5,200.25,0
62,7,214.12,7.64852
62,10,95.3415,0
62,12,84.4038,0
62,13,156.78,0
62,20,133.735,0
62,27,232.364,0
62,33,164.624,0
62,37,179.025,0
62,45,97.0052,0
62,50,49.679,0
62,68,218.768,7.24351
62,73,148.061,0
62,74,128.16,0
62,79,47.8853,0
62,84,227.177,7.48936
62,88,138.842,0
62,89,184.74,0
62,97,130.292,0
63,4,108.724,0
63,18,142.667,0
63,28,115.017,0
63,29,272.294,23.2992
63,36,179.179,0
63,47,183.208,0
63,58,69.5701,0
63,61,131.268,10.6024
63,65,215.288,0
63,66,184.541,8.92907
63,67,192.02,15.0984
63,70,329.087,27.6609
63,81,352.084,27.1596
63,82,154.984,0
63,83,107.511,6.30714
63,85,130.115,0
63,87,267.69,20.5037
63,92,52.1536,0
63,95,77.3886,0
64,2,79.7057,0
64,11,222.83,0
64,14,180.602,0
64,15,223.958,0
64,18,263.192,22.5662
64,22,197.952,0
64,25,130.173,0
64,26,135.831,0
64,31,221.504,0
64,39,20.3961,0
64,42,94.1551,3.2237
64,46,210.908,5.78672
64,56,55.0818,0
64,57,177.822,15.1096
64,60,289.743,23.9806
64,61,296.203,17.5086
64,65,253.745,20.5211
64,67,298.622,17.1718
64,76,222.791,0
64,81,355.338,21.0997
64,83,315.198,17.6589
64,87,143.25,11.9999
64,90,314.822,27.0053
64,91,154.897,0
64,96,366.6,23.1251
65,9,198.237,0
65,10,270.344,18.4812
65,18,74.3303,0
65,20,195.489,0
65,22,253.328,18.6739
65,25,163.583,8.81029
65,30,201.296,0
65,31,311.11,26.5248
65,36,200.489,0
65,39,231.508,19.0906
65,41,139.155,8.85823
65,47,213.771,0
65,54,311.773,26.7168
65,58,209.802,0
65,61,189.589,13.9528
65,63,215.288,0
65,64,253.745,20.5211
65,67,338.206,25.8103
65,76,313.108,26.6649
65,83,165.575,5.67994
65,85,165.593,0
65,87,123.185,10.5038
65,88,203.931,0
65,89,183.614,0
65,92,188.82,0
66,4,164.212,3.10003
66,24,243.671,20.8972
66,28,63.2752,3.54269
66,29,66.242,0
66,44,140.012,8.91278
66,52,170.363,14.6076
66,57,326.497,0
66,58,252.865,8.94776
66,60,269.401,18.4235
66,61,323.932,0
66,63,184.541,8.92907
66,67,205.602,0
66,70,117.201,0
66,77,187.024,2.44113
66,78,255.063,13.0032
66,81,166.517,0
66,83,326.827,0
66,92,242.065,11.8902
66,95,236.067,5.26851
66,96,216.149,1.18733
67,2,361.462,21.7168
67,4,232.103,17.5808
67,18,246.221,16.4148
67,24,372.681,26.3892
67,28,165.37,10.8551
67,29,240.308,0
67,39,299.376,16.6483
67,42,339.162,16.0146
67,44,311.07,9.79166
67,52,346.023,21.8176
67,56,356.032,27.3669
67,57,271.897,0
67,58,254.844,21.7
67,60,357.997,9.55769
67,61,130.553,0
67,63,192.02,15.0984
67,64,298.622,17.1718
67,65,338.206,25.8103
67,66,205.602,0
67,70,279.957,0
67,81,233.684,0
67,83,140.057,0
67,85,294.305,24.4024
67,87,308.747,4.5129
67,92,228.093,19.5326
67,95,265.15,21.9872
67,96,291.356,1.00458
68,1,92.6587,6.91084
68,5,171.944,13.5971
68,7,5.83095,0
68,12,180.535,6.11054
68,19,260.065,15.1109
68,21,230.106,17.1072
68,27,82.2982,0
68,54,273.728,17.754
68,62,218.768,7.24351
68,71,235.204,8.67187
68,75,48.1041,0
68,79,183.439,4.8236
68,84,214.701,4.37492
68,94,216.997,13.3248
69,0,66.4254,1.54892
69,6,209.038,0
69,11,165.605,0
69,14,203.039,0
69,15,157.547,0
69,17,196.743,0
69,23,224.635,0
69,34,212.398,0
69,35,79.2591,0
69,46,243.13,10.1673
69,53,210.447,0
69,59,28.6007,0
69,80,136.473,0
69,91,229.637,0
69,93,232.142,0
70,4,255.164,17.1396
70,24,122.322,3.04016
70,28,175.026,14.0395
70,29,51.264,0
70,42,375.686,24.4627
70,44,33.2031,2.34769
70,52,72.0083,2.72759
70,57,267.648,9.34372
70,60,144.401,10.8301
70,61,409.141,0
70,63,329.087,27.6609
70,66,117.201,0
70,67,279.957,0
70,77,171.839,4.01584
70,78,180.687,2.93906
70,81,108.849,0
70,83,415.933,0
70,96,127.202,1.89483
70,98,231.001,17.5382
71,1,181.398,6.9398
71,5,194.676,16.5179
71,7,237.484,8.27714
71,19,16.1245,0
71,21,109.659,0
71,22,183.044,0
71,25,218.525,0
71,31,115.412,0
71,49,84.6077,7.14812
71,54,125.16,0
71,68,235.204,8.67187
71,75,202.759,8.97288
71,76,113.437,0
71,94,50.1686,1.3116
72,3,86.6833,0
72,8,186.304,0
72,9,97.8366,0
72,30,135.831,0
72,32,145.279,0
72,36,136.565,0
72,37,199.462,0
72,38,135.148,0
72,40,58.8303,0
72,43,165.215,0
72,47,131.24,0
72,48,67.9412,0
72,51,141.004,0
72,55,57.0789,0
72,82,166.508,0
72,85,191.377,0
72,86,148.489,0
72,89,206.475,0
73,10,226.318,0
73,12,148.6,0
73,13,113.111,0
73,16,146.113,0
73,33,21.4709,0
73,37,191.175,0
73,45,199.7,0
73,50,102.772,0
73,62,148.061,0
73,74,189.233,0
73,79,148.678,0
73,84,207.022,0
73,88,232.355,0
73,97,193.313,0
74,9,200.205,0
74,10,98.27,0
74,12,209.468,0
74,16,206.344,0
74,20,69.7711,0
74,30,122.066,0
74,32,217.706,0
74,33,192.442,0
74,37,65,0
74,38,112.004,0
74,41,217.308,11.0569
74,45,51.4296,0
74,48,185.219,0
74,50,117.29,0
74,62,128.16,0
74,73,189.233,0
74,79,175.231,0
74,86,213.937,0
74,88,51.923,0
74,89,74.8465,0
74,97,4.12311,0
75,1,75.628,6.00222
75,5,150.43,6.77547
75,7,53.7401,0
75,12,226.015,5.14116
75,19,205.022,5.7315
75,21,193.273,8.00486
75,27,108.116,0
75,49,252.655,10.3359
75,54,239.765,8.62405
75,68,48.1041,0
75,71,202.759,8.97288
75,79,233.662,6.65499
75,94,170.774,5.46821
76,1,211.011,6.12502
76,5,129.711,0
76,19,98.5089,0
76,21,72.7805,0
76,22,72.3671,0
76,25,107.782,0
76,31,2,0
76,39,210.723,0
76,41,189.41,0
76,49,73.0821,0
76,54,37,0
76,56,206.17,0
76,64,222.791,0
76,65,313.108,26.6649
76,71,113.437,0
76,87,231.165,7.4591
76,94,93.1933,0
77,24,208.01,0
77,28,207.077,0
77,29,202.529,12.7781
77,44,147.136,0
77,52,136.499,0
77,66,187.024,2.44113
77,70,171.839,4.01584
77,78,132.004,0
77,81,263.185,18.2819
77,96,216.539,0
78,24,131.655,0
78,29,221.259,10.5909
78,44,147.492,0
78,52,109.895,0
78,60,205.443,6.97899
78,66,255.063,13.0032
78,70,180.687,2.93906
78,77,132.004,0
78,81,240.052,13.734
78,96,188.664,0
78,98,188.82,0
79,1,212.258,10.7629
79,5,201.547,0
79,7,177.605,4.80956
79,10,136.605,0
79,12,37.4833,0
79,13,122.642,0
79,20,179.805,0
79,27,190.263,0
79,33,168.582,0
79,37,222.524,0
79,45,144.516,0
79,50,75.505,0
79,62,47.8853,0
79,68,183.439,4.8236
79,73,148.678,0
79,74,175.231,0
79,75,233.662,6.65499
79,84,178.642,6.34225
79,88,186.231,0
79,89,232.422,0
79,97,177.553,0
80,0,204.338,2.9847
80,2,220.204,0
80,11,147.139,0
80,14,128.062,0
80,15,119.231,0
80,17,65.215,0
80,26,191.042,0
80,35,68.6804,0
80,42,216.585,0
80,46,210.618,0
80,59,117.953,0
80,60,232.181,7.6213
80,69,136.473,0
80,91,177.815,0
80,93,96.0469,0
80,98,157.544,0
81,2,299.328,24.944
81,17,312.892,26.5643
81,24,138.742,10.3608
81,28,233.027,12.292
81,29,120.416,0
81,39,384.666,19.5051
81,42,267.47,20.7063
81,44,112.973,8.56299
81,52,135.985,11.5436
81,57,159.192,8.28787
81,60,131.035,10.0575
81,61,362.353,0
81,63,352.084,27.1596
81,64,355.338,21.0997
81,66,166.517,0
81,67,233.684,0
81,70,108.849,0
81,77,263.185,18.2819
81,78,240.052,13.734
81,83,373.374,0
81,93,282.203,23.0879
81,96,60.3738,1.03817
81,98,217.064,18.3059
82,3,107.541,0
82,4,210.459,0
82,9,134.063,0
82,18,196.474,0
82,30,211.436,0
82,36,55,0
82,40,200.445,0
82,47,47.5079,0
82,48,221.163,0
82,55,110.168,0
82,58,85.44,0
82,61,234.483,6.46552
82,63,154.984,0
82,72,166.508,0
82,83,217.028,2.65946
82,85,71.0634,0
82,92,109.417,0
82,95,104.809,0
83,4,222.563,13.7145
83,18,89.6031,3.50549
83,25,359.186,28.8236
83,28,208.581,17.3817
83,29,372.543,0
83,36,218.605,2.75636
83,39,306.286,15.2904
83,42,425.41,12.2154
83,47,227.733,2.82872
83,57,382.256,0
83,58,143.641,3.40202
83,61,18.868,0
83,63,107.511,6.30714
83,64,315.198,17.6589
83,65,165.575,5.67994
83,66,326.827,0
83,67,140.057,0
83,70,415.933,0
83,81,373.374,0
83,82,217.028,2.65946
83,85,162.754,2.74226
83,87,234.864,6.09162
83,92,114.375,3.40139
83,95,173.487,3.99145
83,96,430.166,1.00034
84,7,227.059,11.0789
84,12,141.149,6.16699
84,13,94.0213,0
84,27,149.723,0
84,33,226.108,0
84,50,214.849,0
84,62,227.177,7.48936
84,68,214.701,4.37492
84,73,207.022,0
84,79,178.642,6.34225
85,3,160.552,0
85,4,218.057,0
85,9,120.354,0
85,18,127.264,0
85,30,185.648,0
85,36,55.9017,0
85,41,248.341,11.3497
85,47,65.215,0
85,48,229.079,0
85,55,136.693,0
85,58,74.0945,0
85,61,178.061,5.87013
85,63,130.115,0
85,65,165.593,0
85,67,294.305,24.4024
85,72,191.377,0
85,82,71.0634,0
85,83,162.754,2.74226
85,87,249.503,13.8477
85,89,225.967,0
85,92,78.0897,0
85,95,119.553,0
86,3,230.489,0
86,8,45.6946,0
86,9,209.774,0
86,16,160.963,0
86,30,184.361,0
86,32,5.38516,0
86,37,149.486,0
86,38,120.241,0
86,40,143.68,0
86,43,29,0
86,48,97.5141,0
86,51,39.0512,0
86,55,203.394,0
86,72,148.489,0
86,74,213.937,0
86,89,228.484,0
86,97,214.709,0
86,99,148.499,0
87,2,224.704,15.293
87,18,133.489,11.245
87,22,175.054,7.20554
87,25,121.771,5.9194
87,31,229.328,7.4632
87,39,122.712,10.5097
87,41,274.493,11.1962
87,42,251.588,21.023
87,54,236.236,7.57678
87,56,172.966,9.02198
87,57,386.081,6.95698
87,61,228.331,3.99481
87,63,267.69,20.5037
87,64,143.25,11.9999
87,65,123.185,10.5038
87,67,308.747,4.5129
87,76,231.165,7.4591
87,83,234.864,6.09162
87,85,249.503,13.8477
87,92,233.319,11.4238
88,9,188.112,0
88,10,70.0071,0
88,12,223.215,0
88,20,21.6333,0
88,22,259.394,11.7119
88,30,115.741,0
88,37,108.577,0
88,38,135.93,0
88,41,164.432,10.0618
88,45,41.8688,0
88,48,203.18,0
88,50,145.962,0
88,62,138.842,0
88,65,203.931,0
88,73,232.355,0
88,74,51.923,0
88,79,186.231,0
88,89,47.0106,0
88,97,48.3839,0
89,9,141.152,0
89,10,114.425,0
89,20,61.4003,0
89,30,71.007,0
89,32,230.794,0
89,36,211.627,0
89,37,105.513,0
89,38,108.577,0
89,41,165.255,11.3314
89,45,87.983,0
89,47,220.907,0
89,48,167.141,0
89,50,186.679,0
89,55,207.504,0
89,62,184.74,0
89,65,183.614,0
89,72,206.475,0
89,74,74.8465,0
89,79,232.422,0
89,85,225.967,0
89,86,228.484,0
89,88,47.0106,0
89,97,70.7743,0
90,2,216.038,13.2659
90,6,44.2832,0
90,11,111.414,0
90,14,159.928,0
90,15,140.132,0
90,23,71.5891,0
90,26,170.471,14.605
90,34,71.0282,0
90,35,216.832,0
90,39,314.991,26.6909
90,42,239.736,11.9001
90,46,51.6624,0
90,49,230.003,11.3433
90,53,62.3699,0
90,56,261.628,20.4735
90,64,314.822,27.0053
90,91,134.426,7.95025
91,2,86.9253,0
91,6,122.589,0
91,11,67.9412,0
91,14,53.3104,0
91,15,73.0068,0
91,17,155.631,0
91,23,169.434,0
91,26,19.105,0
91,34,161.375,0
91,35,165.424,0
91,39,172.003,0
91,42,108.853,0
91,46,67.1863,0
91,53,150.403,0
91,56,109.293,0
91,57,224.013,15.9081
91,59,234.139,0
91,60,258.168,12.3285
91,64,154.897,0
91,69,229.637,0
91,80,177.815,0
91,90,134.426,7.95025
91,93,207.473,0
91,98,232.28,0
92,3,216.456,0
92,4,146.986,0
92,9,198.436,0
92,18,123.685,0
92,28,167.012,0
92,36,127.566,0
92,47,132.382,0
92,55,206.903,0
92,58,29.5296,0
92,61,132.275,6.81979
92,63,52.1536,0
92,65,188.82,0
92,66,242.065,11.8902
92,67,228.093,19.5326
92,82,109.417,0
92,83,114.375,3.40139
92,85,78.0897,0
92,87,233.319,11.4238
92,95,69.7209,0
93,2,210.602,0
93,11,207.251,0
93,14,155.206,0
93,15,177.8,0
93,17,55.4437,0
93,24,156.868,7.32589
93,26,212.941,0
93,35,162.788,0
93,42,194.093,0
93,44,270.513,15.4319
93,52,235.735,8.14495
93,57,236.442,18.4387
93,59,211.811,0
93,60,152.43,8.44994
93,69,232.142,0
93,80,96.0469,0
93,81,282.203,23.0879
93,91,207.473,0
93,96,206.853,9.2432
93,98,62.9365,0
94,1,165.02,12.79
94,5,120.685,9.21017
94,7,250.435,20.9507
94,19,45.618,0
94,21,65.146,0
94,22,153.525,0
94,25,200.689,0
94,31,94.8736,0
94,49,72.4431,0
94,54,91.4112,0
94,68,216.997,13.3248
94,71,50.1686,1.3116
94,75,170.774,5.46821
94,76,93.1933,0
95,3,205.061,0
95,4,105.991,0
95,9,228.989,0
95,18,193.373,0
95,28,170.699,0
95,36,148.385,0
95,47,146.751,0
95,55,214.965,0
95,58,49.2443,0
95,61,196.421,9.67703
95,63,77.3886,0
95,66,236.067,5.26851
95,67,265.15,21.9872
95,82,104.809,0
95,83,173.487,3.99145
95,85,119.553,0
95,92,69.7209,0
96,2,311.523,24.0289
96,17,238.103,14.1728
96,24,81.3941,0
96,28,285.217,14.4402
96,29,159.86,1.06534
96,39,375.966,26.5359
96,42,281.004,18.0103
96,44,70.342,0
96,52,87.2067,0
96,57,176.714,1.77747
96,60,56.0934,1.18854
96,61,418.298,0.995903
96,64,366.6,23.1251
96,66,216.149,1.18733
96,67,291.356,1.00458
96,70,127.202,1.89483
96,77,216.539,0
96,78,188.664,0
96,81,60.3738,1.03817
96,83,430.166,1.00034
96,93,206.853,9.2432
96,98,157.249,10.78
97,9,197.041,0
97,10,97.1288,0
97,12,212.047,0
97,16,209.745,0
97,20,66.7308,0
97,30,118.983,0
97,32,218.406,0
97,33,196.563,0
97,37,66.2873,0
97,38,111.113,0
97,41,213.643,11.0416
97,45,50.6952,0
97,48,184.068,0
97,50,120.615,0
97,62,130.292,0
97,73,193.313,0
97,74,4.12311,0
97,79,177.553,0
97,86,214.709,0
97,88,48.3839,0
97,89,70.7743,0
98,2,210.642,0
98,14,185.311,0
98,15,220.336,0
98,17,104.235,0
98,24,94.9063,6.78098
98,26,232.725,0
98,29,300.124,25.5439
98,35,222.02,0
98,42,224.438,14.9626
98,44,199.139,11.4849
98,52,172.774,7.83751
98,57,205.437,17.2
98,60,99.7756,7.67767
98,70,231.001,17.5382
98,78,188.82,0
98,80,157.544,0
98,81,217.064,18.3059
98,91,232.28,0
98,93,62.9365,0
98,96,157.249,10.78
99,8,107.201,0
99,16,226.002,0
99,32,146.509,0
99,40,218.449,0
99,43,119.503,0
99,48,232.82,0
99,51,126.052,0
99,86,148.499,0
