0,18,248.455,15.3829
0,23,176.821,11.5868
0,33,240.252,0
0,46,212.426,0
1,2,186.832,14.0124
1,6,106.591,3.54693
1,12,197.274,0
1,19,223.323,0
1,24,225.511,17.3342
1,31,167.967,0
1,39,99.7447,0
1,44,68.7095,0
1,60,160.562,0
1,61,142.285,0
1,63,188.718,1.4891
1,64,35.4683,0
1,75,66.6108,0
1,84,326.022,26.0081
1,87,212.575,14.1167
1,93,220.401,18.7292
1,98,38.2099,0
2,1,186.832,14.0124
2,6,80.2473,6.12967
2,10,388.662,5.26967
2,13,364.004,25.924
2,14,441.294,22.2132
2,24,107.091,7.52248
2,30,432.727,11.4078
2,31,259.116,17.3782
2,39,285.588,15.5372
2,41,385.106,7.82026
2,44,256.271,15.7443
2,55,434.102,21.1022
2,60,234.139,14.8411
2,61,202.152,14.2408
2,63,171.699,3.24138
2,64,181.95,11.0021
2,75,243.767,19.0221
2,80,334.088,6.43848
2,84,213.084,17.757
2,87,154.373,12.1667
2,93,73.7564,0
2,97,251.219,11.8946
2,98,190.742,16.0015
3,10,236.046,14.2057
3,15,173.035,4.47734
3,16,290.689,0
3,25,246.714,0
3,26,300.935,21.5315
3,30,175.383,10.1148
3,41,201.629,9.88517
3,43,41.2347,3.50207
3,45,415.928,0
3,48,374.55,0
3,50,141.608,5.36395
3,55,298.266,25.2748
3,56,313.787,26.7371
3,59,491.723,0
3,62,335.236,28.425
3,68,122.801,0
3,69,212.603,0
3,70,318.088,26.2706
3,73,341.515,28.8398
3,76,158.625,5.66393
3,77,170.197,11.7196
3,78,202.785,13.0275
3,79,121.237,5.46674
3,80,257.523,18.7434
3,82,171.322,8.41529
3,85,349.543,0
3,88,446.363,0
3,89,302.007,0
3,94,44.1008,3.72206
3,95,339.021,27.6371
3,96,95.125,6.9093
4,5,71.0407,5.9721
4,9,171.121,9.32419
4,13,116.232,9.85512
4,14,67.6757,0
4,32,114.35,7.96674
4,36,119.831,9.40076
4,49,72.4393,5.64462
4,52,41.1825,0
4,54,322.962,25.9774
4,55,279.271,19.5143
4,65,61.0839,4.37048
4,83,149.331,11.4909
4,84,240.73,15.7409
4,86,102.416,0
4,90,262.644,18.7612
4,91,129.809,10.8174
4,97,248.001,21.0666
4,99,185.651,15.926
5,4,71.0407,5.9721
5,9,252.108,15.085
5,13,122.719,7.41271
5,14,71.6053,2.36061
5,32,186.694,15.9411
5,36,147.409,10.597
5,49,51.4638,1.16406
5,52,37.6894,1.96914
5,65,124.18,9.90099
5,83,80.0173,4.07931
5,84,254.23,20.3477
5,86,82.2216,3.00288
5,90,343.834,24.5179
5,91,69.8051,1.76394
5,97,286.696,24.2055
5,99,152.066,9.32879
6,1,106.591,3.54693
6,2,80.2473,6.12967
6,10,367.556,23.616
6,24,181.099,2.01008
6,31,249.225,20.6579
6,39,206.36,3.71215
6,41,412.753,19.3339
6,44,176.251,4.1258
6,60,233.911,19.8077
6,61,207.242,17.5936
6,63,231.775,19.5879
6,64,113.729,3.24219
6,75,156.015,5.50053
6,80,346.87,20.1546
6,84,277.821,20.6849
6,87,161.06,13.6824
6,93,115.378,7.40087
6,97,331.538,18.7231
6,98,106.054,5.23671
7,17,123.016,0
7,21,251.982,0.588716
7,26,231.659,0
7,27,224.404,0
7,29,6,0
7,34,140.698,0
7,35,283.418,17.9763
7,40,303.008,21.6135
7,42,101.24,6.93809
7,57,116.853,8.9798
7,67,308.845,22.0781
7,72,135.689,1.21069
7,89,281.077,14.6736
7,95,189.789,0
8,10,203.703,17.4058
8,12,201.457,0
8,19,157.512,11.6343
8,22,153.834,0
8,30,254.115,9.55796
8,31,120.702,0
8,37,283.998,16.4643
8,38,231.744,19.4733
8,41,309.977,25.0641
8,48,329.033,28.224
8,50,231.186,19.8195
8,56,62.1691,0
8,58,233.833,6.08457
8,59,329.592,27.0666
8,60,122.147,0
8,61,147.66,3.42803
8,62,119,0
8,63,116.606,0
8,66,224.357,7.08888
8,74,183.003,0
8,75,239.209,0
8,76,197.728,16.7709
8,77,224.038,18.9229
8,78,169.747,14.5497
8,79,255.051,21.2924
8,80,283.099,23.5916
8,81,127.883,0
8,87,264.534,22.6931
8,92,69.2026,0
8,93,348.552,29.8759
8,96,315.238,24.2637
8,98,243.311,0
9,4,171.121,9.32419
9,5,252.108,15.085
9,13,163.89,10.1626
9,14,190.835,13.4111
9,32,38.4592,1.12173
9,36,101.062,1.66185
9,49,203.024,15.7771
9,52,205.736,17.3059
9,54,155.86,13.3594
9,55,236.93,18.108
9,65,98.0106,8.38326
9,70,249.515,10.3576
9,83,286.534,21.8295
9,86,251.274,19.5341
9,90,91.7308,7.84024
9,91,289.119,19.5052
9,97,275.355,23.2655
9,99,238.884,14.5938
10,2,388.662,5.26967
10,3,236.046,14.2057
10,6,367.556,23.616
10,8,203.703,17.4058
10,19,291.731,19.6922
10,22,358.54,29.499
10,30,128.375,11.0128
10,31,233.385,17.1297
10,41,110.164,0
10,43,207.621,9.10375
10,50,153.552,8.95262
10,55,290.053,24.738
10,56,145.996,12.4783
10,60,237.123,20.1253
10,61,238.468,20.1227
10,62,319.235,24.3159
10,63,175.892,12.4368
10,68,194.663,12.4434
10,69,331.783,27.7822
10,76,167.045,14.2368
10,77,198.039,16.1387
10,78,131.566,8.68271
10,79,173.303,9.06519
10,80,88.8369,0
10,81,310.961,26.5558
10,82,239.896,10.8015
10,87,195.676,8.48765
10,92,255.657,19.6398
10,93,315.029,5.19061
10,94,192.804,8.90939
10,96,211.501,9.51707
10,97,415.277,9.04059
10,98,326.069,27.1097
11,18,248.225,18.7229
11,22,363.981,29.3639
11,23,307.308,25.4273
11,37,228.805,14.3524
11,47,99.0853,8.08196
11,51,139.081,11.0161
11,58,216.633,18.3242
11,59,343.18,18.2985
11,66,298.515,20.3016
11,71,387.882,23.6232
11,74,257.772,20.3574
11,88,369.685,23.1162
12,1,197.274,0
12,8,201.457,0
12,19,76.4853,0
12,31,112.925,0
12,38,158.461,13.1758
12,39,172.308,0
12,44,169.499,0
12,60,129.973,0
12,61,154.557,0
12,63,198.736,0
12,64,227.783,0
12,75,130.668,0
12,92,172.745,13.24
12,98,174.428,0
13,2,364.004,25.924
13,4,116.232,9.85512
13,5,122.719,7.41271
13,9,163.89,10.1626
13,14,74.8482,6.06592
13,24,302.331,22.4147
13,32,183.626,12.1366
13,36,233.078,19.3806
13,49,144.868,10.8182
13,52,82.8068,4.64395
13,54,251.566,4.77608
13,55,339.533,14.7988
13,65,164.129,13.4883
13,83,195.738,16.0368
13,84,193.635,16.5946
13,86,129.926,11.1082
13,90,200.633,4.75184
13,91,187.051,15.5521
13,93,344.892,29.1383
13,97,168.045,13.1188
13,99,272.045,23.3214
14,2,441.294,22.2132
14,4,67.6757,0
14,5,71.6053,2.36061
14,9,190.835,13.4111
14,13,74.8482,6.06592
14,24,340.261,22.6841
14,32,185.046,10.6246
14,36,178.332,13.896
14,49,99.0602,5.5208
14,52,36.0555,0
14,55,403.439,24.4664
14,65,121.225,6.92238
14,83,131.087,9.47031
14,84,183.097,15.3922
14,86,45.1774,0
14,90,215.613,0
14,91,127.162,10.1755
14,97,197.302,16.1136
14,99,197.062,15.682
15,3,173.035,4.47734
15,16,311.657,16.1827
15,20,327.135,27.4365
15,25,184.552,15.8265
15,26,162,12.1043
15,28,225.936,18.9179
15,30,240.819,18.6018
15,41,293.665,23.5377
15,43,214.267,9.93269
15,45,433.512,19.2672
15,50,306.512,26.2591
15,55,240.349,14.8451
15,67,252.846,20.8843
15,68,194.152,3.76923
15,69,351.844,4.98898
15,70,152.958,8.4063
15,73,213.068,16.247
15,76,321.923,27.4419
15,77,340.373,28.848
15,78,361.022,30.9447
15,79,292.51,24.8656
15,82,95.3783,8.0856
15,89,221.516,14.7677
15,94,201.498,10.6349
15,95,204.837,13.3617
15,96,286.006,5.5169
16,3,290.689,0
16,15,311.657,16.1827
16,17,339.635,28.5051
16,25,109.252,0
16,26,259.358,15.8607
16,35,425.123,20.9979
16,40,332.674,0
16,43,283.027,4.223
16,45,129.769,0
16,48,339.063,0
16,50,364.479,21.6075
16,53,316.809,0
16,59,416.677,0
16,68,413.052,0
16,69,181.604,0
16,76,386.106,26.7394
16,77,396.175,7.635
16,79,336.708,14.3459
16,82,436.059,5.38964
16,85,273.13,0
16,88,361.889,0
16,89,170.188,0
16,94,305.271,11.3143
16,95,279.696,17.1949
16,96,275.536,0
17,7,123.016,0
17,16,339.635,28.5051
17,21,215.117,17.7858
17,25,289.487,19.2523
17,26,243.46,0
17,27,158.928,0
17,29,117.017,0
17,33,259.886,4.18207
17,34,197.314,0
17,35,163.349,13.9949
17,40,205.63,16.071
17,42,224.413,8.66978
17,45,307.204,21.7433
17,53,305.357,21.0511
17,57,223.69,9.3371
17,72,227.238,0
17,89,253.115,12.6702
17,95,209.774,0
18,0,248.455,15.3829
18,11,248.225,18.7229
18,23,76.0592,0
18,33,229.329,10.9436
18,35,291.151,24.8382
18,40,276.188,22.093
18,46,190.88,11.0849
18,47,372.326,25.6793
18,51,196.873,10.0743
18,53,214.085,13.1889
18,71,84.7185,5.84044
19,1,223.323,0
19,8,157.512,11.6343
19,10,291.731,19.6922
19,12,76.4853,0
19,31,75.2728,0
19,38,147.78,4.31026
19,39,229.172,0
19,44,217.624,0
19,56,208.248,9.90551
19,60,93.9628,0
19,61,125.865,0
19,62,266.421,15.3612
19,63,153.003,0
19,74,326.73,27.4116
19,75,161.901,0
19,78,302.875,22.6053
19,81,272.717,18.1811
19,87,238.461,7.06386
19,92,96.8923,7.2266
19,98,190.79,0
20,15,327.135,27.4365
20,26,224.876,19.1895
20,28,101.98,0
20,57,280.997,23.9537
20,67,94.3398,0
20,70,265.792,22.3229
20,72,219.86,18.8566
20,73,118.143,1.87111
20,89,319.732,27.3632
20,95,234.96,20.1564
21,7,251.982,0.588716
21,17,215.117,17.7858
21,27,49.0408,0
21,29,250.52,2.33957
21,33,135.746,8.61311
21,34,226.08,0
21,35,125,0.508063
21,40,241.234,16.6773
21,46,168.897,9.7275
21,53,320.37,26.7547
21,71,317.868,25.7561
22,8,153.834,0
22,10,358.54,29.499
22,11,363.981,29.3639
22,37,131.473,10.5555
22,38,304.617,23.3505
22,43,332.012,28.421
22,47,246.947,20.1054
22,48,185.961,10.8108
22,50,201.741,17.2889
22,51,409.573,27.2254
22,56,145.121,0
22,58,153.625,13.1111
22,59,181.62,8.63672
22,62,37.5766,0
22,66,75.4506,6.14529
22,69,352.375,14.5917
22,74,93.1933,0
22,76,173.082,11.8433
22,77,212.671,12.9735
22,78,229.014,19.6461
22,79,263.22,16.0175
22,81,30.0832,0
22,85,256.015,11.5593
22,88,211.667,9.24802
22,92,198.862,0
22,94,344.966,29.5494
22,96,329.797,23.3001
23,0,176.821,11.5868
23,11,307.308,25.4273
23,18,76.0592,0
23,33,254.836,11.7388
23,46,214.821,11.662
23,51,229.479,19.2074
23,71,165.191,8.51329
24,1,225.511,17.3342
24,2,107.091,7.52248
24,6,181.099,2.01008
24,13,302.331,22.4147
24,14,340.261,22.6841
24,41,442.553,22.6174
24,44,283.254,16.2026
24,52,375.325,29.5569
24,61,350.756,28.2853
24,63,267.677,15.6871
24,64,202.122,12.721
24,75,295.984,22.8688
24,80,394.558,22.0404
24,84,98.0545,6.83142
24,86,265.429,21.5572
24,87,288.35,14.4369
24,93,192.017,3.22808
24,97,220.072,16.1225
24,98,248.498,20.9579
25,3,246.714,0
25,15,184.552,15.8265
25,16,109.252,0
25,17,289.487,19.2523
25,26,159.481,12.7458
25,28,290.501,23.9989
25,40,413.783,0
25,43,260.249,4.05764
25,45,226.292,0
25,48,415.928,0
25,50,371.19,24.4338
25,53,415.788,0
25,67,292.076,24.3397
25,68,360.272,0
25,69,231.664,0
25,73,266.264,21.8831
25,76,383.924,29.6043
25,77,408.45,14.5213
25,79,348.131,16.7279
25,82,358.034,4.4818
25,85,356.168,0
25,88,452.553,0
25,89,78.7147,0
25,94,278.65,9.36008
25,95,200.885,14.5687
25,96,273.9,1.80926
26,3,300.935,21.5315
26,7,231.659,0
26,15,162,12.1043
26,16,259.358,15.8607
26,17,243.46,0
26,20,224.876,19.1895
26,25,159.481,12.7458
26,28,140.87,7.06704
26,29,230.829,0
26,43,335.69,24.2743
26,45,321.546,21.92
26,57,226.49,10.8651
26,67,134.396,7.28642
26,68,383.109,22.3494
26,69,382.739,19.0199
26,70,239.106,10.4228
26,72,165.56,0
26,73,102.611,0
26,82,252.152,20.2789
26,89,89.1585,7.40121
26,94,342.035,25.8399
26,95,41.9762,0
26,96,389.05,21.2066
27,7,224.404,0
27,17,158.928,0
27,21,49.0408,0
27,29,220.002,0
27,33,182.089,9.49213
27,34,180.336,0
27,35,157.25,0.561548
27,40,268.372,17.1818
27,46,223.066,12.4698
28,15,225.936,18.9179
28,20,101.98,0
28,25,290.501,23.9989
28,26,140.87,7.06704
28,57,354.236,25.9077
28,67,78.1025,0
28,70,207.212,16.5436
28,72,287.02,17.806
28,73,46.6476,3.49857
28,82,267.185,19.9805
28,89,223.603,14.0488
28,95,151.466,5.9128
29,7,6,0
29,17,117.017,0
29,21,250.52,2.33957
29,26,230.829,0
29,27,220.002,0
29,34,141.421,0
29,35,277.431,17.8732
29,40,297.306,21.4873
29,42,108.016,7.34293
29,57,120.878,8.95481
29,72,136.821,0
29,89,278.328,14.5301
29,95,189.061,0
30,2,432.727,11.4078
30,3,175.383,10.1148
30,8,254.115,9.55796
30,10,128.375,11.0128
30,15,240.819,18.6018
30,41,51.7232,4.23329
30,43,149.091,0
30,50,152.109,0
30,55,119.971,0
30,56,223.413,16.8864
30,61,377.461,30.2776
30,63,320.618,21.4655
30,68,104.218,3.80621
30,69,293.71,22.6833
30,70,224.878,0
30,76,146.479,0
30,77,174.725,0
30,78,134.881,2.05504
30,79,158.405,0
30,80,111.723,8.22553
30,82,132.322,0
30,87,285.393,16.1938
30,93,368.151,11.0023
30,94,128.316,0
30,96,167.045,0
30,97,262.638,22.5308
31,1,167.967,0
31,2,259.116,17.3782
31,6,249.225,20.6579
31,8,120.702,0
31,10,233.385,17.1297
31,12,112.925,0
31,19,75.2728,0
31,38,221.454,18.8897
31,39,203.691,0
31,41,351.34,29.6767
31,44,183.134,0
31,56,162.388,0
31,60,19.105,0
31,61,50.5964,0
31,62,239.353,0
31,63,86.0233,0
31,64,203.423,0
31,75,119.038,0
31,76,314.477,24.7519
31,78,242.669,13.5789
31,80,298.998,25.649
31,81,245.4,0
31,87,170.185,8.6761
31,92,88.5889,0
31,93,212.358,8.11473
31,98,131.183,0
32,4,114.35,7.96674
32,5,186.694,15.9411
32,9,38.4592,1.12173
32,13,183.626,12.1366
32,14,185.046,10.6246
32,36,67.4463,0
32,49,160.032,13.7252
32,52,177.754,14.6271
32,54,200.313,15.0235
32,55,282.441,21.6202
32,65,57.1402,0
32,83,191.335,12.2731
32,86,226.423,12.7167
32,90,136.558,10.3827
32,91,206.671,17.1041
32,97,329.795,28.2616
32,99,186.857,4.31275
33,0,240.252,0
33,17,259.886,4.18207
33,18,229.329,10.9436
33,21,135.746,8.61311
33,23,254.836,11.7388
33,27,182.089,9.49213
33,35,211.505,17.5917
33,40,332.536,28.1886
33,46,41.1096,0
33,53,315.912,25.2262
33,71,256.794,21.0785
34,7,140.698,0
34,17,197.314,0
34,21,226.08,0
34,27,180.336,0
34,29,141.421,0
34,42,152.631,7.08815
34,57,260.505,19.9773
35,7,283.418,17.9763
35,16,425.123,20.9979
35,17,163.349,13.9949
35,18,291.151,24.8382
35,21,125,0.508063
35,27,157.25,0.561548
35,29,277.431,17.8732
35,33,211.505,17.5917
35,40,113,9.49342
35,45,318.216,15.0256
35,46,211.044,17.549
35,53,192.205,13.2976
35,71,200.958,16.4824
36,4,119.831,9.40076
36,5,147.409,10.597
36,9,101.062,1.66185
36,13,233.078,19.3806
36,14,178.332,13.896
36,32,67.4463,0
36,49,92.7154,7.89675
36,52,130.321,9.3645
36,54,268.449,23.028
36,65,63.5084,4.51471
36,83,150.244,12.7086
36,86,183.512,8.52223
36,90,204.068,16.9765
36,91,142.157,12.1667
36,97,370.018,31.4328
36,99,111.221,0
37,8,283.998,16.4643
37,11,228.805,14.3524
37,22,131.473,10.5555
37,47,121.559,0.537785
37,48,261.482,13.3862
37,50,429.812,17.2016
37,51,286.732,15.4368
37,56,284.28,16.25
37,58,103.151,3.32842
37,59,195.724,0
37,62,177.713,14.1042
37,66,77.5246,5.59072
37,69,481.036,3.39985
37,74,140.194,10.7605
37,76,395.857,27.0445
37,77,409.641,8.37075
37,79,445.137,14.1828
37,81,159.364,13.3404
37,85,344.287,1.47952
37,88,250.639,0
38,8,231.744,19.4733
38,12,158.461,13.1758
38,19,147.78,4.31026
38,22,304.617,23.3505
38,31,221.454,18.8897
38,56,285.994,23.4353
38,58,322.904,27.2109
38,60,242.359,20.7858
38,61,274.599,23.204
38,62,293.193,23.9251
38,63,290.042,23.6494
38,74,263.058,21.6094
38,75,284.265,19.5148
38,81,276.492,22.446
38,92,166.47,7.87167
39,1,99.7447,0
39,2,285.588,15.5372
39,6,206.36,3.71215
39,12,172.308,0
39,19,229.172,0
39,31,203.691,0
39,44,31.6228,0
39,60,205.682,0
39,61,201.955,0
39,64,103.484,0
39,75,89.5545,0
39,98,118.14,0
40,7,303.008,21.6135
40,16,332.674,0
40,17,205.63,16.071
40,18,276.188,22.093
40,21,241.234,16.6773
40,25,413.783,0
40,27,268.372,17.1818
40,29,297.306,21.4873
40,33,332.536,28.1886
40,35,113,9.49342
40,45,206.32,0
40,46,364.687,23.5476
40,51,350.427,29.5785
40,53,103.866,2.24818
40,69,462.017,0
40,71,215.506,18.0773
40,85,450.324,0
40,88,476.424,0
40,89,379.797,17.5913
40,95,330.452,27.6316
41,2,385.106,7.82026
41,3,201.629,9.88517
41,6,412.753,19.3339
41,8,309.977,25.0641
41,10,110.164,0
41,15,293.665,23.5377
41,24,442.553,22.6174
41,30,51.7232,4.23329
41,31,351.34,29.6767
41,43,177.592,2.90442
41,50,155.454,2.8283
41,55,174.661,11.691
41,56,220.083,18.7532
41,60,341.459,27.5794
41,61,325.756,24.7677
41,62,337.293,28.8808
41,63,270.639,13.7757
41,68,146.111,7.32996
41,69,312.725,24.1296
41,76,145.013,3.08563
41,77,177.683,2.89645
41,78,125.422,5.52672
41,79,167.605,2.62956
41,80,62.1289,0
41,82,182.347,5.24276
41,87,241.252,6.62431
41,93,315.825,7.7371
41,94,158.811,2.91402
41,96,188.717,2.44097
41,97,364.401,0
42,7,101.24,6.93809
42,17,224.413,8.66978
42,29,108.016,7.34293
42,34,152.631,7.08815
42,57,140.906,6.99432
42,72,208.056,15.3142
42,95,285.352,19.8348
43,3,41.2347,3.50207
43,10,207.621,9.10375
43,15,214.267,9.93269
43,16,283.027,4.223
43,22,332.012,28.421
43,25,260.249,4.05764
43,26,335.69,24.2743
43,30,149.091,0
43,41,177.592,2.90442
43,45,401.031,4.34415
43,48,311.746,6.05217
43,50,102.883,0
43,55,243.14,5.73159
43,56,274.728,23.0918
43,59,430.654,5.75405
43,62,294.037,24.7585
43,68,79.5373,3.43623
43,69,169.432,4.37287
43,70,346.383,29.3865
43,76,120.416,0
43,77,131.123,7.75771
43,78,167.492,8.5388
43,79,81.0432,0
43,80,231.818,13.5659
43,81,332.526,28.2143
43,82,186.895,14.6786
43,85,293.567,5.71398
43,88,386.939,5.9488
43,89,323.682,4.42677
43,94,21.9317,0
43,95,382.754,29.4676
43,96,50.6205,3.96707
44,1,68.7095,0
44,2,256.271,15.7443
44,6,176.251,4.1258
44,12,169.499,0
44,19,217.624,0
44,24,283.254,16.2026
44,31,183.134,0
44,39,31.6228,0
44,60,182.858,0
44,61,175.824,0
44,63,232.595,2.65223
44,64,77.4145,0
44,75,64.7765,0
44,87,254.61,8.63421
44,93,288.587,22.2397
44,98,87,0
45,3,415.928,0
45,15,433.512,19.2672
45,16,129.769,0
45,17,307.204,21.7433
45,25,226.292,0
45,26,321.546,21.92
45,35,318.216,15.0256
45,40,206.32,0
45,43,401.031,4.34415
45,48,361.425,0
45,51,493.074,4.8491
45,53,189.589,0
45,59,392.672,5.56791
45,69,264.038,0
45,71,311.25,25.5907
45,77,488.921,0
45,79,428.821,13.6777
45,85,292.438,0
45,88,354.09,0
45,89,262.122,0
45,94,424.025,12.4186
45,95,261.016,21.9796
45,96,382.005,0
46,0,212.426,0
46,18,190.88,11.0849
46,21,168.897,9.7275
46,23,214.821,11.662
46,27,223.066,12.4698
46,33,41.1096,0
46,35,211.044,17.549
46,40,364.687,23.5476
46,53,262.409,15.1298
46,71,198.378,14.1193
47,11,99.0853,8.08196
47,18,372.326,25.6793
47,22,246.947,20.1054
47,37,121.559,0.537785
47,48,363.206,3.09362
47,51,170.281,14.3831
47,58,181.921,7.07623
47,59,246.787,2.98156
47,62,282.597,24.236
47,66,183.754,9.64831
47,71,401.347,23.0748
47,74,224.051,16.8039
47,81,279.254,22.3097
47,85,397.252,3.44789
47,88,295.678,3.41151
48,3,374.55,0
48,8,329.033,28.224
48,16,339.063,0
48,22,185.961,10.8108
48,25,415.928,0
48,37,261.482,13.3862
48,43,311.746,6.05217
48,45,361.425,0
48,47,363.206,3.09362
48,50,232.134,6.82687
48,51,335.937,26.5858
48,53,421.918,1.02402
48,56,332.528,20.4068
48,58,364.126,3.8906
48,59,118.119,0
48,62,212.345,12.1611
48,66,218.66,0
48,68,341.515,28.6009
48,69,192.375,0
48,74,286.971,23.9142
48,76,244.828,12.5403
48,77,205.387,0
48,78,320.682,13.0851
48,79,198.47,10.5353
48,81,210.27,16.6671
48,85,69.3109,0
48,88,82.801,0
48,89,493.356,0
48,94,296.107,20.426
48,96,252.654,3.63245
49,4,72.4393,5.64462
49,5,51.4638,1.16406
49,9,203.024,15.7771
49,13,144.868,10.8182
49,14,99.0602,5.5208
49,32,160.032,13.7252
49,36,92.7154,7.89675
49,52,63.0126,4.81096
49,54,359.96,29.5214
49,65,105.127,6.13856
49,83,95.4524,3.42466
49,84,283.455,22.5356
49,86,125.8,9.12333
49,90,264.129,22.511
49,91,86.1909,1.82627
49,97,314.855,27.01
49,99,116.03,9.81979
50,3,141.608,5.36395
50,8,231.186,19.8195
50,10,153.552,8.95262
50,15,306.512,26.2591
50,16,364.479,21.6075
50,22,201.741,17.2889
50,25,371.19,24.4338
50,30,152.109,0
50,37,429.812,17.2016
50,41,155.454,2.8283
50,43,102.883,0
50,48,232.134,6.82687
50,56,176.773,12.0741
50,58,360.504,30.8355
50,59,331.898,8.44339
50,62,122.262,0
50,63,288.174,24.4213
50,66,352.083,10.5593
50,68,151.57,5.9099
50,69,191.792,15.36
50,74,233.788,0
50,76,21.9317,0
50,77,22.6274,0
50,78,88.7229,7.57204
50,79,26.6271,0
50,80,201.77,14.2666
50,81,149.656,0
50,82,230.139,12.4155
50,85,261.22,6.82929
50,87,380.754,28.6955
50,88,313.445,7.22918
50,92,300.052,23.7106
50,94,104.785,0
50,96,84.2912,0
51,11,139.081,11.0161
51,18,196.873,10.0743
51,22,409.573,27.2254
51,23,229.479,19.2074
51,37,286.732,15.4368
51,40,350.427,29.5785
51,45,493.074,4.8491
51,47,170.281,14.3831
51,48,335.937,26.5858
51,53,287.515,23.2317
51,58,370.691,20.323
51,59,266.123,19.1916
51,66,322.161,20.2362
51,71,237.669,2.66755
51,74,424.17,26.9536
51,85,348.427,25.0928
51,88,253.155,21.5847
52,4,41.1825,0
52,5,37.6894,1.96914
52,9,205.736,17.3059
52,13,82.8068,4.64395
52,14,36.0555,0
52,24,375.325,29.5569
52,32,177.754,14.6271
52,36,130.321,9.3645
52,49,63.0126,4.81096
52,54,360.494,30.8251
52,55,338.654,28.6733
52,65,120.466,9.63405
52,83,111.418,9.53104
52,84,219.712,17.3772
52,86,61.7171,0
52,90,271.765,22.929
52,91,102.676,8.60743
52,97,248.088,21.2219
52,99,187.654,15.2208
53,16,316.809,0
53,17,305.357,21.0511
53,18,214.085,13.1889
53,21,320.37,26.7547
53,25,415.788,0
53,33,315.912,25.2262
53,35,192.205,13.2976
53,40,103.866,2.24818
53,45,189.589,0
53,46,262.409,15.1298
53,48,421.918,1.02402
53,51,287.515,23.2317
53,59,338.027,23.8127
53,69,406.768,0
53,71,134.412,8.74451
53,85,366.617,0
53,88,346.637,13.266
53,89,429.689,7.42802
54,4,322.962,25.9774
54,9,155.86,13.3594
54,13,251.566,4.77608
54,32,200.313,15.0235
54,36,268.449,23.028
54,49,359.96,29.5214
54,52,360.494,30.8251
54,55,202.556,0
54,65,234.459,19.3879
54,70,152.794,0
54,90,51.0392,0
55,2,434.102,21.1022
55,3,298.266,25.2748
55,4,279.271,19.5143
55,9,236.93,18.108
55,10,290.053,24.738
55,13,339.533,14.7988
55,14,403.439,24.4664
55,15,240.349,14.8451
55,30,119.971,0
55,32,282.441,21.6202
55,41,174.661,11.691
55,43,243.14,5.73159
55,52,338.654,28.6733
55,54,202.556,0
55,65,281.883,20.6383
55,68,168.984,4.44672
55,70,159.013,0
55,78,254.853,2.09636
55,80,227.158,19.4856
55,82,141.718,0
55,87,356.926,27.789
55,90,175.094,0
55,93,373.413,25.2923
55,94,220.506,5.2225
55,97,215.876,14.8596
56,3,313.787,26.7371
56,8,62.1691,0
56,10,145.996,12.4783
56,19,208.248,9.90551
56,22,145.121,0
56,30,223.413,16.8864
56,31,162.388,0
56,37,284.28,16.25
56,38,285.994,23.4353
56,41,220.083,18.7532
56,43,274.728,23.0918
56,48,332.528,20.4068
56,50,176.773,12.0741
56,58,253.402,8.23038
56,59,372.135,26.0802
56,60,157.166,0
56,61,181.488,7.67642
56,62,107.703,0
56,63,135.777,6.22571
56,66,220.936,8.2918
56,68,283.142,23.0883
56,69,386.307,24.0663
56,74,204.022,0
56,76,148.641,8.35897
56,77,172.177,13.886
56,78,108.337,4.10369
56,79,203.884,16.6222
56,80,234.024,17.3069
56,81,128.425,0
56,85,388.14,20.87
56,87,229.367,18.8743
56,88,390.735,23.4915
56,92,130.698,0
56,93,350.772,29.6048
56,94,269.859,22.7537
56,96,252.921,20.9991
57,7,116.853,8.9798
57,17,223.69,9.3371
57,20,280.997,23.9537
57,26,226.49,10.8651
57,28,354.236,25.9077
57,29,120.878,8.95481
57,34,260.505,19.9773
57,42,140.906,6.99432
57,67,270.416,22.5347
57,72,69.495,5.93226
57,73,276.18,23.6855
57,89,303.547,23.1209
57,95,187.847,10.5965
58,8,233.833,6.08457
58,11,216.633,18.3242
58,22,153.625,13.1111
58,37,103.151,3.32842
58,38,322.904,27.2109
58,47,181.921,7.07623
58,48,364.126,3.8906
58,50,360.504,30.8355
58,51,370.691,20.323
58,56,253.402,8.23038
58,59,240.077,16.3418
58,62,178.021,14.6596
58,66,146.628,3.25383
58,74,52.7524,4.08262
58,76,325.803,26.6002
58,77,369.195,27.5429
58,81,148.247,12.5547
58,85,420.451,5.40786
58,88,291.1,18.1491
58,92,249.332,5.41801
59,3,491.723,0
59,8,329.592,27.0666
59,11,343.18,18.2985
59,16,416.677,0
59,22,181.62,8.63672
59,37,195.724,0
59,43,430.654,5.75405
59,45,392.672,5.56791
59,47,246.787,2.98156
59,48,118.119,0
59,50,331.898,8.44339
59,51,266.123,19.1916
59,53,338.027,23.8127
59,56,372.135,26.0802
59,58,240.077,16.3418
59,62,211.372,15.7818
59,66,143.68,0
59,69,299.252,0
59,71,367.168,27.9782
59,74,271.698,17.3769
59,76,340.659,13.5495
59,77,306.007,0
59,78,413.323,12.1112
59,79,313.131,10.63
59,81,212.043,15.7144
59,85,154.208,0
59,88,54.9181,0
59,94,414.323,23.1281
59,96,370.57,3.7345
60,1,160.562,0
60,2,234.139,14.8411
60,6,233.911,19.8077
60,8,122.147,0
60,10,237.123,20.1253
60,12,129.973,0
60,19,93.9628,0
60,31,19.105,0
60,38,242.359,20.7858
60,39,205.682,0
60,41,341.459,27.5794
60,44,182.858,0
60,56,157.166,0
60,61,32.2025,0
60,62,241.075,0
60,63,68.942,0
60,64,195.76,0
60,75,118.089,0
60,76,307.749,24.5936
60,78,228.69,11.6341
60,80,274.089,23.5039
60,81,249.195,0
60,87,152.111,8.82321
60,92,100.603,0
60,93,211.856,14.3195
60,98,122.801,0
61,1,142.285,0
61,2,202.152,14.2408
61,6,207.242,17.5936
61,8,147.66,3.42803
61,10,238.468,20.1227
61,12,154.557,0
61,19,125.865,0
61,24,350.756,28.2853
61,30,377.461,30.2776
61,31,50.5964,0
61,38,274.599,23.204
61,39,201.955,0
61,41,325.756,24.7677
61,44,175.824,0
61,56,181.488,7.67642
61,60,32.2025,0
61,63,64.3298,4.16612
61,64,176.377,0
61,75,112.401,0
61,76,323.561,27.2312
61,78,231.648,12.8255
61,80,266.033,22.0127
61,87,123.478,8.37063
61,92,130.138,0
61,93,161.748,7.81982
61,98,104.12,0
62,3,335.236,28.425
62,8,119,0
62,10,319.235,24.3159
62,19,266.421,15.3612
62,22,37.5766,0
62,31,239.353,0
62,37,177.713,14.1042
62,38,293.193,23.9251
62,41,337.293,28.8808
62,43,294.037,24.7585
62,47,282.597,24.236
62,48,212.345,12.1611
62,50,122.262,0
62,56,107.703,0
62,58,178.021,14.6596
62,59,211.372,15.7818
62,60,241.075,0
62,63,223.897,0
62,66,112.999,7.21377
62,69,358.49,13.9487
62,74,112.539,0
62,76,153.506,12.6364
62,77,144.41,12.2233
62,78,199.86,16.0316
62,79,206.068,17.2133
62,80,402.617,27.9294
62,81,27.6586,0
62,85,281.538,12.7662
62,88,233.392,16.4031
62,92,170.135,0
62,94,273.696,19.1894
62,96,271.708,23.3036
63,1,188.718,1.4891
63,2,171.699,3.24138
63,6,231.775,19.5879
63,8,116.606,0
63,10,175.892,12.4368
63,12,198.736,0
63,19,153.003,0
63,24,267.677,15.6871
63,30,320.618,21.4655
63,31,86.0233,0
63,38,290.042,23.6494
63,41,270.639,13.7757
63,44,232.595,2.65223
63,50,288.174,24.4213
63,56,135.777,6.22571
63,60,68.942,0
63,61,64.3298,4.16612
63,62,223.897,0
63,64,217.332,0
63,75,171.957,3.275
63,76,271.364,23.2637
63,77,316.342,27.1372
63,78,197.449,16.1256
63,79,314.215,26.0332
63,80,205.229,14.773
63,81,239.117,0
63,87,106.707,9.15382
63,92,134.462,0
63,93,155.027,8.80301
63,97,482.117,8.65295
63,98,154.969,2.93291
64,1,35.4683,0
64,2,181.95,11.0021
64,6,113.729,3.24219
64,12,227.783,0
64,24,202.122,12.721
64,31,203.423,0
64,39,103.484,0
64,44,77.4145,0
64,60,195.76,0
64,61,176.377,0
64,63,217.332,0
64,75,98.3514,0
64,84,291.43,20.3732
64,87,239.894,15.7875
64,93,231.534,19.2183
64,98,73.0068,0
65,4,61.0839,4.37048
65,5,124.18,9.90099
65,9,98.0106,8.38326
65,13,164.129,13.4883
65,14,121.225,6.92238
65,32,57.1402,0
65,36,63.5084,4.51471
65,49,105.127,6.13856
65,52,120.466,9.63405
65,54,234.459,19.3879
65,55,281.883,20.6383
65,83,192.093,11.705
65,84,299.352,22.9672
65,86,181.686,14.7199
65,90,176.415,14.8058
65,91,191.306,8.43329
65,97,304.867,25.1787
65,99,221.578,16.9483
66,8,224.357,7.08888
66,11,298.515,20.3016
66,22,75.4506,6.14529
66,37,77.5246,5.59072
66,47,183.754,9.64831
66,48,218.66,0
66,50,352.083,10.5593
66,51,322.161,20.2362
66,56,220.936,8.2918
66,58,146.628,3.25383
66,59,143.68,0
66,62,112.999,7.21377
66,69,410.585,0
66,74,134.063,11.172
66,76,327.219,19.814
66,77,332.824,0
66,78,312.313,26.6687
66,79,371.076,6.03593
66,81,96.4437,6.18636
66,85,278.352,0
66,88,193.794,0
66,92,261.419,6.61384
66,96,444.148,6.65855
67,7,308.845,22.0781
67,15,252.846,20.8843
67,20,94.3398,0
67,25,292.076,24.3397
67,26,134.396,7.28642
67,28,78.1025,0
67,57,270.416,22.5347
67,70,284.035,24.3479
67,72,212.1,15.1456
67,73,40.1591,1.60027
67,82,308.941,24.0549
67,89,223.556,15.4052
67,95,139.95,8.62699
68,3,122.801,0
68,10,194.663,12.4434
68,15,194.152,3.76923
68,16,413.052,0
68,25,360.272,0
68,26,383.109,22.3494
68,30,104.218,3.80621
68,41,146.111,7.32996
68,43,79.5373,3.43623
68,48,341.515,28.6009
68,50,151.57,5.9099
68,55,168.984,4.44672
68,56,283.142,23.0883
68,69,250.233,19.9701
68,70,206.252,10.4303
68,76,161.238,6.34271
68,77,172.787,7.28636
68,78,187.941,12.2809
68,79,136.95,4.32714
68,80,205.619,16.2748
68,82,86.2704,7.32455
68,85,350.795,27.3347
68,89,401.744,1.51014
68,94,57.9828,3.04449
68,96,117.435,6.80315
69,3,212.603,0
69,10,331.783,27.7822
69,15,351.844,4.98898
69,16,181.604,0
69,22,352.375,14.5917
69,25,231.664,0
69,26,382.739,19.0199
69,30,293.71,22.6833
69,37,481.036,3.39985
69,40,462.017,0
69,41,312.725,24.1296
69,43,169.432,4.37287
69,45,264.038,0
69,48,192.375,0
69,50,191.792,15.36
69,53,406.768,0
69,56,386.307,24.0663
69,59,299.252,0
69,62,358.49,13.9487
69,66,410.585,0
69,68,250.233,19.9701
69,76,215.033,18.1823
69,77,219.317,5.6276
69,78,278.713,23.089
69,79,163.81,11.0007
69,81,381.058,19.5319
69,82,384.608,9.10914
69,85,146.492,0
69,88,247.952,0
69,89,310.368,0
69,94,190.151,11.4577
69,95,432.593,18.8397
69,96,129.692,0
70,3,318.088,26.2706
70,9,249.515,10.3576
70,15,152.958,8.4063
70,20,265.792,22.3229
70,26,239.106,10.4228
70,28,207.212,16.5436
70,30,224.878,0
70,43,346.383,29.3865
70,54,152.794,0
70,55,159.013,0
70,67,284.035,24.3479
70,68,206.252,10.4303
70,73,207.293,10.8843
70,82,119.821,0
70,89,347.684,29.761
70,90,170.836,0
70,94,311.43,26.691
70,95,252.254,0
71,11,387.882,23.6232
71,18,84.7185,5.84044
71,21,317.868,25.7561
71,23,165.191,8.51329
71,33,256.794,21.0785
71,35,200.958,16.4824
71,40,215.506,18.0773
71,45,311.25,25.5907
71,46,198.378,14.1193
71,47,401.347,23.0748
71,51,237.669,2.66755
71,53,134.412,8.74451
71,59,367.168,27.9782
71,85,450.758,16.6193
71,88,360.403,27.472
72,7,135.689,1.21069
72,17,227.238,0
72,20,219.86,18.8566
72,26,165.56,0
72,28,287.02,17.806
72,29,136.821,0
72,42,208.056,15.3142
72,57,69.495,5.93226
72,67,212.1,15.1456
72,73,219.891,18.0418
72,89,254.042,16.0714
72,95,131.21,0
73,3,341.515,28.8398
73,15,213.068,16.247
73,20,118.143,1.87111
73,25,266.264,21.8831
73,26,102.611,0
73,28,46.6476,3.49857
73,57,276.18,23.6855
73,67,40.1591,1.60027
73,70,207.293,10.8843
73,72,219.891,18.0418
73,82,259.691,15.9368
73,89,200.571,12.7867
73,95,111.252,0
74,8,183.003,0
74,11,257.772,20.3574
74,19,326.73,27.4116
74,22,93.1933,0
74,37,140.194,10.7605
74,38,263.058,21.6094
74,47,224.051,16.8039
74,48,286.971,23.9142
74,50,233.788,0
74,51,424.17,26.9536
74,56,204.022,0
74,58,52.7524,4.08262
74,59,271.698,17.3769
74,62,112.539,0
74,66,134.063,11.172
74,76,266.082,15.5535
74,77,290.248,24.3699
74,78,312.272,25.387
74,79,347.561,29.8144
74,81,84.8999,0
74,85,355.595,27.158
74,88,306.134,21.145
74,92,196.563,0
75,1,66.6108,0
75,2,243.767,19.0221
75,6,156.015,5.50053
75,8,239.209,0
75,12,130.668,0
75,19,161.901,0
75,24,295.984,22.8688
75,31,119.038,0
75,38,284.265,19.5148
75,39,89.5545,0
75,44,64.7765,0
75,60,118.089,0
75,61,112.401,0
75,63,171.957,3.275
75,64,98.3514,0
75,87,188.577,1.84728
75,92,202.074,0
75,93,267.013,22.873
75,98,50.01,0
76,3,158.625,5.66393
76,8,197.728,16.7709
76,10,167.045,14.2368
76,15,321.923,27.4419
76,16,386.106,26.7394
76,22,173.082,11.8433
76,25,383.924,29.6043
76,30,146.479,0
76,31,314.477,24.7519
76,37,395.857,27.0445
76,41,145.013,3.08563
76,43,120.416,0
76,48,244.828,12.5403
76,50,21.9317,0
76,56,148.641,8.35897
76,58,325.803,26.6002
76,59,340.659,13.5495
76,60,307.749,24.5936
76,61,323.561,27.2312
76,62,153.506,12.6364
76,63,271.364,23.2637
76,66,327.219,19.814
76,68,161.238,6.34271
76,69,215.033,18.1823
76,74,266.082,15.5535
76,77,36.6742,0
76,78,74.2078,2.55716
76,79,48.3735,0
76,80,198.375,16.2876
76,81,181.116,13.7601
76,82,246.471,14.9428
76,85,276.503,13.9456
76,87,388.332,19.3825
76,88,325.817,13.0065
76,92,266.566,19.7655
76,94,119.403,0
76,96,104.69,0
77,3,170.197,11.7196
77,8,224.038,18.9229
77,10,198.039,16.1387
77,15,340.373,28.848
77,16,396.175,7.635
77,22,212.671,12.9735
77,25,408.45,14.5213
77,30,174.725,0
77,37,409.641,8.37075
77,41,177.683,2.89645
77,43,131.123,7.75771
77,45,488.921,0
77,48,205.387,0
77,50,22.6274,0
77,56,172.177,13.886
77,58,369.195,27.5429
77,59,306.007,0
77,62,144.41,12.2233
77,63,316.342,27.1372
77,66,332.824,0
77,68,172.787,7.28636
77,69,219.317,5.6276
77,74,290.248,24.3699
77,76,36.6742,0
77,78,122.169,9.09151
77,79,48.8908,3.90995
77,80,224.68,15.2823
77,81,186.021,15.9417
77,82,254.417,15.0979
77,85,239.641,0
77,88,286.217,0
77,92,290.041,21.4446
77,94,131.301,5.79718
77,96,109.846,8.08735
78,3,202.785,13.0275
78,8,169.747,14.5497
78,10,131.566,8.68271
78,15,361.022,30.9447
78,19,302.875,22.6053
78,22,229.014,19.6461
78,30,134.881,2.05504
78,31,242.669,13.5789
78,41,125.422,5.52672
78,43,167.492,8.5388
78,48,320.682,13.0851
78,50,88.7229,7.57204
78,55,254.853,2.09636
78,56,108.337,4.10369
78,59,413.323,12.1112
78,60,228.69,11.6341
78,61,231.648,12.8255
78,62,199.86,16.0316
78,63,197.449,16.1256
78,66,312.313,26.6687
78,68,187.941,12.2809
78,69,278.713,23.089
78,74,312.272,25.387
78,76,74.2078,2.55716
78,77,122.169,9.09151
78,79,113.704,9.34694
78,80,187.858,14.4696
78,81,227.311,19.338
78,82,254.532,14.722
78,85,363.539,12.0407
78,87,313.546,17.2513
78,88,399.501,13.1116
78,92,236.468,17.6847
78,93,452.467,11.5417
78,94,160.237,8.09032
78,96,161.95,9.85498
79,3,121.237,5.46674
79,8,255.051,21.2924
79,10,173.303,9.06519
79,15,292.51,24.8656
79,16,336.708,14.3459
79,22,263.22,16.0175
79,25,348.131,16.7279
79,30,158.405,0
79,37,445.137,14.1828
79,41,167.605,2.62956
79,43,81.0432,0
79,45,428.821,13.6777
79,48,198.47,10.5353
79,50,26.6271,0
79,56,203.884,16.6222
79,59,313.131,10.63
79,62,206.068,17.2133
79,63,314.215,26.0332
79,66,371.076,6.03593
79,68,136.95,4.32714
79,69,163.81,11.0007
79,74,347.561,29.8144
79,76,48.3735,0
79,77,48.8908,3.90995
79,78,113.704,9.34694
79,80,216.406,14.1825
79,81,245.291,20.5213
79,82,220.634,13.4074
79,85,213.123,11.3353
79,88,281.367,11.4276
79,89,413.111,20.2347
79,94,87.023,0
79,96,58.8218,0
80,2,334.088,6.43848
80,3,257.523,18.7434
80,6,346.87,20.1546
80,8,283.099,23.5916
80,10,88.8369,0
80,24,394.558,22.0404
80,30,111.723,8.22553
80,31,298.998,25.649
80,41,62.1289,0
80,43,231.818,13.5659
80,50,201.77,14.2666
80,55,227.158,19.4856
80,56,234.024,17.3069
80,60,274.089,23.5039
80,61,266.033,22.0127
80,62,402.617,27.9294
80,63,205.229,14.773
80,68,205.619,16.2748
80,76,198.375,16.2876
80,77,224.68,15.2823
80,78,187.858,14.4696
80,79,216.406,14.1825
80,82,243.008,16.4552
80,87,179.403,6.29153
80,92,317,26.272
80,93,262.989,6.31359
80,94,213.245,13.1077
80,96,242.003,13.8949
80,97,341.095,3.31538
80,98,342.51,29.3543
81,8,127.883,0
81,10,310.961,26.5558
81,19,272.717,18.1811
81,22,30.0832,0
81,31,245.4,0
81,37,159.364,13.3404
81,38,276.492,22.446
81,43,332.526,28.2143
81,47,279.254,22.3097
81,48,210.27,16.6671
81,50,149.656,0
81,56,128.425,0
81,58,148.247,12.5547
81,59,212.043,15.7144
81,60,249.195,0
81,62,27.6586,0
81,63,239.117,0
81,66,96.4437,6.18636
81,69,381.058,19.5319
81,74,84.8999,0
81,76,181.116,13.7601
81,77,186.021,15.9417
81,78,227.311,19.338
81,79,245.291,20.5213
81,85,279.112,19.439
81,88,241.143,16.9863
81,92,169.331,0
81,94,332.263,27.452
81,96,307.87,26.3995
82,3,171.322,8.41529
82,10,239.896,10.8015
82,15,95.3783,8.0856
82,16,436.059,5.38964
82,25,358.034,4.4818
82,26,252.152,20.2789
82,28,267.185,19.9805
82,30,132.322,0
82,41,182.347,5.24276
82,43,186.895,14.6786
82,50,230.139,12.4155
82,55,141.718,0
82,67,308.941,24.0549
82,68,86.2704,7.32455
82,69,384.608,9.10914
82,70,119.821,0
82,73,259.691,15.9368
82,76,246.471,14.9428
82,77,254.417,15.0979
82,78,254.532,14.722
82,79,220.634,13.4074
82,80,243.008,16.4552
82,89,332.954,19.7793
82,94,154.038,12.9556
82,95,297.148,22.551
82,96,233.047,18.863
83,4,149.331,11.4909
83,5,80.0173,4.07931
83,9,286.534,21.8295
83,13,195.738,16.0368
83,14,131.087,9.47031
83,32,191.335,12.2731
83,36,150.244,12.7086
83,49,95.4524,3.42466
83,52,111.418,9.53104
83,65,192.093,11.705
83,84,301.19,25.1803
83,86,121.056,8.55948
83,90,354.027,30.1504
83,91,9.89949,0.589256
83,99,55.3313,3.48239
84,1,326.022,26.0081
84,2,213.084,17.757
84,4,240.73,15.7409
84,5,254.23,20.3477
84,6,277.821,20.6849
84,13,193.635,16.5946
84,14,183.097,15.3922
84,24,98.0545,6.83142
84,49,283.455,22.5356
84,52,219.712,17.3772
84,64,291.43,20.3732
84,65,299.352,22.9672
84,83,301.19,25.1803
84,86,180.142,15.4407
84,87,380.973,27.1661
84,91,294.012,24.6586
84,93,270.563,20.8399
84,97,235.237,13.7635
85,3,349.543,0
85,16,273.13,0
85,22,256.015,11.5593
85,25,356.168,0
85,37,344.287,1.47952
85,40,450.324,0
85,43,293.567,5.71398
85,45,292.438,0
85,47,397.252,3.44789
85,48,69.3109,0
85,50,261.22,6.82929
85,51,348.427,25.0928
85,53,366.617,0
85,56,388.14,20.87
85,58,420.451,5.40786
85,59,154.208,0
85,62,281.538,12.7662
85,66,278.352,0
85,68,350.795,27.3347
85,69,146.492,0
85,71,450.758,16.6193
85,74,355.595,27.158
85,76,276.503,13.9456
85,77,239.641,0
85,78,363.539,12.0407
85,79,213.123,11.3353
85,81,279.112,19.439
85,88,101.607,0
85,89,432.208,0
85,94,312.27,13.2389
85,96,242.737,0.648992
86,4,102.416,0
86,5,82.2216,3.00288
86,9,251.274,19.5341
86,13,129.926,11.1082
86,14,45.1774,0
86,24,265.429,21.5572
86,32,226.423,12.7167
86,36,183.512,8.52223
86,49,125.8,9.12333
86,52,61.7171,0
86,65,181.686,14.7199
86,83,121.056,8.55948
86,84,180.142,15.4407
86,91,115.06,8.40222
86,97,252.863,21.6833
86,99,170.485,10.7298
87,1,212.575,14.1167
87,2,154.373,12.1667
87,6,161.06,13.6824
87,8,264.534,22.6931
87,10,195.676,8.48765
87,19,238.461,7.06386
87,24,288.35,14.4369
87,30,285.393,16.1938
87,31,170.185,8.6761
87,41,241.252,6.62431
87,44,254.61,8.63421
87,50,380.754,28.6955
87,55,356.926,27.789
87,56,229.367,18.8743
87,60,152.111,8.82321
87,61,123.478,8.37063
87,63,106.707,9.15382
87,64,239.894,15.7875
87,75,188.577,1.84728
87,76,388.332,19.3825
87,78,313.546,17.2513
87,80,179.403,6.29153
87,84,380.973,27.1661
87,92,238.408,12.2918
87,93,103.06,7.46157
87,97,350.969,1.00846
87,98,173.963,10.4149
88,3,446.363,0
88,11,369.685,23.1162
88,16,361.889,0
88,22,211.667,9.24802
88,25,452.553,0
88,37,250.639,0
88,40,476.424,0
88,43,386.939,5.9488
88,45,354.09,0
88,47,295.678,3.41151
88,48,82.801,0
88,50,313.445,7.22918
88,51,253.155,21.5847
88,53,346.637,13.266
88,56,390.735,23.4915
88,58,291.1,18.1491
88,59,54.9181,0
88,62,233.392,16.4031
88,66,193.794,0
88,69,247.952,0
88,71,360.403,27.472
88,74,306.134,21.145
88,76,325.817,13.0065
88,77,286.217,0
88,78,399.501,13.1116
88,79,281.367,11.4276
88,81,241.143,16.9863
88,85,101.607,0
88,94,374.912,21.9849
88,96,329.945,2.83281
89,3,302.007,0
89,7,281.077,14.6736
89,15,221.516,14.7677
89,16,170.188,0
89,17,253.115,12.6702
89,20,319.732,27.3632
89,25,78.7147,0
89,26,89.1585,7.40121
89,28,223.603,14.0488
89,29,278.328,14.5301
89,40,379.797,17.5913
89,43,323.682,4.42677
89,45,262.122,0
89,48,493.356,0
89,53,429.689,7.42802
89,57,303.547,23.1209
89,67,223.556,15.4052
89,68,401.744,1.51014
89,69,310.368,0
89,70,347.684,29.761
89,72,254.042,16.0714
89,73,200.571,12.7867
89,79,413.111,20.2347
89,82,332.954,19.7793
89,85,432.208,0
89,94,341.842,8.00207
89,95,122.343,10.4489
89,96,349.794,0
90,4,262.644,18.7612
90,5,343.834,24.5179
90,9,91.7308,7.84024
90,13,200.633,4.75184
90,14,215.613,0
90,32,136.558,10.3827
90,36,204.068,16.9765
90,49,264.129,22.511
90,52,271.765,22.929
90,54,51.0392,0
90,55,175.094,0
90,65,176.415,14.8058
90,70,170.836,0
90,83,354.027,30.1504
90,91,351.028,29.5846
90,97,378.762,26.3988
91,4,129.809,10.8174
91,5,69.8051,1.76394
91,9,289.119,19.5052
91,13,187.051,15.5521
91,14,127.162,10.1755
91,32,206.671,17.1041
91,36,142.157,12.1667
91,49,86.1909,1.82627
91,52,102.676,8.60743
91,65,191.306,8.43329
91,83,9.89949,0.589256
91,84,294.012,24.6586
91,86,115.06,8.40222
91,90,351.028,29.5846
91,97,359.23,30.6248
91,99,68.8288,5.25502
92,8,69.2026,0
92,10,255.657,19.6398
92,12,172.745,13.24
92,19,96.8923,7.2266
92,22,198.862,0
92,31,88.5889,0
92,38,166.47,7.87167
92,50,300.052,23.7106
92,56,130.698,0
92,58,249.332,5.41801
92,60,100.603,0
92,61,130.138,0
92,62,170.135,0
92,63,134.462,0
92,66,261.419,6.61384
92,74,196.563,0
92,75,202.074,0
92,76,266.566,19.7655
92,77,290.041,21.4446
92,78,236.468,17.6847
92,80,317,26.272
92,81,169.331,0
92,87,238.408,12.2918
92,98,219.611,0
93,1,220.401,18.7292
93,2,73.7564,0
93,6,115.378,7.40087
93,8,348.552,29.8759
93,10,315.029,5.19061
93,13,344.892,29.1383
93,24,192.017,3.22808
93,30,368.151,11.0023
93,31,212.358,8.11473
93,41,315.825,7.7371
93,44,288.587,22.2397
93,55,373.413,25.2923
93,56,350.772,29.6048
93,60,211.856,14.3195
93,61,161.748,7.81982
93,63,155.027,8.80301
93,64,231.534,19.2183
93,75,267.013,22.873
93,78,452.467,11.5417
93,80,262.989,6.31359
93,84,270.563,20.8399
93,87,103.06,7.46157
93,97,257.16,8.97758
93,98,217.495,18.1246
94,3,44.1008,3.72206
94,10,192.804,8.90939
94,15,201.498,10.6349
94,16,305.271,11.3143
94,22,344.966,29.5494
94,25,278.65,9.36008
94,26,342.035,25.8399
94,30,128.316,0
94,41,158.811,2.91402
94,43,21.9317,0
94,45,424.025,12.4186
94,48,296.107,20.426
94,50,104.785,0
94,55,220.506,5.2225
94,56,269.859,22.7537
94,59,414.323,23.1281
94,62,273.696,19.1894
94,68,57.9828,3.04449
94,69,190.151,11.4577
94,70,311.43,26.691
94,76,119.403,0
94,77,131.301,5.79718
94,78,160.237,8.09032
94,79,87.023,0
94,80,213.245,13.1077
94,81,332.263,27.452
94,82,154.038,12.9556
94,85,312.27,13.2389
94,88,374.912,21.9849
94,89,341.842,8.00207
94,95,381.869,31.4147
94,96,63.3834,4.80931
95,3,339.021,27.6371
95,7,189.789,0
95,15,204.837,13.3617
95,16,279.696,17.1949
95,17,209.774,0
95,20,234.96,20.1564
95,25,200.885,14.5687
95,26,41.9762,0
95,28,151.466,5.9128
95,29,189.061,0
95,40,330.452,27.6316
95,42,285.352,19.8348
95,43,382.754,29.4676
95,45,261.016,21.9796
95,57,187.847,10.5965
95,67,139.95,8.62699
95,69,432.593,18.8397
95,70,252.254,0
95,72,131.21,0
95,73,111.252,0
95,82,297.148,22.551
95,89,122.343,10.4489
95,94,381.869,31.4147
96,3,95.125,6.9093
96,8,315.238,24.2637
96,10,211.501,9.51707
96,15,286.006,5.5169
96,16,275.536,0
96,22,329.797,23.3001
96,25,273.9,1.80926
96,26,389.05,21.2066
96,30,167.045,0
96,41,188.717,2.44097
96,43,50.6205,3.96707
96,45,382.005,0
96,48,252.654,3.63245
96,50,84.2912,0
96,56,252.921,20.9991
96,59,370.57,3.7345
96,62,271.708,23.3036
96,66,444.148,6.65855
96,68,117.435,6.80315
96,69,129.692,0
96,76,104.69,0
96,77,109.846,8.08735
96,78,161.95,9.85498
96,79,58.8218,0
96,80,242.003,13.8949
96,81,307.87,26.3995
96,82,233.047,18.863
96,85,242.737,0.648992
96,88,329.945,2.83281
96,89,349.794,0
96,94,63.3834,4.80931
97,2,251.219,11.8946
97,4,248.001,21.0666
97,5,286.696,24.2055
97,6,331.538,18.7231
97,9,275.355,23.2655
97,10,415.277,9.04059
97,13,168.045,13.1188
97,14,197.302,16.1136
97,24,220.072,16.1225
97,30,262.638,22.5308
97,32,329.795,28.2616
97,36,370.018,31.4328
97,41,364.401,0
97,49,314.855,27.01
97,52,248.088,21.2219
97,55,215.876,14.8596
97,63,482.117,8.65295
97,65,304.867,25.1787
97,80,341.095,3.31538
97,84,235.237,13.7635
97,86,252.863,21.6833
97,87,350.969,1.00846
97,90,378.762,26.3988
97,91,359.23,30.6248
97,93,257.16,8.97758
98,1,38.2099,0
98,2,190.742,16.0015
98,6,106.054,5.23671
98,8,243.311,0
98,10,326.069,27.1097
98,12,174.428,0
98,19,190.79,0
98,24,248.498,20.9579
98,31,131.183,0
98,39,118.14,0
98,44,87,0
98,60,122.801,0
98,61,104.12,0
98,63,154.969,2.93291
98,64,73.0068,0
98,75,50.01,0
98,80,342.51,29.3543
98,87,173.963,10.4149
98,92,219.611,0
98,93,217.495,18.1246
99,4,185.651,15.926
99,5,152.066,9.32879
99,9,238.884,14.5938
99,13,272.045,23.3214
99,14,197.062,15.682
99,32,186.857,4.31275
99,36,111.221,0
99,49,116.03,9.81979
99,52,187.654,15.2208
99,65,221.578,16.9483
99,83,55.3313,3.48239
99,86,170.485,10.7298
99,91,68.8288,5.25502
