-123.249329000000,44.537523000000
-123.249472620094,44.537994413752
-123.250572149137,44.537596582630
-123.250282588697,44.537505214717
-123.249295147567,44.538454108565
-123.249256450549,44.538040097708
-123.250417361068,44.538020110977
-123.249481960754,44.537979185766
-123.249337847724,44.538098154403
-123.249977015699,44.538997557298
-123.249171050235,44.538473143546
-123.249566026688,44.537510925211
-123.249280469388,44.537689854041
-123.249708805338,44.537678433052
-123.249722149137,44.537587065139
-123.249179056515,44.537527104946
-123.249353860283,44.537784077201
-123.249791536892,44.538399858866
-123.250474739403,44.538670155609
-123.250598836735,44.538360837153
-123.249380547881,44.538693949337
-123.250538789639,44.538788172497
-123.249112337520,44.537959199035
-123.250330626374,44.538061036188
-123.250704252747,44.538734874548
-123.250009040816,44.538068650181
-123.250063750392,44.538892864897
-123.249143028257,44.537840230398
-123.250652211931,44.538330381182
-123.249363200942,44.537746958987
-123.249345854003,44.537844989144
-123.249898287284,44.538111478890
-123.249800877551,44.537944922799
-123.249460610675,44.538159066345
-123.250596167975,44.538997557298
-123.249323169545,44.538173342581
-123.250748287284,44.537923032569
-123.250680233909,44.537829761158
-123.250788318681,44.538730115802
-123.250772306122,44.537510925211
-123.250525445840,44.538520731001
-123.250501427002,44.537658446321
-123.249562023548,44.537738393245
-123.250768302983,44.538998509047
-123.249331175824,44.537598486128
-123.249722149137,44.537557560917
-123.249508648352,44.538599726176
-123.249910296703,44.538791979493
-123.250070422292,44.538760571773
-123.250490751962,44.538732019300
-123.250263907378,44.538473143546
-123.249778193093,44.538873829916
-123.250508098901,44.537860217129
-123.249934315542,44.537850699638
-123.250676230769,44.538164776840
-123.250294598116,44.538049615199
-123.250694912088,44.538089588661
-123.249225759812,44.538092443908
-123.249647423862,44.538357030157
-123.249603389325,44.538038194210
-123.249188397174,44.538839566948
-123.250189182104,44.537540429433
-123.249707470958,44.537844989144
-123.250540124019,44.538547379976
-123.250302604396,44.537716503016
-123.249579370487,44.537788835947
-123.250050406593,44.537608955368
-123.250640202512,44.538158114596
-123.250793656201,44.538936645356
-123.249360532182,44.537630845597
-123.250488083203,44.538518827503
-123.250177172684,44.537781221954
-123.249586042386,44.538537862485
-123.250645540031,44.538008689988
-123.250230547881,44.537967764777
-123.250746952904,44.537852603136
-123.250335963893,44.538222833534
-123.250721599686,44.538809110977
-123.250167832025,44.538305635706
-123.250654880691,44.537676529554
-123.249798208791,44.537490938480
-123.250171835165,44.538791979493
-123.250569480377,44.537699371532
-123.249468616954,44.538727260555
-123.250665555730,44.537960150784
-123.250265241758,44.538740585042
-123.249319166405,44.538619712907
-123.249842243328,44.538659686369
-123.250678899529,44.538975667069
-123.250745618524,44.537476662244
-123.249870265306,44.538287552473
-123.249460610675,44.537743151990
-123.249934315542,44.537872589867
-123.249456607535,44.538150500603
-123.250577486656,44.538341802171
-123.249779527473,44.538779606755
-123.249551348509,44.538441735826
-123.249287141287,44.538081974668
-123.249969009419,44.538515020507
-123.250617518053,44.537779318456
-123.250191850863,44.538170487334
-123.249293813187,44.538526441496
-123.250386670330,44.538613050663
-123.249323169545,44.537941115802
-123.250529448980,44.537848796140
-123.249408569859,44.538524537998
-123.250766968603,44.537897335344
-123.249884943485,44.538787220748
-123.249884943485,44.538831952955
-123.249936984301,44.538527393245
-123.250358648352,44.538905237636
-123.249973012559,44.538576884198
-123.250501427002,44.538303732207
-123.249237769231,44.537481420989
-123.250693577708,44.538470288299
-123.250309276295,44.538296118215
-123.249799543171,44.538930934861
-123.249602054945,44.539002316043
-123.249644755102,44.538002027744
-123.250457392465,44.537547091677
-123.249899621664,44.538941404101
-123.249780861852,44.537557560917
-123.249496638932,44.537911611580
-123.250502761381,44.537609907117
-123.249842243328,44.538853843185
-123.250678899529,44.537910659831
-123.249361866562,44.538447446321
-123.249317832025,44.537521394451
-123.249119009419,44.538148597105
-123.249539339089,44.538572125452
-123.249243106750,44.538422700844
-123.249903624804,44.538831952955
-123.250357313972,44.537683191797
-123.250134472527,44.538890009650
-123.249409904239,44.538200943305
-123.249383216640,44.538116237636
-123.249592714286,44.538650168878
-123.249183059655,44.537974427021
-123.249664770801,44.537589920386
-123.249377879121,44.538308490953
-123.249331175824,44.538871926417
-123.250685571429,44.538196184560
-123.249915634223,44.538278034982
-123.249389888540,44.538063891435
-123.249464613815,44.538309442702
-123.249752839874,44.538617809409
-123.249683452119,44.538066746683
-123.250355979592,44.538078167672
-123.249997031397,44.538707273824
-123.249249778650,44.538015352232
-123.250289260597,44.537968716526
-123.249622070644,44.538614002413
-123.250331960754,44.537945874548
-123.249876937206,44.537614665862
-123.249323169545,44.537744103739
-123.250482745683,44.537551850422
-123.250145147567,44.538722501809
-123.249880940345,44.537928743064
-123.250305273155,44.538614002413
-123.250001034537,44.538429363088
-123.250807000000,44.538769137515
-123.249239103611,44.537648928830
-123.250243891680,44.538489323281
-123.249738161695,44.537588016888
-123.249220422292,44.538267565742
-123.250552133438,44.538099106152
-123.250155822606,44.537876396864
-123.250298601256,44.538867167672
-123.249740830455,44.538303732207
-123.249691458399,44.538508358263
-123.250191850863,44.537976330519
-123.250323954474,44.538234254524
-123.250404017268,44.538956632087
-123.249676780220,44.537692709288
-123.250310610675,44.537726972256
-123.249612729984,44.538488371532
-123.250263907378,44.538739633293
-123.250741615385,44.537765993969
-123.249281803768,44.537875445115
-123.249954331240,44.537850699638
-123.250301270016,44.538676817853
-123.250618852433,44.538959487334
-123.249742164835,44.537666060314
-123.250150485086,44.537946826297
-123.250226544741,44.538301828709
-123.249452604396,44.537588016888
-123.249221756672,44.538085781665
-123.250034394035,44.538548331725
-123.249188397174,44.538566414958
-123.249468616954,44.538607340169
-123.250222541601,44.538943307600
-123.249823562009,44.538801496984
-123.250468067504,44.537666060314
-123.250199857143,44.537767897467
-123.250250563579,44.538061987937
-123.249231097331,44.538832904704
-123.249722149137,44.538149548854
-123.250215869702,44.538862408926
-123.249973012559,44.538034387214
-123.249854252747,44.537924936068
-123.249413907378,44.538835759952
-123.249752839874,44.538185715320
-123.250062416013,44.537916370326
-123.250794990581,44.538967101327
-123.250333295133,44.538986136309
-123.249656764521,44.537778366707
-123.250250563579,44.538663493366
-123.250247894819,44.538467433052
-123.249251113030,44.537709840772
-123.249746167975,44.539020399276
-123.249735492936,44.538434121834
-123.249188397174,44.538081022919
-123.249732824176,44.538061036188
-123.249828899529,44.537970620024
-123.250676230769,44.538755813028
-123.250740281005,44.538002979493
-123.249967675039,44.537989655006
-123.249631411303,44.537937308806
-123.249487298273,44.538933790109
-123.250114456829,44.537960150784
-123.249895618524,44.539041337756
-123.249580704867,44.537695564536
-123.250085100471,44.538459819059
-123.250069087912,44.538467433052
-123.249409904239,44.537970620024
-123.249671442700,44.538520731001
-123.249626073783,44.538325622437
-123.249437926217,44.537990606755
-123.249168381476,44.538548331725
-123.249826230769,44.538054373945
-123.249784864992,44.538436977081
-123.249140359498,44.538889057901
-123.250265241758,44.538825290712
-123.250544127159,44.538473143546
-123.250033059655,44.537723165259
-123.250477408163,44.538094347407
-123.249636748823,44.537744103739
-123.249279135008,44.538902382388
-123.250649543171,44.538094347407
-123.249962337520,44.538953776840
-123.249998365777,44.537843085645
-123.250039731554,44.537471903498
-123.249327172684,44.538070553679
-123.249815555730,44.537558512666
-123.249507313972,44.538004882992
-123.249173718995,44.537916370326
-123.249413907378,44.538249482509
-123.249878271586,44.538439832328
-123.249620736264,44.537625135103
-123.250335963893,44.538828145959
-123.250359982732,44.538349416164
-123.250416026688,44.538692997587
-123.249934315542,44.538853843185
-123.250550799058,44.537869734620
-123.249878271586,44.538959487334
-123.249848915228,44.539024206273
-123.249353860283,44.538860505428
-123.250333295133,44.537973475271
-123.250199857143,44.538539765983
-123.249710139717,44.537543284680
-123.250697580848,44.538733922799
-123.249832902669,44.537548995175
-123.249804880691,44.537836423402
-123.250622855573,44.537483324487
-123.249411238619,44.537904949337
-123.249840908948,44.538968053076
-123.249207078493,44.538805303981
-123.250528114600,44.538489323281
-123.250785649921,44.537672722557
-123.250560139717,44.538031531966
-123.249171050235,44.537745055489
-123.249746167975,44.538437928830
-123.249431254317,44.537546139928
-123.249739496075,44.538537862485
-123.249435257457,44.537954440290
-123.250173169545,44.538771041013
-123.249239103611,44.538120996381
-123.249376544741,44.537665108565
-123.250693577708,44.538890009650
-123.249231097331,44.538000124246
-123.250165163265,44.538609243667
-123.250637533752,44.537612762364
-123.250234551020,44.538623519903
-123.249348522763,44.537488083233
-123.249823562009,44.538033435464
-123.249191065934,44.537931598311
-123.249451270016,44.538146693607
-123.250053075353,44.538394148372
-123.249922306122,44.537783125452
-123.249420579278,44.538928079614
-123.250075759812,44.538016303981
-123.250394676609,44.538566414958
-123.250433373626,44.539022302774
-123.249191065934,44.538675866104
-123.250677565149,44.537961102533
-123.250365320251,44.538132417370
-123.250099778650,44.537637507841
-123.249421913658,44.538546428227
-123.249746167975,44.538428411339
-123.250489417582,44.538568318456
-123.249513985871,44.538704418577
-123.249397894819,44.538251386007
-123.249523326531,44.538439832328
-123.250454723705,44.538684431846
-123.250078428571,44.537571837153
-123.249635414443,44.537531863691
-123.250302604396,44.538736778046
-123.250301270016,44.538305635706
-123.250636199372,44.538910948130
-123.249368538462,44.537518539204
-123.250449386185,44.538219026538
-123.249663436421,44.539013737033
-123.249943656201,44.538546428227
-123.250018381476,44.538697756333
-123.250390673469,44.537588968637
-123.250093106750,44.538439832328
-123.249393891680,44.537758379976
-123.249703467818,44.537706985525
-123.249848915228,44.538908092883
-123.249196403454,44.539002316043
-123.249239103611,44.539007074789
-123.249143028257,44.538647313631
-123.249768852433,44.538204750302
-123.249412572998,44.537919225573
-123.249771521193,44.538496937274
-123.249297816327,44.538989943305
-123.249349857143,44.537669867310
-123.249975681319,44.537574692400
-123.250581489796,44.537979185766
-123.249816890110,44.538194281062
-123.249707470958,44.537531863691
-123.250010375196,44.538002027744
-123.250235885400,44.538895720145
-123.250552133438,44.538638747889
-123.250778978022,44.538111478890
-123.249145697017,44.537707937274
-123.249485963893,44.538168583836
-123.250394676609,44.538855746683
-123.250266576138,44.538879540410
-123.250565477237,44.537922080820
-123.249493970173,44.538792931242
-123.249464613815,44.537516635706
-123.249730155416,44.538909044632
-123.250669558870,44.538250434258
-123.250338632653,44.537944922799
-123.250489417582,44.538597822678
-123.249529998430,44.537640363088
-123.249981018838,44.537916370326
-123.249420579278,44.538318960193
-123.250684237049,44.537765042220
-123.249488632653,44.537619424608
-123.249423248038,44.537542332931
-123.250653546311,44.538977570567
-123.249135021978,44.538172390832
-123.250530783359,44.538743440290
-123.250163828885,44.537648928830
-123.250470736264,44.537568981906
-123.249700799058,44.538561656212
-123.249902290424,44.538416038601
-123.249646089482,44.538938548854
-123.249991693878,44.537818340169
-123.249420579278,44.538417942099
-123.249770186813,44.537559464415
-123.250121128728,44.538006786490
-123.249141693878,44.537890673100
-123.250297266876,44.537881155609
-123.249770186813,44.538394148372
-123.250210532182,44.537879252111
-123.250444048666,44.537961102533
-123.250477408163,44.538213316043
-123.249952996860,44.538285648975
-123.250133138148,44.538235206273
-123.249404566719,44.537608955368
-123.249686120879,44.538912851628
-123.249339182104,44.537601341375
-123.250453389325,44.538966149578
-123.250374660911,44.537803112183
-123.249614064364,44.539037530760
-123.250254566719,44.537711744270
-123.250242557300,44.537822147165
-123.249675445840,44.538388437877
-123.250632196232,44.537693661037
-123.249465948195,44.538275179735
-123.250702918367,44.538146693607
-123.249323169545,44.538203798552
-123.250019715856,44.538513117008
-123.249328507064,44.538233302774
-123.250534786499,44.538356078408
-123.249120343799,44.538547379976
-123.250717596546,44.538447446321
-123.250460061224,44.537535670688
-123.250322620094,44.538718694813
-123.250250563579,44.538791979493
-123.250114456829,44.538290407720
-123.250577486656,44.538225688782
-123.250807000000,44.538117189385
-123.249958334380,44.538965197829
-123.250604174254,44.538967101327
-123.249788868132,44.537963006031
-123.250169166405,44.537470951749
-123.249994362637,44.537907804584
-123.249295147567,44.537659398070
-123.249547345369,44.537734586248
-123.250662886970,44.538123851628
-123.249184394035,44.538286600724
-123.249731489796,44.538571173703
-123.249983687598,44.538988039807
-123.249612729984,44.538751054282
-123.249197737834,44.538470288299
-123.249944990581,44.537707937274
-123.249145697017,44.538725357057
-123.249233766091,44.538881443908
-123.249696795918,44.538784365501
-123.249435257457,44.538924272618
-123.250279919937,44.538387486128
-123.249503310832,44.538926176116
-123.250626858713,44.537950633293
-123.250504095761,44.538576884198
-123.249460610675,44.537604196622
-123.249675445840,44.537539477684
-123.249908962323,44.537706033776
-123.249123012559,44.538863360676
-123.250367989011,44.538402714113
-123.249260453689,44.538467433052
-123.249223091052,44.538649217129
-123.250246560440,44.537563271411
-123.249163043956,44.537571837153
-123.250078428571,44.537480469240
-123.250225210361,44.538286600724
-123.249249778650,44.537537574186
-123.249951662480,44.538372258142
-123.249986356358,44.537970620024
-123.250085100471,44.538621616405
-123.249887612245,44.538589256936
-123.250790987441,44.538250434258
-123.250724268446,44.537687950543
-123.249875602826,44.537810726176
-123.249726152276,44.538221881785
-123.249416576138,44.537588968637
-123.250713593407,44.538658734620
-123.249171050235,44.539006123040
-123.249542007849,44.537606100121
-123.249646089482,44.538237109771
-123.249798208791,44.537936357057
-123.249969009419,44.538641603136
-123.249582039246,44.538769137515
-123.250335963893,44.537509021713
-123.249634080063,44.538908092883
-123.249192400314,44.538858601930
-123.249172384615,44.538935693607
-123.250061081633,44.537619424608
-123.249818224490,44.538068650181
-123.250282000000,44.538916000000
