0
1
2
6
7
10
11
12
15
16
17
21
22
23
24
26
28
29
31
32
34
36
37
38
39
41
42
45
46
48
49
56
57
59
61
63
66
67
68
69
70
71
72
73
74
75
77
80
82
85
86
87
89
90
96
97
98
101
102
103
106
107
108
109
111
112
113
114
115
120
121
122
124
126
129
131
132
133
135
136
137
138
142
144
145
147
148
149
152
156
158
160
162
163
164
165
166
169
171
173
174
176
177
178
179
180
185
186
189
191
194
196
197
198
200
201
202
203
205
207
210
213
214
217
218
219
222
223
224
225
228
229
231
232
236
237
239
241
242
243
245
